2019-06-14 22:48:40,8.76 G,53.68 G,11.04 K,513.14 K
2019-06-14 22:48:42,8.76 G,53.68 G,6.41 K,47.89 K
2019-06-14 22:48:44,8.76 G,53.68 G,10.73 K,98.02 K
2019-06-14 22:48:48,8.76 G,53.68 G,16.01 K,791.27 K
2019-06-14 22:48:50,8.76 G,53.68 G,20.92 K,1005.10 K
2019-06-14 22:48:52,8.76 G,53.68 G,17.17 K,891.90 K
2019-06-14 22:48:54,8.76 G,53.68 G,16.32 K,660.62 K
2019-06-14 22:48:56,8.76 G,53.68 G,2.15 K,3.46 K
2019-06-14 22:48:58,8.76 G,53.68 G,4.30 K,4.25 K
2019-06-14 22:49:00,8.76 G,53.68 G,2.15 K,15.04 K
2019-06-14 22:49:02,8.76 G,53.68 G,2.15 K,2.29 K
2019-06-14 22:49:04,8.76 G,53.68 G,2.15 K,3.12 K
2019-06-14 22:49:06,8.76 G,53.68 G,2.15 K,2.49 K
2019-06-14 22:49:08,8.76 G,53.68 G,2.15 K,2.55 K
2019-06-14 22:49:10,8.76 G,53.68 G,2.60 K,4.15 K
2019-06-14 22:49:14,8.76 G,53.68 G,79.40 K,638.65 K
2019-06-14 22:49:16,8.76 G,53.68 G,13.46 K,343.93 K
2019-06-14 22:49:18,8.76 G,53.69 G,14.69 K,579.71 K
2019-06-14 22:49:20,8.76 G,53.69 G,4.32 K,53.67 K
2019-06-14 22:49:22,8.76 G,53.69 G,42.00 B,768.00 B
2019-06-14 22:49:25,8.76 G,53.69 G,3.97 K,117.61 K
2019-06-14 22:49:28,8.76 G,53.69 G,0.00 B,276.00 B
2019-06-14 22:49:32,8.76 G,53.69 G,11.59 K,581.32 K
2019-06-14 22:49:35,8.76 G,53.69 G,4.14 K,68.16 K
2019-06-14 22:49:37,8.76 G,53.69 G,1.22 K,44.60 K
2019-06-14 22:49:39,8.76 G,53.69 G,14.43 K,578.77 K
2019-06-14 22:49:41,8.76 G,53.69 G,15.30 K,307.94 K
2019-06-14 22:49:43,8.76 G,53.69 G,14.49 K,579.87 K
2019-06-14 22:49:45,8.76 G,53.69 G,11.89 K,342.19 K
2019-06-14 22:49:47,8.76 G,53.69 G,4.25 K,29.24 K
2019-06-14 22:49:49,8.76 G,53.69 G,8.44 K,36.23 K
2019-06-14 22:49:51,8.76 G,53.69 G,4.45 K,26.61 K
2019-06-14 22:49:53,8.76 G,53.69 G,990.00 B,13.15 K
2019-06-14 22:49:55,8.76 G,53.69 G,15.09 K,578.63 K
2019-06-14 22:49:57,8.76 G,53.69 G,21.13 K,355.20 K
2019-06-14 22:49:59,8.76 G,53.69 G,15.72 K,579.86 K
2019-06-14 22:50:01,8.76 G,53.69 G,9.79 K,365.92 K
2019-06-14 22:50:03,8.76 G,53.69 G,129.71 K,680.77 K
2019-06-14 22:50:05,8.76 G,53.70 G,15.53 K,580.80 K
2019-06-14 22:50:07,8.76 G,53.70 G,14.88 K,578.86 K
2019-06-14 22:50:09,8.76 G,53.70 G,7.61 K,192.06 K
2019-06-14 22:50:11,8.76 G,53.70 G,0.00 B,600.00 B
2019-06-14 22:50:14,8.76 G,53.70 G,2.96 K,123.56 K
2019-06-14 22:50:16,8.76 G,53.70 G,9.89 K,525.93 K
2019-06-14 22:50:18,8.76 G,53.70 G,16.50 K,868.27 K
2019-06-14 22:50:20,8.76 G,53.70 G,9.82 K,532.80 K
2019-06-14 22:50:22,8.76 G,53.70 G,14.12 K,642.26 K
2019-06-14 22:50:24,8.76 G,53.70 G,12.40 K,607.20 K
2019-06-14 22:50:26,8.76 G,53.70 G,10.38 K,529.57 K
2019-06-14 22:50:28,8.76 G,53.71 G,16.02 K,1000.52 K
2019-06-14 22:50:30,8.76 G,53.71 G,9.72 K,526.24 K
2019-06-14 22:50:32,8.76 G,53.71 G,17.01 K,1022.61 K
2019-06-14 22:50:34,8.76 G,53.71 G,9.79 K,528.15 K
2019-06-14 22:50:36,8.76 G,53.71 G,11.46 K,560.43 K
2019-06-14 22:50:38,8.76 G,53.71 G,11.86 K,526.39 K
2019-06-14 22:50:40,8.76 G,53.71 G,16.38 K,1.01 M
2019-06-14 22:50:42,8.76 G,53.71 G,9.81 K,533.91 K
2019-06-14 22:50:44,8.76 G,53.72 G,14.82 K,802.22 K
2019-06-14 22:50:46,8.76 G,53.72 G,15.54 K,893.19 K
2019-06-14 22:50:48,8.76 G,53.72 G,9.74 K,524.55 K
2019-06-14 22:50:50,8.76 G,53.72 G,15.65 K,833.26 K
2019-06-14 22:50:52,8.76 G,53.72 G,10.55 K,530.71 K
2019-06-14 22:50:54,8.77 G,53.72 G,15.72 K,942.47 K
2019-06-14 22:50:56,8.77 G,53.72 G,10.17 K,532.14 K
2019-06-14 22:50:58,8.77 G,53.73 G,16.28 K,868.35 K
2019-06-14 22:51:00,8.77 G,53.73 G,11.92 K,624.40 K
2019-06-14 22:51:02,8.77 G,53.73 G,9.44 K,528.46 K
2019-06-14 22:51:04,8.77 G,53.73 G,19.09 K,1.03 M
2019-06-14 22:51:06,8.77 G,53.73 G,10.48 K,524.70 K
2019-06-14 22:51:08,8.77 G,53.73 G,10.76 K,528.87 K
2019-06-14 22:51:10,8.77 G,53.73 G,16.32 K,947.22 K
2019-06-14 22:51:12,8.77 G,53.73 G,9.93 K,521.70 K
2019-06-14 22:51:14,8.77 G,53.74 G,16.23 K,958.67 K
2019-06-14 22:51:16,8.77 G,53.74 G,9.79 K,527.02 K
2019-06-14 22:51:18,8.77 G,53.74 G,15.13 K,841.97 K
2019-06-14 22:51:20,8.77 G,53.74 G,9.46 K,522.43 K
2019-06-14 22:51:22,8.77 G,53.74 G,13.13 K,631.32 K
2019-06-14 22:51:24,8.77 G,53.74 G,13.98 K,759.62 K
2019-06-14 22:51:26,8.77 G,53.74 G,10.04 K,532.59 K
2019-06-14 22:51:29,8.77 G,53.75 G,16.12 K,1.00 M
2019-06-14 22:51:31,8.77 G,53.75 G,11.30 K,532.08 K
2019-06-14 22:51:33,8.77 G,53.75 G,13.99 K,636.35 K
2019-06-14 22:51:35,8.77 G,53.75 G,17.36 K,1.01 M
2019-06-14 22:51:37,8.77 G,53.75 G,9.97 K,531.17 K
2019-06-14 22:51:39,8.77 G,53.75 G,11.84 K,531.19 K
2019-06-14 22:51:41,8.77 G,53.75 G,14.57 K,780.39 K
2019-06-14 22:51:43,8.77 G,53.75 G,9.52 K,522.44 K
2019-06-14 22:51:45,8.77 G,53.76 G,16.90 K,1022.98 K
2019-06-14 22:51:47,8.77 G,53.76 G,9.68 K,527.35 K
2019-06-14 22:51:49,8.77 G,53.76 G,13.44 K,667.76 K
2019-06-14 22:51:51,8.77 G,53.76 G,14.07 K,763.28 K
2019-06-14 22:51:53,8.77 G,53.76 G,10.21 K,531.44 K
2019-06-14 22:51:55,8.77 G,53.76 G,16.10 K,977.80 K
2019-06-14 22:51:57,8.77 G,53.76 G,9.63 K,519.53 K
2019-06-14 22:51:59,8.77 G,53.76 G,13.55 K,681.11 K
2019-06-14 22:52:01,8.77 G,53.77 G,12.24 K,663.10 K
2019-06-14 22:52:03,8.77 G,53.77 G,9.16 K,524.02 K
2019-06-14 22:52:05,8.77 G,53.77 G,16.03 K,926.24 K
2019-06-14 22:52:09,8.77 G,53.77 G,20.96 K,1.25 M
2019-06-14 22:52:11,8.77 G,53.77 G,24.47 K,1.24 M
2019-06-14 22:52:13,8.77 G,53.78 G,24.48 K,1.40 M
2019-06-14 22:52:15,8.77 G,53.78 G,25.37 K,1.39 M
2019-06-14 22:52:17,8.77 G,53.78 G,5.64 K,185.14 K
2019-06-14 22:52:20,8.77 G,53.78 G,8.58 K,249.65 K
2019-06-14 22:52:22,8.77 G,53.78 G,462.00 B,2.01 K
2019-06-14 22:52:25,8.77 G,53.78 G,13.95 K,818.13 K
2019-06-14 22:52:28,8.77 G,53.78 G,13.07 K,828.91 K
2019-06-14 22:52:30,8.77 G,53.78 G,19.54 K,1.11 M
2019-06-14 22:52:34,8.77 G,53.79 G,0.00 B,984.00 B
2019-06-14 22:52:36,8.77 G,53.79 G,4.58 K,222.87 K
2019-06-14 22:52:39,8.77 G,53.79 G,3.47 K,83.65 K
2019-06-14 22:52:41,8.77 G,53.79 G,6.05 K,84.53 K
2019-06-14 22:52:45,8.77 G,53.79 G,10.27 K,365.04 K
2019-06-14 22:52:47,8.77 G,53.79 G,8.66 K,268.05 K
2019-06-14 22:52:49,8.77 G,53.79 G,8.78 K,295.58 K
2019-06-14 22:52:51,8.77 G,53.79 G,8.92 K,281.65 K
2019-06-14 22:52:53,8.77 G,53.79 G,8.70 K,295.23 K
2019-06-14 22:52:55,8.77 G,53.79 G,8.53 K,308.79 K
2019-06-14 22:52:57,8.77 G,53.79 G,8.92 K,295.69 K
2019-06-14 22:52:59,8.77 G,53.79 G,10.55 K,425.53 K
2019-06-14 22:53:01,8.77 G,53.79 G,9.05 K,282.30 K
2019-06-14 22:53:03,8.77 G,53.79 G,8.21 K,267.78 K
2019-06-14 22:53:05,8.77 G,53.79 G,8.20 K,268.39 K
2019-06-14 22:53:07,8.77 G,53.79 G,8.66 K,267.60 K
2019-06-14 22:53:13,8.77 G,53.79 G,142.62 K,489.70 K
2019-06-14 22:53:15,8.77 G,53.80 G,372.85 K,839.05 K
2019-06-14 22:53:17,8.77 G,53.80 G,407.65 K,917.28 K
2019-06-14 22:53:19,8.77 G,53.80 G,388.38 K,869.77 K
2019-06-14 22:53:21,8.77 G,53.80 G,408.56 K,914.27 K
2019-06-14 22:53:24,8.77 G,53.80 G,15.80 K,598.65 K
2019-06-14 22:53:26,8.77 G,53.80 G,13.77 K,587.27 K
2019-06-14 22:53:28,8.77 G,53.80 G,16.84 K,491.01 K
2019-06-14 22:53:30,8.77 G,53.80 G,9.32 K,310.90 K
2019-06-14 22:53:32,8.77 G,53.80 G,6.78 K,211.53 K
2019-06-14 22:53:34,8.77 G,53.80 G,5.23 K,183.72 K
2019-06-14 22:53:40,8.77 G,53.80 G,9.08 K,265.82 K
2019-06-14 22:53:43,8.77 G,53.80 G,3.83 K,64.49 K
2019-06-14 22:53:45,8.77 G,53.81 G,1.68 K,47.48 K
2019-06-14 22:53:48,8.77 G,53.81 G,12.29 K,624.00 K
2019-06-14 22:53:52,8.77 G,53.81 G,20.75 K,980.91 K
2019-06-14 22:53:55,8.77 G,53.81 G,8.54 K,229.33 K
2019-06-14 22:53:58,8.77 G,53.81 G,5.65 K,48.44 K
2019-06-14 22:54:01,8.77 G,53.81 G,0.00 B,984.00 B
2019-06-14 22:54:03,8.77 G,53.81 G,3.52 K,51.00 K
2019-06-14 22:54:06,8.77 G,53.81 G,462.00 B,2.91 K
2019-06-14 22:54:09,8.77 G,53.81 G,8.33 K,146.47 K
2019-06-14 22:54:12,8.77 G,53.81 G,10.88 K,346.89 K
2019-06-14 22:54:16,8.77 G,53.81 G,4.25 K,19.15 K
2019-06-14 22:54:21,8.77 G,53.81 G,6.74 K,315.26 K
2019-06-14 22:54:23,8.77 G,53.81 G,14.29 K,629.77 K
2019-06-14 22:54:25,8.77 G,53.81 G,7.51 K,315.83 K
2019-06-14 22:54:27,8.77 G,53.81 G,11.50 K,403.81 K
2019-06-14 22:54:29,8.77 G,53.81 G,14.16 K,551.58 K
2019-06-14 22:54:31,8.77 G,53.81 G,7.71 K,315.85 K
2019-06-14 22:54:33,8.77 G,53.81 G,15.17 K,624.14 K
2019-06-14 22:54:35,8.77 G,53.81 G,8.62 K,315.79 K
2019-06-14 22:54:39,8.77 G,53.82 G,9.61 K,386.79 K
2019-06-14 22:54:42,8.77 G,53.82 G,11.56 K,529.63 K
2019-06-14 22:54:44,8.77 G,53.82 G,16.60 K,1.02 M
2019-06-14 22:54:46,8.77 G,53.82 G,9.76 K,522.32 K
2019-06-14 22:54:48,8.77 G,53.82 G,11.92 K,634.21 K
2019-06-14 22:54:50,8.77 G,53.82 G,9.85 K,522.46 K
2019-06-14 22:54:52,8.77 G,53.82 G,20.82 K,1.03 M
2019-06-14 22:54:54,8.77 G,53.82 G,10.22 K,535.54 K
2019-06-14 22:54:56,8.77 G,53.83 G,15.35 K,957.60 K
2019-06-14 22:54:58,8.77 G,53.83 G,9.80 K,524.52 K
2019-06-14 22:55:00,8.77 G,53.83 G,13.16 K,652.68 K
2019-06-14 22:55:02,8.77 G,53.83 G,17.60 K,1.00 M
2019-06-14 22:55:04,8.77 G,53.83 G,10.24 K,528.30 K
2019-06-14 22:55:06,8.77 G,53.83 G,9.56 K,525.94 K
2019-06-14 22:55:08,8.77 G,53.83 G,17.89 K,1008.39 K
2019-06-14 22:55:10,8.77 G,53.83 G,12.03 K,640.31 K
2019-06-14 22:55:12,8.77 G,53.84 G,9.78 K,523.99 K
2019-06-14 22:55:14,8.77 G,53.84 G,18.13 K,979.52 K
2019-06-14 22:55:16,8.77 G,53.84 G,10.29 K,532.58 K
2019-06-14 22:55:18,8.77 G,53.84 G,3.73 K,58.88 K
2019-06-14 22:55:21,8.77 G,53.84 G,2.55 K,3.44 K
2019-06-14 22:55:23,8.77 G,53.84 G,5.11 K,5.35 K
2019-06-14 22:55:25,8.77 G,53.84 G,2.56 K,2.84 K
2019-06-14 22:55:27,8.77 G,53.84 G,2.56 K,3.40 K
2019-06-14 22:55:29,8.77 G,53.84 G,2.55 K,3.78 K
2019-06-14 22:55:31,8.77 G,53.84 G,2.61 K,3.11 K
2019-06-14 22:55:33,8.77 G,53.84 G,5.12 K,4.73 K
2019-06-14 22:55:35,8.77 G,53.84 G,2.57 K,2.96 K
2019-06-14 22:55:37,8.77 G,53.84 G,2.56 K,2.79 K
2019-06-14 22:55:39,8.77 G,53.84 G,2.56 K,3.27 K
2019-06-14 22:55:41,8.77 G,53.84 G,2.56 K,2.30 K
2019-06-14 22:55:43,8.77 G,53.84 G,5.12 K,4.88 K
2019-06-14 22:55:45,8.77 G,53.84 G,2.57 K,9.51 K
2019-06-14 22:55:47,8.77 G,53.84 G,5.12 K,11.21 K
2019-06-14 22:55:49,8.77 G,53.84 G,2.57 K,2.79 K
2019-06-14 22:55:51,8.77 G,53.84 G,2.56 K,2.51 K
2019-06-14 22:55:53,8.77 G,53.84 G,5.12 K,5.03 K
2019-06-14 22:55:55,8.77 G,53.84 G,2.57 K,3.00 K
2019-06-14 22:55:57,8.77 G,53.84 G,5.13 K,5.26 K
2019-06-14 22:55:59,8.77 G,53.84 G,2.57 K,3.24 K
2019-06-14 22:56:01,8.77 G,53.84 G,2.59 K,3.55 K
2019-06-14 22:56:03,8.77 G,53.84 G,5.12 K,5.20 K
2019-06-14 22:56:05,8.77 G,53.84 G,2.55 K,2.67 K
2019-06-14 22:56:07,8.77 G,53.84 G,2.57 K,3.22 K
2019-06-14 22:56:11,8.77 G,53.84 G,5.03 K,202.83 K
2019-06-14 22:56:13,8.77 G,53.84 G,1.42 K,54.11 K
2019-06-14 22:56:15,8.77 G,53.84 G,1.55 K,62.62 K
2019-06-14 22:56:17,8.77 G,53.84 G,2.13 K,161.63 K
2019-06-14 22:56:19,8.77 G,53.84 G,13.76 K,421.19 K
2019-06-14 22:56:21,8.77 G,53.84 G,127.18 K,334.30 K
2019-06-14 22:56:25,8.77 G,53.84 G,22.89 K,1.19 M
2019-06-14 22:56:27,8.77 G,53.85 G,26.37 K,1.53 M
2019-06-14 22:56:29,8.77 G,53.85 G,26.33 K,1.53 M
2019-06-14 22:56:33,8.77 G,53.85 G,16.92 K,1003.97 K
2019-06-14 22:56:35,8.77 G,53.85 G,20.29 K,1003.82 K
2019-06-14 22:56:37,8.77 G,53.85 G,13.26 K,562.59 K
2019-06-14 22:56:39,8.77 G,53.85 G,12.27 K,599.38 K
2019-06-14 22:56:43,8.77 G,53.85 G,0.00 B,1.29 K
2019-06-14 22:56:45,8.77 G,53.85 G,9.12 K,427.11 K
2019-06-14 22:56:47,8.77 G,53.86 G,8.73 K,471.54 K
2019-06-14 22:56:49,8.77 G,53.86 G,3.09 K,100.61 K
2019-06-14 22:56:52,8.77 G,53.86 G,10.98 K,526.04 K
2019-06-14 22:56:54,8.77 G,53.86 G,15.65 K,817.35 K
2019-06-14 22:56:56,8.77 G,53.86 G,10.08 K,532.61 K
2019-06-14 22:56:58,8.77 G,53.86 G,13.86 K,686.95 K
2019-06-14 22:57:00,8.77 G,53.86 G,10.11 K,539.70 K
2019-06-14 22:57:02,8.77 G,53.86 G,16.14 K,779.13 K
2019-06-14 22:57:04,8.77 G,53.86 G,12.27 K,530.90 K
2019-06-14 22:57:06,8.77 G,53.87 G,14.61 K,772.41 K
2019-06-14 22:57:08,8.77 G,53.87 G,11.34 K,538.38 K
2019-06-14 22:57:10,8.77 G,53.87 G,13.55 K,615.00 K
2019-06-14 22:57:12,8.77 G,53.87 G,11.00 K,527.86 K
2019-06-14 22:57:14,8.77 G,53.87 G,12.83 K,605.69 K
2019-06-14 22:57:16,8.77 G,53.87 G,13.67 K,688.85 K
2019-06-14 22:57:18,8.77 G,53.87 G,9.55 K,534.14 K
2019-06-14 22:57:20,8.77 G,53.87 G,17.92 K,1.03 M
2019-06-14 22:57:22,8.77 G,53.88 G,9.79 K,521.12 K
2019-06-14 22:57:24,8.77 G,53.88 G,14.05 K,639.49 K
2019-06-14 22:57:26,8.77 G,53.88 G,9.53 K,531.13 K
2019-06-14 22:57:28,8.77 G,53.88 G,13.69 K,730.96 K
2019-06-14 22:57:30,8.77 G,53.88 G,12.26 K,597.33 K
2019-06-14 22:57:32,8.77 G,53.88 G,9.90 K,532.60 K
2019-06-14 22:57:34,8.77 G,53.88 G,16.58 K,934.37 K
2019-06-14 22:57:36,8.77 G,53.88 G,9.99 K,526.81 K
2019-06-14 22:57:38,8.77 G,53.89 G,15.81 K,1008.99 K
2019-06-14 22:57:40,8.77 G,53.89 G,10.74 K,530.75 K
2019-06-14 22:57:42,8.77 G,53.89 G,15.81 K,850.67 K
2019-06-14 22:57:44,8.77 G,53.89 G,9.86 K,526.60 K
2019-06-14 22:57:46,8.77 G,53.89 G,16.16 K,943.97 K
2019-06-14 22:57:48,8.77 G,53.89 G,9.69 K,523.28 K
2019-06-14 22:57:50,8.77 G,53.89 G,12.50 K,560.77 K
2019-06-14 22:57:52,8.77 G,53.89 G,11.39 K,572.08 K
2019-06-14 22:57:54,8.77 G,53.90 G,12.94 K,523.91 K
2019-06-14 22:57:56,8.77 G,53.90 G,12.36 K,647.81 K
2019-06-14 22:57:58,8.77 G,53.90 G,9.64 K,528.96 K
2019-06-14 22:58:00,8.77 G,53.90 G,16.65 K,1.00 M
2019-06-14 22:58:02,8.77 G,53.90 G,9.69 K,527.59 K
2019-06-14 22:58:04,8.77 G,53.90 G,19.81 K,800.04 K
2019-06-14 22:58:06,8.77 G,53.90 G,9.95 K,526.13 K
2019-06-14 22:58:08,8.77 G,53.91 G,15.49 K,1004.90 K
2019-06-14 22:58:10,8.77 G,53.91 G,9.31 K,527.81 K
2019-06-14 22:58:12,8.77 G,53.91 G,14.75 K,795.08 K
2019-06-14 22:58:14,8.77 G,53.91 G,9.80 K,527.98 K
2019-06-14 22:58:16,8.77 G,53.91 G,11.76 K,524.99 K
2019-06-14 22:58:18,8.77 G,53.91 G,13.34 K,706.40 K
2019-06-14 22:58:20,8.77 G,53.91 G,9.22 K,527.39 K
2019-06-14 22:58:22,8.77 G,53.91 G,14.39 K,860.58 K
2019-06-14 22:58:24,8.77 G,53.92 G,9.38 K,527.48 K
2019-06-14 22:58:26,8.77 G,53.92 G,14.78 K,742.84 K
2019-06-14 22:58:28,8.77 G,53.92 G,14.81 K,778.71 K
2019-06-14 22:58:30,8.77 G,53.92 G,9.82 K,519.84 K
2019-06-14 22:58:32,8.77 G,53.92 G,15.34 K,834.15 K
2019-06-14 22:58:34,8.77 G,53.92 G,13.02 K,668.94 K
2019-06-14 22:58:36,8.77 G,53.92 G,9.60 K,532.03 K
2019-06-14 22:58:38,8.77 G,53.92 G,14.50 K,793.35 K
2019-06-14 22:58:41,8.77 G,53.93 G,9.86 K,519.99 K
2019-06-14 22:58:43,8.77 G,53.93 G,17.18 K,998.32 K
2019-06-14 22:58:47,8.77 G,53.93 G,13.91 K,582.12 K
2019-06-14 22:58:49,8.77 G,53.93 G,9.18 K,384.12 K
2019-06-14 22:58:51,8.77 G,53.93 G,7.13 K,316.22 K
2019-06-14 22:58:53,8.77 G,53.93 G,15.49 K,614.23 K
2019-06-14 22:58:55,8.77 G,53.93 G,10.10 K,316.73 K
2019-06-14 22:58:57,8.77 G,53.93 G,11.05 K,403.19 K
2019-06-14 22:58:59,8.77 G,53.93 G,8.36 K,315.76 K
2019-06-14 22:59:01,8.77 G,53.93 G,12.72 K,436.54 K
2019-06-14 22:59:03,8.77 G,53.93 G,7.60 K,315.29 K
2019-06-14 22:59:05,8.77 G,53.93 G,14.60 K,622.44 K
2019-06-14 22:59:07,8.77 G,53.93 G,8.39 K,316.12 K
2019-06-14 22:59:09,8.77 G,53.94 G,10.99 K,440.80 K
2019-06-14 22:59:11,8.77 G,53.94 G,8.10 K,314.77 K
2019-06-14 22:59:13,8.77 G,53.94 G,10.73 K,388.24 K
2019-06-14 22:59:15,8.77 G,53.94 G,7.91 K,315.69 K
2019-06-14 22:59:17,8.77 G,53.94 G,11.69 K,439.89 K
2019-06-14 22:59:19,8.77 G,53.94 G,8.55 K,316.24 K
2019-06-14 22:59:21,8.77 G,53.94 G,14.22 K,596.88 K
2019-06-14 22:59:23,8.77 G,53.94 G,8.23 K,316.12 K
2019-06-14 22:59:25,8.77 G,53.94 G,14.16 K,499.24 K
2019-06-14 22:59:27,8.77 G,53.94 G,6.88 K,315.70 K
2019-06-14 22:59:29,8.77 G,53.94 G,7.78 K,315.18 K
2019-06-14 22:59:31,8.77 G,53.94 G,10.08 K,355.71 K
2019-06-14 22:59:33,8.77 G,53.94 G,8.29 K,315.98 K
2019-06-14 22:59:35,8.77 G,53.95 G,13.45 K,547.67 K
2019-06-14 22:59:37,8.77 G,53.95 G,7.69 K,315.75 K
2019-06-14 22:59:39,8.77 G,53.95 G,9.46 K,315.11 K
2019-06-14 22:59:41,8.77 G,53.95 G,12.41 K,564.33 K
2019-06-14 22:59:44,8.77 G,53.95 G,15.03 K,764.19 K
2019-06-14 22:59:46,8.77 G,53.95 G,8.25 K,300.02 K
2019-06-14 22:59:49,8.77 G,53.95 G,17.24 K,1005.46 K
2019-06-14 22:59:51,8.77 G,53.95 G,16.87 K,835.02 K
2019-06-14 22:59:53,8.77 G,53.95 G,16.85 K,1004.40 K
2019-06-14 22:59:55,8.77 G,53.95 G,15.46 K,716.45 K
2019-06-14 22:59:57,8.77 G,53.96 G,18.54 K,999.65 K
2019-06-14 23:00:00,8.77 G,53.96 G,2.19 K,3.32 K
2019-06-14 23:00:02,8.77 G,53.96 G,4.37 K,4.29 K
2019-06-14 23:00:04,8.77 G,53.96 G,2.38 K,3.19 K
2019-06-14 23:00:06,8.77 G,53.96 G,2.19 K,2.79 K
2019-06-14 23:00:08,8.77 G,53.96 G,4.37 K,3.87 K
2019-06-14 23:00:10,8.77 G,53.96 G,2.19 K,2.09 K
2019-06-14 23:00:12,8.77 G,53.96 G,2.19 K,2.25 K
2019-06-14 23:00:14,8.77 G,53.96 G,2.19 K,2.48 K
2019-06-14 23:00:16,8.77 G,53.96 G,2.19 K,2.84 K
2019-06-14 23:00:18,8.77 G,53.96 G,4.44 K,5.43 K
2019-06-14 23:00:20,8.77 G,53.96 G,2.19 K,2.62 K
2019-06-14 23:00:22,8.77 G,53.96 G,2.19 K,2.79 K
2019-06-14 23:00:24,8.77 G,53.96 G,4.37 K,4.30 K
2019-06-14 23:00:28,8.77 G,53.96 G,1.29 K,38.04 K
2019-06-14 23:00:30,8.77 G,53.96 G,13.97 K,579.29 K
2019-06-14 23:00:32,8.77 G,53.96 G,19.30 K,579.90 K
2019-06-14 23:00:34,8.77 G,53.96 G,10.49 K,457.43 K
2019-06-14 23:00:36,8.77 G,53.96 G,15.58 K,578.67 K
2019-06-14 23:00:38,8.77 G,53.96 G,16.85 K,558.89 K
2019-06-14 23:00:40,8.77 G,53.96 G,12.75 K,527.65 K
2019-06-14 23:00:42,8.77 G,53.96 G,15.46 K,578.90 K
2019-06-14 23:00:44,8.77 G,53.96 G,10.79 K,383.07 K
2019-06-14 23:00:46,8.77 G,53.97 G,15.65 K,580.49 K
2019-06-14 23:00:50,8.77 G,53.97 G,1.03 K,16.97 K
2019-06-14 23:00:52,8.77 G,53.97 G,11.80 K,535.62 K
2019-06-14 23:00:54,8.77 G,53.97 G,5.09 K,79.32 K
2019-06-14 23:00:56,8.77 G,53.97 G,462.00 B,1.26 K
2019-06-14 23:00:58,8.77 G,53.97 G,61.81 K,1.22 M
2019-06-14 23:01:00,8.77 G,53.97 G,62.14 K,1.27 M
2019-06-14 23:01:02,8.77 G,53.97 G,178.09 K,1.30 M
2019-06-14 23:01:04,8.77 G,53.98 G,166.36 K,1.23 M
2019-06-14 23:01:06,8.77 G,53.98 G,52.54 K,1.16 M
2019-06-14 23:01:08,8.77 G,53.98 G,281.34 K,1.39 M
2019-06-14 23:01:10,8.78 G,53.98 G,298.38 K,1.32 M
2019-06-14 23:01:12,8.78 G,53.99 G,66.30 K,889.37 K
2019-06-14 23:01:15,8.78 G,53.99 G,2.19 K,3.49 K
2019-06-14 23:01:17,8.78 G,53.99 G,4.63 K,5.59 K
2019-06-14 23:01:19,8.78 G,53.99 G,2.18 K,2.54 K
2019-06-14 23:01:21,8.78 G,53.99 G,2.19 K,2.68 K
2019-06-14 23:01:23,8.78 G,53.99 G,4.37 K,4.45 K
2019-06-14 23:01:25,8.78 G,53.99 G,2.19 K,2.09 K
2019-06-14 23:01:27,8.78 G,53.99 G,2.19 K,2.57 K
2019-06-14 23:01:29,8.78 G,53.99 G,2.44 K,4.37 K
2019-06-14 23:01:31,8.78 G,53.99 G,2.19 K,2.43 K
2019-06-14 23:01:33,8.78 G,53.99 G,4.37 K,4.25 K
2019-06-14 23:01:35,8.78 G,53.99 G,2.19 K,2.30 K
2019-06-14 23:01:37,8.78 G,53.99 G,2.19 K,2.38 K
2019-06-14 23:01:39,8.78 G,53.99 G,4.41 K,3.99 K
2019-06-14 23:01:41,8.78 G,53.99 G,2.19 K,2.79 K
2019-06-14 23:01:43,8.78 G,53.99 G,4.37 K,5.22 K
2019-06-14 23:01:45,8.78 G,53.99 G,2.26 K,3.07 K
2019-06-14 23:01:47,8.78 G,53.99 G,2.19 K,2.47 K
2019-06-14 23:01:49,8.78 G,53.99 G,4.37 K,5.00 K
2019-06-14 23:01:51,8.78 G,53.99 G,2.19 K,2.21 K
2019-06-14 23:01:53,8.78 G,53.99 G,2.19 K,2.63 K
2019-06-14 23:01:55,8.78 G,53.99 G,4.37 K,4.67 K
2019-06-14 23:01:57,8.78 G,53.99 G,2.19 K,2.42 K
2019-06-14 23:01:59,8.78 G,53.99 G,4.38 K,5.50 K
2019-06-14 23:02:01,8.78 G,53.99 G,2.19 K,2.57 K
2019-06-14 23:02:03,8.78 G,53.99 G,2.19 K,2.11 K
2019-06-14 23:02:05,8.78 G,53.99 G,4.37 K,4.44 K
2019-06-14 23:02:07,8.78 G,53.99 G,2.18 K,1.98 K
2019-06-14 23:02:09,8.78 G,53.99 G,2.23 K,2.38 K
2019-06-14 23:02:11,8.78 G,53.99 G,4.41 K,5.44 K
2019-06-14 23:02:13,8.78 G,53.99 G,2.19 K,3.11 K
2019-06-14 23:02:15,8.78 G,53.99 G,2.26 K,3.54 K
2019-06-14 23:02:17,8.78 G,53.99 G,2.18 K,2.62 K
2019-06-14 23:02:19,8.78 G,53.99 G,2.19 K,2.79 K
2019-06-14 23:02:21,8.78 G,53.99 G,4.37 K,4.47 K
2019-06-14 23:02:23,8.78 G,53.99 G,2.19 K,2.26 K
2019-06-14 23:02:25,8.78 G,53.99 G,2.19 K,2.62 K
2019-06-14 23:02:27,8.78 G,53.99 G,4.37 K,4.89 K
2019-06-14 23:02:29,8.78 G,53.99 G,2.19 K,2.41 K
2019-06-14 23:02:32,8.78 G,53.99 G,2.19 K,2.36 K
2019-06-14 23:02:34,8.78 G,53.99 G,2.19 K,2.42 K
2019-06-14 23:02:36,8.78 G,53.99 G,2.19 K,2.09 K
2019-06-14 23:02:38,8.78 G,53.99 G,2.64 K,3.19 K
2019-06-14 23:02:41,8.78 G,53.99 G,42.00 B,708.00 B
2019-06-14 23:02:44,8.78 G,53.99 G,17.38 K,993.48 K
2019-06-14 23:02:46,8.78 G,53.99 G,21.61 K,1.17 M
2019-06-14 23:02:50,8.78 G,53.99 G,2.05 K,3.33 K
2019-06-14 23:02:52,8.78 G,53.99 G,2.05 K,2.57 K
2019-06-14 23:02:54,8.78 G,53.99 G,2.06 K,2.63 K
2019-06-14 23:02:56,8.78 G,53.99 G,2.06 K,2.77 K
2019-06-14 23:03:02,8.78 G,53.99 G,5.54 K,210.38 K
2019-06-14 23:03:04,8.78 G,53.99 G,8.31 K,219.17 K
2019-06-14 23:03:06,8.78 G,53.99 G,7.46 K,157.25 K
2019-06-14 23:03:08,8.78 G,53.99 G,21.09 K,1.12 M
2019-06-14 23:03:10,8.78 G,53.99 G,18.36 K,1.03 M
2019-06-14 23:03:15,8.78 G,54.00 G,13.14 K,829.53 K
2019-06-14 23:03:17,8.78 G,54.00 G,17.03 K,970.12 K
2019-06-14 23:03:21,8.78 G,54.00 G,6.05 K,41.20 K
2019-06-14 23:03:23,8.78 G,54.00 G,11.06 K,82.77 K
2019-06-14 23:03:25,8.78 G,54.00 G,1.35 K,43.43 K
2019-06-14 23:03:27,8.78 G,54.00 G,6.14 K,65.65 K
2019-06-14 23:03:30,8.78 G,54.00 G,0.00 B,540.00 B
2019-06-14 23:03:33,8.78 G,54.00 G,3.48 K,158.97 K
2019-06-14 23:03:36,8.78 G,54.00 G,259.92 K,580.24 K
2019-06-14 23:03:39,8.78 G,54.00 G,6.55 K,27.52 K
2019-06-14 23:03:41,8.78 G,54.00 G,990.00 B,14.90 K
2019-06-14 23:03:44,8.78 G,54.00 G,95.83 K,1.23 M
2019-06-14 23:03:46,8.78 G,54.01 G,43.91 K,1.21 M
2019-06-14 23:03:48,8.78 G,54.01 G,53.03 K,1.40 M
2019-06-14 23:03:50,8.78 G,54.01 G,45.90 K,1.21 M
2019-06-14 23:03:52,8.78 G,54.01 G,244.85 K,1.32 M
2019-06-14 23:03:54,8.78 G,54.02 G,174.48 K,1.32 M
2019-06-14 23:03:56,8.78 G,54.02 G,426.93 K,1.32 M
2019-06-14 23:03:59,8.78 G,54.02 G,463.79 K,1.47 M
2019-06-14 23:04:04,8.78 G,54.02 G,5.09 K,194.62 K
2019-06-14 23:04:06,8.78 G,54.02 G,6.38 K,186.49 K
2019-06-14 23:04:08,8.78 G,54.02 G,12.95 K,233.37 K
2019-06-14 23:04:11,8.78 G,54.02 G,1.76 K,62.29 K
2019-06-14 23:04:14,8.78 G,54.02 G,16.59 K,959.79 K
2019-06-14 23:04:16,8.78 G,54.02 G,19.89 K,1003.64 K
2019-06-14 23:04:18,8.78 G,54.03 G,11.98 K,552.46 K
2019-06-14 23:04:20,8.78 G,54.03 G,17.11 K,1003.46 K
2019-06-14 23:04:22,8.78 G,54.03 G,17.83 K,871.46 K
2019-06-14 23:04:25,8.78 G,54.03 G,10.26 K,364.29 K
2019-06-14 23:04:27,8.78 G,54.03 G,8.52 K,280.34 K
2019-06-14 23:04:29,8.78 G,54.03 G,8.71 K,293.79 K
2019-06-14 23:04:31,8.78 G,54.03 G,8.83 K,293.64 K
2019-06-14 23:04:33,8.78 G,54.03 G,8.39 K,279.84 K
2019-06-14 23:04:35,8.78 G,54.03 G,8.72 K,280.66 K
2019-06-14 23:04:37,8.78 G,54.03 G,8.97 K,281.29 K
2019-06-14 23:04:39,8.78 G,54.03 G,12.58 K,350.51 K
2019-06-14 23:04:41,8.78 G,54.03 G,12.20 K,281.27 K
2019-06-14 23:04:43,8.78 G,54.04 G,8.97 K,267.23 K
2019-06-14 23:04:45,8.78 G,54.04 G,7.34 K,225.45 K
2019-06-14 23:04:47,8.78 G,54.04 G,8.65 K,280.55 K
2019-06-14 23:04:49,8.78 G,54.04 G,8.90 K,280.48 K
2019-06-14 23:04:51,8.78 G,54.04 G,8.46 K,266.99 K
2019-06-14 23:04:53,8.78 G,54.04 G,7.94 K,266.57 K
2019-06-14 23:04:55,8.78 G,54.04 G,8.47 K,281.28 K
2019-06-14 23:04:57,8.78 G,54.04 G,9.42 K,265.46 K
2019-06-14 23:04:59,8.78 G,54.04 G,6.26 K,170.87 K
2019-06-14 23:05:03,8.78 G,54.04 G,14.13 K,598.93 K
2019-06-14 23:05:05,8.78 G,54.04 G,11.58 K,425.56 K
2019-06-14 23:05:07,8.78 G,54.04 G,13.61 K,521.06 K
2019-06-14 23:05:09,8.78 G,54.04 G,9.64 K,308.20 K
2019-06-14 23:05:11,8.78 G,54.04 G,19.50 K,1.11 M
2019-06-14 23:05:13,8.78 G,54.05 G,20.78 K,1.11 M
2019-06-14 23:05:17,8.78 G,54.05 G,6.45 K,90.14 K
2019-06-14 23:05:19,8.78 G,54.05 G,6.35 K,179.75 K
2019-06-14 23:05:21,8.78 G,54.05 G,858.00 B,27.81 K
2019-06-14 23:05:23,8.78 G,54.05 G,2.15 K,3.00 K
2019-06-14 23:05:25,8.78 G,54.05 G,4.30 K,4.29 K
2019-06-14 23:05:27,8.78 G,54.05 G,2.15 K,2.44 K
2019-06-14 23:05:29,8.78 G,54.05 G,2.15 K,2.01 K
2019-06-14 23:05:31,8.78 G,54.05 G,2.16 K,2.50 K
2019-06-14 23:05:33,8.78 G,54.05 G,2.15 K,2.33 K
2019-06-14 23:05:35,8.78 G,54.05 G,4.30 K,4.77 K
2019-06-14 23:05:37,8.78 G,54.05 G,2.15 K,2.90 K
2019-06-14 23:05:40,8.78 G,54.05 G,924.00 B,44.19 K
2019-06-14 23:05:43,8.78 G,54.05 G,7.63 K,254.91 K
2019-06-14 23:05:45,8.78 G,54.05 G,6.99 K,249.37 K
2019-06-14 23:05:47,8.78 G,54.05 G,990.00 B,11.74 K
2019-06-14 23:05:49,8.78 G,54.05 G,3.74 K,177.36 K
2019-06-14 23:05:51,8.78 G,54.05 G,13.92 K,583.42 K
2019-06-14 23:05:53,8.78 G,54.05 G,11.92 K,317.39 K
2019-06-14 23:05:55,8.78 G,54.05 G,0.00 B,216.00 B
2019-06-14 23:05:57,8.78 G,54.05 G,14.44 K,582.43 K
2019-06-14 23:05:59,8.78 G,54.05 G,15.08 K,423.70 K
2019-06-14 23:06:02,8.78 G,54.05 G,3.97 K,105.23 K
2019-06-14 23:06:05,8.78 G,54.05 G,2.19 K,3.43 K
2019-06-14 23:06:07,8.78 G,54.05 G,4.56 K,6.38 K
2019-06-14 23:06:09,8.78 G,54.05 G,2.19 K,2.73 K
2019-06-14 23:06:11,8.78 G,54.05 G,2.19 K,1.94 K
2019-06-14 23:06:13,8.78 G,54.05 G,4.57 K,4.64 K
2019-06-14 23:06:15,8.78 G,54.05 G,2.23 K,2.48 K
2019-06-14 23:06:17,8.78 G,54.05 G,2.19 K,2.40 K
2019-06-14 23:06:19,8.78 G,54.05 G,2.64 K,5.46 K
2019-06-14 23:06:21,8.78 G,54.05 G,2.19 K,2.62 K
2019-06-14 23:06:23,8.78 G,54.05 G,4.37 K,4.20 K
2019-06-14 23:06:25,8.78 G,54.05 G,2.19 K,2.38 K
2019-06-14 23:06:27,8.78 G,54.05 G,2.19 K,2.43 K
2019-06-14 23:06:29,8.78 G,54.05 G,4.37 K,4.04 K
2019-06-14 23:06:31,8.78 G,54.05 G,2.19 K,2.36 K
2019-06-14 23:06:33,8.78 G,54.05 G,4.37 K,4.20 K
2019-06-14 23:06:35,8.78 G,54.05 G,2.26 K,2.74 K
2019-06-14 23:06:37,8.78 G,54.05 G,2.19 K,2.73 K
2019-06-14 23:06:39,8.78 G,54.05 G,4.37 K,4.88 K
2019-06-14 23:06:41,8.78 G,54.05 G,2.19 K,2.95 K
2019-06-14 23:06:43,8.78 G,54.05 G,2.19 K,2.33 K
2019-06-14 23:06:45,8.78 G,54.05 G,4.37 K,4.68 K
2019-06-14 23:06:47,8.78 G,54.05 G,2.23 K,3.22 K
2019-06-14 23:06:49,8.78 G,54.05 G,4.37 K,3.99 K
2019-06-14 23:06:51,8.78 G,54.05 G,2.19 K,2.95 K
2019-06-14 23:06:53,8.78 G,54.05 G,2.19 K,2.51 K
2019-06-14 23:06:55,8.78 G,54.05 G,4.37 K,3.87 K
2019-06-14 23:06:57,8.78 G,54.05 G,2.18 K,2.25 K
2019-06-14 23:06:59,8.78 G,54.05 G,2.19 K,2.40 K
2019-06-14 23:07:01,8.78 G,54.05 G,4.37 K,4.24 K
2019-06-14 23:07:03,8.78 G,54.05 G,2.18 K,2.68 K
2019-06-14 23:07:05,8.78 G,54.05 G,4.44 K,5.52 K
2019-06-14 23:07:07,8.78 G,54.05 G,2.19 K,2.89 K
2019-06-14 23:07:09,8.78 G,54.05 G,2.19 K,2.40 K
2019-06-14 23:07:11,8.78 G,54.05 G,4.37 K,4.99 K
2019-06-14 23:07:13,8.78 G,54.05 G,2.19 K,2.26 K
2019-06-14 23:07:15,8.78 G,54.05 G,2.19 K,2.59 K
2019-06-14 23:07:17,8.78 G,54.05 G,4.41 K,4.88 K
2019-06-14 23:07:19,8.78 G,54.05 G,2.23 K,2.58 K
2019-06-14 23:07:21,8.78 G,54.05 G,2.18 K,2.40 K
2019-06-14 23:07:24,8.78 G,54.05 G,2.19 K,89.31 K
2019-06-14 23:07:26,8.78 G,54.05 G,3.60 K,12.30 K
2019-06-14 23:07:29,8.78 G,54.05 G,6.26 K,24.14 K
2019-06-14 23:07:31,8.78 G,54.05 G,6.50 K,27.20 K
2019-06-14 23:07:33,8.78 G,54.06 G,20.96 K,1.27 M
2019-06-14 23:07:35,8.78 G,54.06 G,23.05 K,1.31 M
2019-06-14 23:07:37,8.78 G,54.06 G,27.58 K,1.52 M
2019-06-14 23:07:39,8.78 G,54.06 G,24.66 K,1.23 M
2019-06-14 23:07:41,8.78 G,54.06 G,1.61 K,109.45 K
2019-06-14 23:07:43,8.78 G,54.07 G,29.64 K,1.09 M
2019-06-14 23:07:45,8.78 G,54.07 G,33.06 K,1.40 M
2019-06-14 23:07:47,8.78 G,54.07 G,33.51 K,1.40 M
2019-06-14 23:07:49,8.78 G,54.07 G,30.29 K,1.43 M
2019-06-14 23:07:51,8.78 G,54.08 G,33.38 K,1.45 M
2019-06-14 23:07:53,8.78 G,54.08 G,32.22 K,1.43 M
2019-06-14 23:07:55,8.78 G,54.08 G,37.12 K,1.41 M
2019-06-14 23:07:57,8.78 G,54.09 G,34.68 K,1.40 M
2019-06-14 23:07:59,8.78 G,54.09 G,32.68 K,1.40 M
2019-06-14 23:08:01,8.78 G,54.09 G,34.67 K,1.28 M
2019-06-14 23:08:03,8.78 G,54.09 G,29.84 K,1.36 M
2019-06-14 23:08:05,8.78 G,54.10 G,31.90 K,1.42 M
2019-06-14 23:08:07,8.78 G,54.10 G,30.55 K,1.38 M
2019-06-14 23:08:09,8.78 G,54.10 G,32.22 K,1.37 M
2019-06-14 23:08:11,8.78 G,54.10 G,16.82 K,702.53 K
2019-06-14 23:08:16,8.78 G,54.11 G,22.25 K,1.14 M
2019-06-14 23:08:18,8.78 G,54.11 G,23.63 K,1.27 M
2019-06-14 23:08:20,8.78 G,54.11 G,27.17 K,1.50 M
2019-06-14 23:08:23,8.78 G,54.11 G,7.50 K,254.64 K
2019-06-14 23:08:25,8.78 G,54.11 G,6.86 K,249.42 K
2019-06-14 23:08:27,8.78 G,54.11 G,858.00 B,11.35 K
