2019-06-05 04:43:23,231.9,165.16 M
2019-06-05 04:43:25,371.8,539.78 M
2019-06-05 04:43:27,7.0,552.38 M
2019-06-05 04:43:29,5.0,552.43 M
2019-06-05 04:43:31,3.0,552.43 M
2019-06-05 04:43:33,268.7,633.09 M
2019-06-05 04:43:35,758.5,634.73 M
2019-06-05 04:43:37,762.4,634.98 M
2019-06-05 04:43:39,15.0,627.46 M
2019-06-05 04:43:41,4.0,627.46 M
2019-06-05 04:43:43,3.0,627.50 M
2019-06-05 04:43:45,431.9,1.04 G
2019-06-05 04:43:47,108.9,1.36 G
2019-06-05 04:43:49,760.4,1.37 G
2019-06-05 04:43:51,758.4,1.37 G
2019-06-05 04:43:53,3.0,1.37 G
2019-06-05 04:43:55,3.0,1.37 G
2019-06-05 04:43:57,3.0,1.37 G
2019-06-05 04:43:59,2.0,1.37 G
2019-06-05 04:44:01,3.0,1.37 G
2019-06-05 04:44:03,5.0,1.37 G
2019-06-05 04:44:05,3.0,1.37 G
2019-06-05 04:44:07,303.9,1.38 G
2019-06-05 04:44:09,757.4,1.38 G
2019-06-05 04:44:11,722.4,1.37 G
2019-06-05 04:44:13,2.0,1.37 G
2019-06-05 04:44:15,3.0,1.37 G
2019-06-05 04:44:17,4.0,1.37 G
2019-06-05 04:44:19,757.5,1.37 G
2019-06-05 04:44:21,762.5,1.37 G
2019-06-05 04:44:23,759.5,1.37 G
2019-06-05 04:44:25,759.5,1.37 G
2019-06-05 04:44:27,745.9,1.35 G
2019-06-05 04:44:29,761.5,1.35 G
2019-06-05 04:44:31,297.8,1.35 G
2019-06-05 04:44:33,760.6,1.37 G
2019-06-05 04:44:35,762.9,1.39 G
2019-06-05 04:44:37,22.0,1.36 G
2019-06-05 04:44:39,408.8,1.37 G
2019-06-05 04:44:41,755.7,1.37 G
2019-06-05 04:44:43,517.4,1.36 G
2019-06-05 04:44:45,78.9,1.36 G
2019-06-05 04:44:47,86.9,1.37 G
2019-06-05 04:44:49,66.0,1.41 G
2019-06-05 04:44:51,55.9,1.41 G
2019-06-05 04:44:53,70.9,1.43 G
2019-06-05 04:44:55,43.0,1.44 G
2019-06-05 04:44:57,51.9,1.44 G
2019-06-05 04:44:59,35.0,1.47 G
2019-06-05 04:45:01,28.0,1.47 G
2019-06-05 04:45:04,50.0,1.47 G
2019-06-05 04:45:06,718.7,1.51 G
2019-06-05 04:45:08,756.4,1.51 G
2019-06-05 04:45:10,676.6,1.50 G
2019-06-05 04:45:12,4.0,1.50 G
2019-06-05 04:45:14,5.0,1.50 G
2019-06-05 04:45:16,8.0,1.50 G
2019-06-05 04:45:18,3.0,1.50 G
2019-06-05 04:45:20,743.5,1.51 G
2019-06-05 04:45:22,755.3,1.50 G
2019-06-05 04:45:24,755.6,1.49 G
2019-06-05 04:45:26,756.4,1.48 G
2019-06-05 04:45:28,321.6,1.46 G
2019-06-05 04:45:30,3.0,1.46 G
2019-06-05 04:45:32,3.0,1.46 G
2019-06-05 04:45:34,2.0,1.47 G
2019-06-05 04:45:36,5.0,1.47 G
2019-06-05 04:45:38,2.0,1.47 G
2019-06-05 04:45:40,2.0,1.47 G
2019-06-05 04:45:42,3.0,1.47 G
2019-06-05 04:45:44,4.0,1.47 G
2019-06-05 04:45:46,743.5,1.48 G
2019-06-05 04:45:48,758.5,1.48 G
2019-06-05 04:45:50,758.5,1.48 G
2019-06-05 04:45:52,757.5,1.48 G
2019-06-05 04:45:54,757.4,1.48 G
2019-06-05 04:45:56,756.5,1.48 G
2019-06-05 04:45:58,6.0,1.46 G
2019-06-05 04:46:00,692.4,1.47 G
2019-06-05 04:46:02,755.9,1.47 G
2019-06-05 04:46:04,140.8,1.47 G
2019-06-05 04:46:06,2.0,1.47 G
2019-06-05 04:46:08,4.0,1.47 G
2019-06-05 04:46:10,5.0,1.47 G
2019-06-05 04:46:12,4.0,1.47 G
2019-06-05 04:46:14,6.0,1.47 G
2019-06-05 04:46:16,4.0,1.47 G
2019-06-05 04:46:18,690.7,1.47 G
2019-06-05 04:46:20,749.7,1.47 G
2019-06-05 04:46:22,757.5,1.47 G
2019-06-05 04:46:24,750.4,1.47 G
2019-06-05 04:46:26,201.9,1.47 G
2019-06-05 04:46:28,4.0,1.47 G
2019-06-05 04:46:30,2.0,1.47 G
2019-06-05 04:46:32,25.0,1.47 G
2019-06-05 04:46:34,466.8,1.58 G
2019-06-05 04:46:36,757.3,1.58 G
2019-06-05 04:46:38,380.7,1.57 G
2019-06-05 04:46:40,2.0,1.57 G
2019-06-05 04:46:42,756.5,1.58 G
2019-06-05 04:46:44,756.5,1.58 G
2019-06-05 04:46:46,4.0,1.57 G
2019-06-05 04:46:48,3.0,1.57 G
2019-06-05 04:46:50,3.0,1.57 G
2019-06-05 04:46:52,3.0,1.57 G
2019-06-05 04:46:54,3.0,1.57 G
2019-06-05 04:46:56,1.0,1.57 G
2019-06-05 04:46:58,11.0,1.58 G
2019-06-05 04:47:00,94.9,1.59 G
2019-06-05 04:47:02,65.9,1.60 G
2019-06-05 04:47:04,42.9,1.60 G
2019-06-05 04:47:06,49.0,1.60 G
2019-06-05 04:47:08,38.0,1.60 G
2019-06-05 04:47:10,43.0,1.60 G
2019-06-05 04:47:12,55.9,1.60 G
2019-06-05 04:47:14,44.0,1.62 G
2019-06-05 04:47:16,40.0,1.62 G
2019-06-05 04:47:18,38.0,1.62 G
2019-06-05 04:47:20,57.9,1.67 G
2019-06-05 04:47:22,39.0,1.67 G
2019-06-05 04:47:24,39.0,1.67 G
2019-06-05 04:47:26,39.0,1.67 G
2019-06-05 04:47:28,101.9,1.70 G
2019-06-05 04:47:30,37.0,1.70 G
2019-06-05 04:47:32,38.0,1.70 G
2019-06-05 04:47:34,55.9,1.74 G
2019-06-05 04:47:36,39.0,1.74 G
2019-06-05 04:47:38,40.0,1.74 G
2019-06-05 04:47:40,50.0,1.74 G
2019-06-05 04:47:42,59.9,1.74 G
2019-06-05 04:47:44,69.9,1.74 G
2019-06-05 04:47:46,43.9,1.74 G
2019-06-05 04:47:48,45.9,1.74 G
2019-06-05 04:47:50,40.0,1.75 G
2019-06-05 04:47:52,41.0,1.75 G
2019-06-05 04:47:54,42.0,1.75 G
2019-06-05 04:47:56,40.0,1.75 G
2019-06-05 04:47:58,38.0,1.75 G
2019-06-05 04:48:00,40.0,1.75 G
2019-06-05 04:48:02,59.0,1.76 G
2019-06-05 04:48:04,42.0,1.76 G
2019-06-05 04:48:06,36.0,1.76 G
2019-06-05 04:48:08,42.0,1.76 G
2019-06-05 04:48:10,34.0,1.76 G
2019-06-05 04:48:12,612.4,1.77 G
2019-06-05 04:48:14,759.5,1.77 G
2019-06-05 04:48:16,762.5,1.75 G
2019-06-05 04:48:18,28.0,1.74 G
2019-06-05 04:48:20,31.0,1.74 G
2019-06-05 04:48:22,31.0,1.74 G
2019-06-05 04:48:24,31.0,1.74 G
2019-06-05 04:48:26,31.0,1.74 G
2019-06-05 04:48:28,32.0,1.74 G
2019-06-05 04:48:31,32.0,1.74 G
2019-06-05 04:48:33,29.0,1.74 G
2019-06-05 04:48:35,50.9,1.74 G
2019-06-05 04:48:37,32.0,1.74 G
2019-06-05 04:48:39,70.9,1.74 G
2019-06-05 04:48:41,34.0,1.74 G
2019-06-05 04:48:43,51.0,1.74 G
2019-06-05 04:48:45,37.0,1.74 G
2019-06-05 04:48:47,35.0,1.74 G
2019-06-05 04:48:49,32.0,1.74 G
2019-06-05 04:48:51,50.0,1.75 G
2019-06-05 04:48:53,37.0,1.75 G
2019-06-05 04:48:55,36.0,1.75 G
2019-06-05 04:48:57,34.0,1.75 G
2019-06-05 04:48:59,37.0,1.75 G
2019-06-05 04:49:01,32.0,1.75 G
2019-06-05 04:49:03,36.0,1.75 G
2019-06-05 04:49:05,51.0,1.76 G
2019-06-05 04:49:07,35.0,1.76 G
2019-06-05 04:49:09,33.0,1.76 G
2019-06-05 04:49:11,34.0,1.76 G
2019-06-05 04:49:13,34.0,1.76 G
2019-06-05 04:49:15,36.0,1.76 G
2019-06-05 04:49:17,35.0,1.76 G
2019-06-05 04:49:19,37.0,1.76 G
2019-06-05 04:49:21,35.0,1.76 G
2019-06-05 04:49:23,36.0,1.76 G
2019-06-05 04:49:25,30.0,1.76 G
2019-06-05 04:49:27,28.0,1.76 G
2019-06-05 04:49:29,39.0,1.76 G
2019-06-05 04:49:31,34.0,1.76 G
2019-06-05 04:49:33,34.0,1.76 G
2019-06-05 04:49:35,56.0,1.77 G
2019-06-05 04:49:37,730.4,1.77 G
2019-06-05 04:49:39,757.4,1.77 G
2019-06-05 04:49:41,188.8,1.75 G
2019-06-05 04:49:43,3.0,1.75 G
2019-06-05 04:49:45,6.0,1.75 G
2019-06-05 04:49:47,521.8,1.72 G
2019-06-05 04:49:49,755.5,1.69 G
2019-06-05 04:49:51,755.5,1.67 G
2019-06-05 04:49:53,748.7,1.66 G
2019-06-05 04:49:55,471.5,1.65 G
2019-06-05 04:49:57,4.0,1.65 G
2019-06-05 04:49:59,6.0,1.65 G
2019-06-05 04:50:01,3.0,1.65 G
2019-06-05 04:50:03,606.7,1.67 G
2019-06-05 04:50:05,756.5,1.67 G
2019-06-05 04:50:07,749.2,1.67 G
2019-06-05 04:50:09,756.5,1.66 G
2019-06-05 04:50:11,490.5,1.66 G
2019-06-05 04:50:13,143.9,1.66 G
2019-06-05 04:50:15,752.5,1.66 G
2019-06-05 04:50:17,698.2,1.66 G
2019-06-05 04:50:19,39.0,1.66 G
2019-06-05 04:50:21,38.0,1.66 G
2019-06-05 04:50:23,752.5,1.66 G
2019-06-05 04:50:25,757.5,1.66 G
2019-06-05 04:50:27,5.0,1.66 G
2019-06-05 04:50:29,6.0,1.66 G
2019-06-05 04:50:31,4.0,1.66 G
2019-06-05 04:50:33,635.6,1.71 G
2019-06-05 04:50:35,755.6,1.71 G
2019-06-05 04:50:37,754.4,1.70 G
2019-06-05 04:50:39,757.5,1.70 G
2019-06-05 04:50:41,637.6,1.70 G
2019-06-05 04:50:43,2.0,1.70 G
2019-06-05 04:50:45,2.0,1.70 G
2019-06-05 04:50:47,4.0,1.70 G
2019-06-05 04:50:49,4.0,1.70 G
2019-06-05 04:50:51,4.0,1.70 G
2019-06-05 04:50:53,3.0,1.70 G
2019-06-05 04:50:55,2.0,1.70 G
2019-06-05 04:50:57,3.0,1.70 G
2019-06-05 04:50:59,503.4,1.70 G
2019-06-05 04:51:01,754.5,1.70 G
2019-06-05 04:51:03,491.5,1.70 G
2019-06-05 04:51:05,9.0,1.70 G
2019-06-05 04:51:07,40.0,1.70 G
2019-06-05 04:51:09,41.0,1.70 G
2019-06-05 04:51:11,42.0,1.70 G
2019-06-05 04:51:13,38.0,1.70 G
2019-06-05 04:51:15,51.0,1.72 G
2019-06-05 04:51:17,41.0,1.72 G
2019-06-05 04:51:19,41.0,1.72 G
2019-06-05 04:51:21,755.5,1.77 G
2019-06-05 04:51:23,757.4,1.76 G
2019-06-05 04:51:25,569.7,1.75 G
2019-06-05 04:51:27,4.0,1.75 G
2019-06-05 04:51:29,111.9,1.77 G
2019-06-05 04:51:31,753.5,1.82 G
2019-06-05 04:51:33,758.5,1.82 G
2019-06-05 04:51:35,392.7,1.82 G
2019-06-05 04:51:37,753.5,1.82 G
2019-06-05 04:51:39,627.3,1.81 G
2019-06-05 04:51:41,751.8,1.82 G
2019-06-05 04:51:43,756.7,1.81 G
2019-06-05 04:51:46,325.7,1.81 G
2019-06-05 04:51:48,756.4,1.81 G
2019-06-05 04:51:50,693.6,1.81 G
2019-06-05 04:51:52,11.0,1.81 G
2019-06-05 04:51:54,38.0,1.81 G
2019-06-05 04:51:56,36.0,1.81 G
2019-06-05 04:51:58,410.6,1.81 G
2019-06-05 04:52:00,754.5,1.81 G
2019-06-05 04:52:02,662.5,1.81 G
2019-06-05 04:52:04,4.0,1.81 G
2019-06-05 04:52:06,37.0,1.82 G
2019-06-05 04:52:08,39.0,1.82 G
2019-06-05 04:52:10,39.0,1.82 G
2019-06-05 04:52:12,59.9,1.82 G
2019-06-05 04:52:14,41.0,1.82 G
2019-06-05 04:52:16,42.0,1.82 G
2019-06-05 04:52:18,37.0,1.82 G
2019-06-05 04:52:20,55.9,1.85 G
2019-06-05 04:52:22,43.0,1.85 G
2019-06-05 04:52:24,40.0,1.85 G
2019-06-05 04:52:26,305.7,1.89 G
2019-06-05 04:52:28,765.4,1.89 G
2019-06-05 04:52:30,763.5,1.89 G
2019-06-05 04:52:32,24.0,1.88 G
2019-06-05 04:52:34,2.0,1.88 G
2019-06-05 04:52:36,3.0,1.88 G
2019-06-05 04:52:38,51.0,1.88 G
2019-06-05 04:52:40,757.8,1.92 G
2019-06-05 04:52:42,757.2,1.92 G
2019-06-05 04:52:44,23.0,1.92 G
2019-06-05 04:52:46,4.0,1.92 G
2019-06-05 04:52:48,3.0,1.92 G
2019-06-05 04:52:50,4.0,1.92 G
2019-06-05 04:52:52,4.0,1.92 G
2019-06-05 04:52:54,3.0,1.92 G
2019-06-05 04:52:56,5.0,1.92 G
2019-06-05 04:52:58,4.0,1.92 G
2019-06-05 04:53:00,750.2,1.97 G
2019-06-05 04:53:02,757.5,1.96 G
2019-06-05 04:53:04,754.5,1.93 G
2019-06-05 04:53:06,755.6,1.93 G
2019-06-05 04:53:08,263.8,1.93 G
2019-06-05 04:53:10,524.5,1.93 G
2019-06-05 04:53:12,756.6,1.93 G
2019-06-05 04:53:14,422.5,1.93 G
2019-06-05 04:53:16,42.0,1.93 G
2019-06-05 04:53:18,40.0,1.93 G
2019-06-05 04:53:20,62.9,1.94 G
2019-06-05 04:53:22,41.0,1.94 G
2019-06-05 04:53:24,43.0,1.94 G
2019-06-05 04:53:26,40.0,1.96 G
2019-06-05 04:53:28,41.0,1.96 G
2019-06-05 04:53:30,54.9,1.99 G
2019-06-05 04:53:32,38.0,1.99 G
2019-06-05 04:53:34,756.5,2.01 G
2019-06-05 04:53:36,762.5,2.00 G
2019-06-05 04:53:38,4.0,1.99 G
2019-06-05 04:53:40,3.0,1.99 G
2019-06-05 04:53:42,5.0,1.99 G
2019-06-05 04:53:44,3.0,1.99 G
2019-06-05 04:53:46,755.4,1.99 G
2019-06-05 04:53:48,757.5,1.98 G
2019-06-05 04:53:50,5.0,1.97 G
2019-06-05 04:53:52,4.0,1.98 G
2019-06-05 04:53:54,20.0,1.98 G
2019-06-05 04:53:56,39.0,1.98 G
2019-06-05 04:53:58,33.0,1.98 G
2019-06-05 04:54:00,26.0,1.98 G
2019-06-05 04:54:02,34.0,1.98 G
2019-06-05 04:54:04,40.0,1.98 G
2019-06-05 04:54:06,33.0,1.98 G
2019-06-05 04:54:08,20.0,1.98 G
2019-06-05 04:54:10,15.0,1.98 G
2019-06-05 04:54:12,35.0,1.98 G
2019-06-05 04:54:14,26.0,1.98 G
2019-06-05 04:54:16,30.0,1.98 G
2019-06-05 04:54:18,32.0,2.02 G
2019-06-05 04:54:20,35.0,2.02 G
2019-06-05 04:54:22,53.0,2.02 G
2019-06-05 04:54:24,24.0,2.02 G
2019-06-05 04:54:26,755.5,2.03 G
2019-06-05 04:54:28,756.5,2.03 G
2019-06-05 04:54:30,764.5,2.00 G
2019-06-05 04:54:32,756.5,1.98 G
2019-06-05 04:54:34,763.5,1.97 G
2019-06-05 04:54:36,389.7,1.97 G
2019-06-05 04:54:38,755.4,1.96 G
2019-06-05 04:54:40,544.4,1.96 G
2019-06-05 04:54:42,4.0,1.96 G
2019-06-05 04:54:44,4.0,1.96 G
2019-06-05 04:54:46,4.0,1.96 G
2019-06-05 04:54:48,4.0,1.96 G
2019-06-05 04:54:50,11.0,1.96 G
2019-06-05 04:54:52,3.0,1.96 G
2019-06-05 04:54:54,3.0,1.96 G
2019-06-05 04:54:56,2.0,1.96 G
2019-06-05 04:54:58,2.0,1.96 G
2019-06-05 04:55:00,114.9,2.18 G
2019-06-05 04:55:02,756.4,2.18 G
2019-06-05 04:55:04,750.2,2.18 G
2019-06-05 04:55:06,757.4,2.18 G
2019-06-05 04:55:09,757.5,2.17 G
2019-06-05 04:55:11,757.5,2.17 G
2019-06-05 04:55:13,751.5,2.17 G
2019-06-05 04:55:15,4.0,2.16 G
2019-06-05 04:55:17,3.0,2.16 G
2019-06-05 04:55:19,3.0,2.16 G
2019-06-05 04:55:21,10.0,2.17 G
2019-06-05 04:55:23,754.5,2.17 G
2019-06-05 04:55:25,755.5,2.16 G
2019-06-05 04:55:27,39.0,2.16 G
2019-06-05 04:55:29,39.0,2.16 G
2019-06-05 04:55:31,42.0,2.16 G
2019-06-05 04:55:33,41.0,2.16 G
2019-06-05 04:55:35,37.0,2.16 G
2019-06-05 04:55:37,68.9,2.17 G
2019-06-05 04:55:39,42.0,2.17 G
2019-06-05 04:55:41,43.0,2.17 G
2019-06-05 04:55:43,358.7,2.19 G
2019-06-05 04:55:45,765.8,2.19 G
2019-06-05 04:55:47,756.6,2.19 G
2019-06-05 04:55:49,5.0,2.18 G
2019-06-05 04:55:51,2.0,2.18 G
2019-06-05 04:55:53,5.0,2.18 G
2019-06-05 04:55:55,4.0,2.18 G
2019-06-05 04:55:57,97.9,2.20 G
2019-06-05 04:55:59,757.5,2.19 G
2019-06-05 04:56:01,754.5,2.18 G
2019-06-05 04:56:03,755.5,2.18 G
2019-06-05 04:56:05,757.2,2.18 G
2019-06-05 04:56:07,4.0,2.17 G
2019-06-05 04:56:09,6.0,2.17 G
2019-06-05 04:56:11,5.0,2.17 G
2019-06-05 04:56:13,4.0,2.17 G
2019-06-05 04:56:15,302.0,2.30 G
2019-06-05 04:56:17,756.2,2.30 G
2019-06-05 04:56:19,608.3,2.29 G
2019-06-05 04:56:21,7.0,2.29 G
2019-06-05 04:56:23,3.0,2.29 G
2019-06-05 04:56:25,5.0,2.29 G
2019-06-05 04:56:27,4.0,2.29 G
2019-06-05 04:56:29,3.0,2.29 G
2019-06-05 04:56:31,756.5,2.29 G
2019-06-05 04:56:33,750.7,2.29 G
2019-06-05 04:56:35,756.5,2.29 G
2019-06-05 04:56:37,755.2,2.29 G
2019-06-05 04:56:39,2.0,2.28 G
2019-06-05 04:56:41,2.0,2.28 G
2019-06-05 04:56:43,348.8,2.28 G
2019-06-05 04:56:45,753.5,2.28 G
2019-06-05 04:56:47,527.4,2.28 G
2019-06-05 04:56:49,757.5,2.28 G
2019-06-05 04:56:51,755.5,2.28 G
2019-06-05 04:56:53,4.0,2.28 G
2019-06-05 04:56:55,756.2,2.28 G
2019-06-05 04:56:57,746.6,2.28 G
2019-06-05 04:56:59,3.0,2.28 G
2019-06-05 04:57:01,3.0,2.28 G
2019-06-05 04:57:03,3.0,2.28 G
2019-06-05 04:57:05,753.6,2.28 G
2019-06-05 04:57:07,756.5,2.28 G
2019-06-05 04:57:09,757.5,2.28 G
2019-06-05 04:57:11,755.2,2.28 G
2019-06-05 04:57:13,156.9,2.28 G
2019-06-05 04:57:15,444.5,2.28 G
2019-06-05 04:57:17,754.3,2.28 G
2019-06-05 04:57:19,430.5,2.28 G
2019-06-05 04:57:21,753.5,2.28 G
2019-06-05 04:57:23,757.7,2.28 G
2019-06-05 04:57:25,6.0,2.28 G
2019-06-05 04:57:27,5.0,2.28 G
2019-06-05 04:57:29,5.0,2.28 G
2019-06-05 04:57:31,4.0,2.28 G
2019-06-05 04:57:33,88.9,2.29 G
2019-06-05 04:57:35,755.5,2.29 G
2019-06-05 04:57:37,753.5,2.29 G
2019-06-05 04:57:39,755.6,2.29 G
2019-06-05 04:57:41,757.5,2.28 G
2019-06-05 04:57:43,742.6,2.29 G
2019-06-05 04:57:45,757.6,2.29 G
2019-06-05 04:57:47,155.8,2.29 G
2019-06-05 04:57:49,484.6,2.29 G
2019-06-05 04:57:51,756.8,2.29 G
2019-06-05 04:57:53,471.5,2.29 G
2019-06-05 04:57:55,2.0,2.29 G
2019-06-05 04:57:57,5.0,2.29 G
2019-06-05 04:57:59,4.0,2.29 G
2019-06-05 04:58:01,5.0,2.29 G
2019-06-05 04:58:03,11.0,2.29 G
2019-06-05 04:58:05,5.0,2.29 G
2019-06-05 04:58:08,3.0,2.29 G
2019-06-05 04:58:10,6.0,2.29 G
2019-06-05 04:58:12,5.0,2.29 G
2019-06-05 04:58:14,108.9,2.47 G
2019-06-05 04:58:16,757.9,2.47 G
2019-06-05 04:58:18,757.5,2.47 G
2019-06-05 04:58:20,759.5,2.46 G
2019-06-05 04:58:22,754.4,2.46 G
2019-06-05 04:58:24,754.5,2.46 G
2019-06-05 04:58:26,757.6,2.46 G
2019-06-05 04:58:28,4.0,2.44 G
2019-06-05 04:58:30,3.0,2.44 G
2019-06-05 04:58:32,2.0,2.44 G
2019-06-05 04:58:34,687.4,2.45 G
2019-06-05 04:58:36,751.4,2.45 G
2019-06-05 04:58:38,239.9,2.45 G
2019-06-05 04:58:40,5.0,2.45 G
2019-06-05 04:58:42,94.9,2.45 G
2019-06-05 04:58:44,755.4,2.45 G
2019-06-05 04:58:46,751.2,2.45 G
2019-06-05 04:58:48,4.0,2.44 G
2019-06-05 04:58:50,3.0,2.44 G
2019-06-05 04:58:52,3.0,2.44 G
2019-06-05 04:58:54,749.5,2.45 G
2019-06-05 04:58:56,757.5,2.45 G
2019-06-05 04:58:58,353.6,2.45 G
2019-06-05 04:59:00,755.6,2.45 G
2019-06-05 04:59:02,523.6,2.45 G
2019-06-05 04:59:04,756.5,2.45 G
2019-06-05 04:59:06,747.5,2.45 G
2019-06-05 04:59:08,33.0,2.45 G
2019-06-05 04:59:10,620.7,2.45 G
2019-06-05 04:59:12,758.5,2.45 G
2019-06-05 04:59:14,310.7,2.45 G
2019-06-05 04:59:16,4.0,2.45 G
2019-06-05 04:59:18,4.0,2.45 G
2019-06-05 04:59:20,3.0,2.45 G
2019-06-05 04:59:22,749.3,2.46 G
2019-06-05 04:59:24,755.5,2.45 G
2019-06-05 04:59:26,22.0,2.45 G
2019-06-05 04:59:28,35.0,2.45 G
2019-06-05 04:59:30,533.5,2.45 G
2019-06-05 04:59:32,756.3,2.45 G
2019-06-05 04:59:34,444.5,2.45 G
2019-06-05 04:59:36,2.0,2.45 G
2019-06-05 04:59:38,7.0,2.45 G
2019-06-05 04:59:40,7.0,2.45 G
2019-06-05 04:59:42,2.0,2.45 G
2019-06-05 04:59:44,4.0,2.45 G
2019-06-05 04:59:46,4.0,2.45 G
2019-06-05 04:59:48,341.8,2.46 G
2019-06-05 04:59:50,755.5,2.46 G
2019-06-05 04:59:52,756.9,2.45 G
2019-06-05 04:59:54,757.5,2.45 G
2019-06-05 04:59:56,750.6,2.45 G
2019-06-05 04:59:58,2.0,2.45 G
2019-06-05 05:00:00,2.0,2.45 G
2019-06-05 05:00:02,4.0,2.45 G
2019-06-05 05:00:04,4.0,2.45 G
2019-06-05 05:00:06,3.0,2.45 G
2019-06-05 05:00:08,3.0,2.45 G
2019-06-05 05:00:10,2.0,2.45 G
2019-06-05 05:00:12,752.5,2.46 G
2019-06-05 05:00:14,756.4,2.46 G
2019-06-05 05:00:16,303.0,2.45 G
2019-06-05 05:00:18,757.6,2.45 G
2019-06-05 05:00:20,688.5,2.45 G
2019-06-05 05:00:22,4.0,2.45 G
2019-06-05 05:00:24,756.5,2.45 G
2019-06-05 05:00:26,748.4,2.45 G
2019-06-05 05:00:28,5.0,2.45 G
2019-06-05 05:00:30,5.0,2.45 G
2019-06-05 05:00:32,6.0,2.45 G
2019-06-05 05:00:34,104.0,2.52 G
2019-06-05 05:00:36,758.5,2.53 G
2019-06-05 05:00:38,757.5,2.53 G
2019-06-05 05:00:40,13.0,2.53 G
2019-06-05 05:00:42,4.0,2.53 G
2019-06-05 05:00:44,4.0,2.53 G
2019-06-05 05:00:46,4.0,2.53 G
2019-06-05 05:00:48,3.0,2.53 G
2019-06-05 05:00:50,754.5,2.53 G
2019-06-05 05:00:52,757.5,2.53 G
2019-06-05 05:00:54,136.9,2.53 G
2019-06-05 05:00:56,7.0,2.53 G
2019-06-05 05:00:58,188.9,2.53 G
2019-06-05 05:01:00,755.5,2.53 G
2019-06-05 05:01:02,749.8,2.53 G
2019-06-05 05:01:04,756.5,2.53 G
2019-06-05 05:01:07,757.5,2.53 G
2019-06-05 05:01:09,3.0,2.53 G
2019-06-05 05:01:11,6.0,2.53 G
2019-06-05 05:01:13,4.0,2.53 G
2019-06-05 05:01:15,4.0,2.53 G
2019-06-05 05:01:17,3.0,2.53 G
2019-06-05 05:01:19,4.0,2.53 G
2019-06-05 05:01:21,5.0,2.53 G
2019-06-05 05:01:23,714.6,2.54 G
2019-06-05 05:01:25,747.5,2.54 G
2019-06-05 05:01:27,276.7,2.53 G
2019-06-05 05:01:29,2.0,2.53 G
2019-06-05 05:01:31,5.0,2.53 G
2019-06-05 05:01:33,406.6,2.53 G
2019-06-05 05:01:35,756.5,2.53 G
2019-06-05 05:01:37,754.5,2.53 G
2019-06-05 05:01:39,748.5,2.52 G
2019-06-05 05:01:41,706.6,2.52 G
2019-06-05 05:01:43,3.0,2.52 G
2019-06-05 05:01:45,3.0,2.52 G
2019-06-05 05:01:47,3.0,2.52 G
2019-06-05 05:01:49,3.0,2.52 G
2019-06-05 05:01:51,36.0,2.53 G
2019-06-05 05:01:53,37.0,2.53 G
2019-06-05 05:01:55,47.9,2.54 G
2019-06-05 05:01:57,35.0,2.54 G
2019-06-05 05:01:59,36.0,2.54 G
2019-06-05 05:02:01,37.0,2.54 G
2019-06-05 05:02:03,63.0,2.54 G
2019-06-05 05:02:05,37.0,2.54 G
2019-06-05 05:02:07,40.0,2.54 G
2019-06-05 05:02:09,32.0,2.54 G
2019-06-05 05:02:11,24.0,2.54 G
2019-06-05 05:02:13,36.0,2.54 G
2019-06-05 05:02:15,38.0,2.54 G
2019-06-05 05:02:17,35.0,2.54 G
2019-06-05 05:02:19,38.0,2.59 G
2019-06-05 05:02:21,38.0,2.59 G
2019-06-05 05:02:23,30.0,2.59 G
2019-06-05 05:02:25,38.0,2.59 G
2019-06-05 05:02:27,38.0,2.59 G
2019-06-05 05:02:29,26.0,2.59 G
2019-06-05 05:02:31,35.0,2.59 G
2019-06-05 05:02:33,40.0,2.67 G
2019-06-05 05:02:35,36.0,2.67 G
2019-06-05 05:02:37,37.0,2.67 G
2019-06-05 05:02:39,25.0,2.67 G
2019-06-05 05:02:41,38.0,2.67 G
2019-06-05 05:02:43,22.0,2.67 G
2019-06-05 05:02:45,6.0,2.67 G
2019-06-05 05:02:47,34.0,2.67 G
2019-06-05 05:02:49,79.0,2.72 G
2019-06-05 05:02:51,23.0,2.72 G
2019-06-05 05:02:53,40.0,2.72 G
2019-06-05 05:02:55,39.0,2.72 G
2019-06-05 05:02:57,36.0,2.72 G
2019-06-05 05:02:59,37.0,2.72 G
2019-06-05 05:03:01,37.0,2.72 G
2019-06-05 05:03:03,6.0,2.72 G
2019-06-05 05:03:05,764.4,2.83 G
2019-06-05 05:03:07,755.5,2.83 G
2019-06-05 05:03:09,757.5,2.80 G
2019-06-05 05:03:11,2.0,2.77 G
2019-06-05 05:03:13,2.0,2.77 G
2019-06-05 05:03:15,3.0,2.77 G
2019-06-05 05:03:17,4.0,2.77 G
2019-06-05 05:03:19,413.9,2.75 G
2019-06-05 05:03:21,755.4,2.72 G
2019-06-05 05:03:23,556.4,2.69 G
2019-06-05 05:03:25,755.5,2.67 G
2019-06-05 05:03:27,754.5,2.66 G
2019-06-05 05:03:29,751.6,2.65 G
2019-06-05 05:03:31,755.4,2.65 G
2019-06-05 05:03:33,153.8,2.64 G
2019-06-05 05:03:35,2.0,2.64 G
2019-06-05 05:03:37,183.9,2.64 G
2019-06-05 05:03:39,748.4,2.64 G
2019-06-05 05:03:41,701.6,2.64 G
2019-06-05 05:03:43,742.5,2.64 G
2019-06-05 05:03:45,757.5,2.64 G
2019-06-05 05:03:47,8.0,2.64 G
2019-06-05 05:03:49,2.0,2.64 G
2019-06-05 05:03:51,5.0,2.64 G
2019-06-05 05:03:53,756.5,2.65 G
2019-06-05 05:03:55,758.5,2.65 G
2019-06-05 05:03:57,657.5,2.65 G
2019-06-05 05:03:59,749.4,2.65 G
2019-06-05 05:04:01,215.9,2.64 G
2019-06-05 05:04:03,3.0,2.64 G
2019-06-05 05:04:05,5.0,2.64 G
2019-06-05 05:04:07,5.0,2.64 G
2019-06-05 05:04:09,80.9,2.66 G
2019-06-05 05:04:11,757.5,2.69 G
2019-06-05 05:04:13,756.5,2.69 G
2019-06-05 05:04:15,28.0,2.69 G
2019-06-05 05:04:17,38.0,2.69 G
2019-06-05 05:04:19,40.0,2.69 G
2019-06-05 05:04:21,42.0,2.69 G
2019-06-05 05:04:23,753.5,2.69 G
2019-06-05 05:04:25,755.5,2.69 G
2019-06-05 05:04:28,233.7,2.68 G
2019-06-05 05:04:30,756.4,2.69 G
2019-06-05 05:04:32,754.5,2.68 G
2019-06-05 05:04:34,5.0,2.68 G
2019-06-05 05:04:36,5.0,2.68 G
2019-06-05 05:04:38,3.0,2.68 G
2019-06-05 05:04:40,677.9,2.68 G
2019-06-05 05:04:42,755.5,2.68 G
2019-06-05 05:04:44,453.5,2.68 G
2019-06-05 05:04:46,4.0,2.68 G
2019-06-05 05:04:48,4.0,2.68 G
2019-06-05 05:04:50,3.0,2.68 G
2019-06-05 05:04:52,2.0,2.68 G
2019-06-05 05:04:54,508.5,2.69 G
2019-06-05 05:04:56,750.5,2.68 G
2019-06-05 05:04:58,491.4,2.68 G
2019-06-05 05:05:00,4.0,2.68 G
2019-06-05 05:05:02,2.0,2.68 G
2019-06-05 05:05:04,83.0,2.68 G
2019-06-05 05:05:06,753.6,2.68 G
2019-06-05 05:05:08,757.5,2.68 G
2019-06-05 05:05:10,4.0,2.68 G
2019-06-05 05:05:12,2.0,2.68 G
2019-06-05 05:05:14,3.0,2.68 G
2019-06-05 05:05:16,757.6,2.68 G
2019-06-05 05:05:18,755.5,2.68 G
2019-06-05 05:05:20,754.5,2.68 G
2019-06-05 05:05:22,755.5,2.68 G
2019-06-05 05:05:24,3.0,2.68 G
2019-06-05 05:05:26,5.0,2.68 G
2019-06-05 05:05:28,4.0,2.68 G
2019-06-05 05:05:30,612.7,2.70 G
2019-06-05 05:05:32,755.5,2.70 G
2019-06-05 05:05:34,757.5,2.69 G
2019-06-05 05:05:36,756.6,2.69 G
2019-06-05 05:05:38,487.7,2.69 G
2019-06-05 05:05:40,36.0,2.69 G
2019-06-05 05:05:42,37.0,2.69 G
2019-06-05 05:05:44,38.0,2.69 G
2019-06-05 05:05:46,37.0,2.69 G
2019-06-05 05:05:48,42.0,2.69 G
2019-06-05 05:05:50,37.0,2.69 G
2019-06-05 05:05:52,74.9,2.69 G
2019-06-05 05:05:54,642.3,2.70 G
2019-06-05 05:05:56,758.4,2.70 G
2019-06-05 05:05:58,763.5,2.69 G
2019-06-05 05:06:00,5.0,2.69 G
2019-06-05 05:06:02,3.0,2.69 G
2019-06-05 05:06:04,5.0,2.69 G
2019-06-05 05:06:06,603.7,2.70 G
2019-06-05 05:06:08,755.6,2.70 G
2019-06-05 05:06:10,461.7,2.70 G
2019-06-05 05:06:12,754.5,2.70 G
2019-06-05 05:06:14,749.4,2.70 G
2019-06-05 05:06:16,39.0,2.70 G
2019-06-05 05:06:18,41.0,2.70 G
2019-06-05 05:06:20,41.0,2.70 G
2019-06-05 05:06:22,40.0,2.70 G
2019-06-05 05:06:24,43.0,2.71 G
2019-06-05 05:06:26,366.7,2.73 G
2019-06-05 05:06:28,754.5,2.73 G
2019-06-05 05:06:30,757.6,2.72 G
2019-06-05 05:06:32,611.4,2.72 G
2019-06-05 05:06:34,758.5,2.71 G
2019-06-05 05:06:36,383.6,2.71 G
2019-06-05 05:06:38,752.9,2.72 G
2019-06-05 05:06:40,751.5,2.72 G
2019-06-05 05:06:42,10.0,2.71 G
2019-06-05 05:06:44,2.0,2.71 G
2019-06-05 05:06:46,3.0,2.71 G
2019-06-05 05:06:48,491.7,2.71 G
2019-06-05 05:06:50,756.6,2.71 G
2019-06-05 05:06:52,431.7,2.71 G
2019-06-05 05:06:54,3.0,2.71 G
2019-06-05 05:06:56,5.0,2.71 G
2019-06-05 05:06:58,7.0,2.71 G
2019-06-05 05:07:00,5.0,2.71 G
2019-06-05 05:07:02,699.5,2.72 G
2019-06-05 05:07:04,754.6,2.71 G
2019-06-05 05:07:06,120.9,2.71 G
2019-06-05 05:07:08,3.0,2.71 G
2019-06-05 05:07:10,6.0,2.71 G
2019-06-05 05:07:12,3.0,2.71 G
2019-06-05 05:07:14,3.0,2.71 G
2019-06-05 05:07:16,3.0,2.71 G
2019-06-05 05:07:18,7.0,2.71 G
2019-06-05 05:07:20,5.0,2.71 G
2019-06-05 05:07:22,2.0,2.71 G
2019-06-05 05:07:24,3.0,2.71 G
2019-06-05 05:07:26,3.0,2.71 G
2019-06-05 05:07:28,2.0,2.71 G
2019-06-05 05:07:30,6.0,2.71 G
2019-06-05 05:07:32,5.0,2.71 G
2019-06-05 05:07:34,3.0,2.71 G
2019-06-05 05:07:36,752.5,2.73 G
2019-06-05 05:07:38,755.5,2.73 G
2019-06-05 05:07:41,755.5,2.73 G
2019-06-05 05:07:43,755.5,2.72 G
2019-06-05 05:07:45,750.5,2.72 G
2019-06-05 05:07:47,755.0,2.72 G
2019-06-05 05:07:49,754.5,2.72 G
2019-06-05 05:07:51,754.5,2.72 G
2019-06-05 05:07:53,485.7,2.71 G
2019-06-05 05:07:55,749.5,2.71 G
2019-06-05 05:07:57,694.3,2.71 G
2019-06-05 05:07:59,4.0,2.71 G
2019-06-05 05:08:01,479.5,2.71 G
2019-06-05 05:08:03,756.8,2.71 G
2019-06-05 05:08:05,414.6,2.71 G
2019-06-05 05:08:07,4.0,2.71 G
2019-06-05 05:08:09,3.0,2.71 G
2019-06-05 05:08:11,4.0,2.71 G
2019-06-05 05:08:13,5.0,2.71 G
2019-06-05 05:08:15,4.0,2.71 G
2019-06-05 05:08:17,6.0,2.71 G
2019-06-05 05:08:19,132.0,2.72 G
2019-06-05 05:08:21,757.5,2.72 G
2019-06-05 05:08:23,734.2,2.71 G
2019-06-05 05:08:25,2.0,2.71 G
2019-06-05 05:08:27,4.0,2.71 G
2019-06-05 05:08:29,5.0,2.71 G
2019-06-05 05:08:31,4.0,2.71 G
2019-06-05 05:08:33,2.0,2.71 G
2019-06-05 05:08:35,4.0,2.71 G
2019-06-05 05:08:37,4.0,2.71 G
2019-06-05 05:08:39,7.0,2.71 G
2019-06-05 05:08:41,6.0,2.71 G
2019-06-05 05:08:43,6.0,2.71 G
2019-06-05 05:08:45,4.0,2.71 G
2019-06-05 05:08:47,3.0,2.71 G
2019-06-05 05:08:49,3.0,2.71 G
2019-06-05 05:08:51,2.0,2.71 G
2019-06-05 05:08:53,17.9,2.73 G
2019-06-05 05:08:55,757.5,2.73 G
2019-06-05 05:08:57,756.5,2.73 G
2019-06-05 05:08:59,737.4,2.72 G
2019-06-05 05:09:01,753.6,2.72 G
2019-06-05 05:09:03,752.5,2.72 G
2019-06-05 05:09:05,756.5,2.72 G
2019-06-05 05:09:07,747.6,2.72 G
2019-06-05 05:09:09,757.2,2.71 G
2019-06-05 05:09:11,4.0,2.71 G
2019-06-05 05:09:13,13.0,2.71 G
2019-06-05 05:09:15,36.0,2.71 G
2019-06-05 05:09:17,35.0,2.71 G
2019-06-05 05:09:19,38.0,2.71 G
2019-06-05 05:09:21,37.0,2.71 G
2019-06-05 05:09:23,37.0,2.71 G
2019-06-05 05:09:25,64.9,2.72 G
2019-06-05 05:09:27,37.0,2.72 G
2019-06-05 05:09:29,40.0,2.72 G
2019-06-05 05:09:31,41.0,2.72 G
2019-06-05 05:09:33,37.0,2.72 G
2019-06-05 05:09:35,761.4,2.72 G
2019-06-05 05:09:37,758.6,2.72 G
2019-06-05 05:09:39,763.6,2.72 G
2019-06-05 05:09:41,2.0,2.71 G
2019-06-05 05:09:43,5.0,2.71 G
2019-06-05 05:09:45,2.0,2.71 G
2019-06-05 05:09:47,408.9,2.76 G
2019-06-05 05:09:49,758.5,2.76 G
2019-06-05 05:09:51,608.4,2.75 G
2019-06-05 05:09:53,37.0,2.75 G
2019-06-05 05:09:55,36.0,2.75 G
2019-06-05 05:09:57,37.0,2.75 G
2019-06-05 05:09:59,36.0,2.75 G
2019-06-05 05:10:01,38.0,2.75 G
2019-06-05 05:10:03,40.0,2.75 G
2019-06-05 05:10:05,36.0,2.76 G
2019-06-05 05:10:07,37.0,2.76 G
2019-06-05 05:10:09,36.0,2.76 G
2019-06-05 05:10:11,36.0,2.76 G
2019-06-05 05:10:13,38.0,2.76 G
2019-06-05 05:10:15,39.0,2.76 G
2019-06-05 05:10:17,69.9,2.77 G
2019-06-05 05:10:19,37.0,2.77 G
2019-06-05 05:10:21,36.0,2.77 G
2019-06-05 05:10:23,39.0,2.77 G
2019-06-05 05:10:25,35.0,2.77 G
2019-06-05 05:10:27,34.0,2.77 G
2019-06-05 05:10:29,38.0,2.77 G
2019-06-05 05:10:31,38.0,2.83 G
2019-06-05 05:10:33,37.0,2.83 G
2019-06-05 05:10:35,33.0,2.83 G
2019-06-05 05:10:37,33.0,2.83 G
2019-06-05 05:10:39,33.0,2.83 G
2019-06-05 05:10:41,504.9,2.86 G
2019-06-05 05:10:43,769.5,2.87 G
2019-06-05 05:10:45,763.5,2.86 G
2019-06-05 05:10:47,536.4,2.85 G
2019-06-05 05:10:50,4.0,2.85 G
2019-06-05 05:10:52,5.0,2.85 G
2019-06-05 05:10:54,4.0,2.85 G
2019-06-05 05:10:56,3.0,2.85 G
2019-06-05 05:10:58,11.0,2.85 G
2019-06-05 05:11:00,3.0,2.85 G
2019-06-05 05:11:02,4.0,2.85 G
2019-06-05 05:11:04,2.0,2.85 G
2019-06-05 05:11:06,2.0,2.85 G
2019-06-05 05:11:08,119.0,2.93 G
2019-06-05 05:11:10,105.0,3.22 G
2019-06-05 05:11:12,545.6,3.31 G
2019-06-05 05:11:14,755.6,3.31 G
2019-06-05 05:11:16,756.5,3.31 G
2019-06-05 05:11:18,755.3,3.31 G
2019-06-05 05:11:20,746.5,3.30 G
2019-06-05 05:11:22,757.9,3.30 G
2019-06-05 05:11:24,746.5,3.29 G
2019-06-05 05:11:26,757.5,3.29 G
2019-06-05 05:11:28,756.4,3.29 G
2019-06-05 05:11:30,4.0,3.29 G
2019-06-05 05:11:32,3.0,3.29 G
2019-06-05 05:11:34,3.0,3.29 G
2019-06-05 05:11:36,4.0,3.29 G
2019-06-05 05:11:38,5.0,3.29 G
2019-06-05 05:11:40,4.0,3.29 G
2019-06-05 05:11:42,5.0,3.29 G
2019-06-05 05:11:44,301.8,3.30 G
2019-06-05 05:11:46,756.4,3.30 G
2019-06-05 05:11:48,592.6,3.29 G
2019-06-05 05:11:50,755.5,3.29 G
2019-06-05 05:11:52,754.2,3.29 G
2019-06-05 05:11:54,3.0,3.29 G
2019-06-05 05:11:56,32.0,3.29 G
2019-06-05 05:11:58,388.6,3.33 G
2019-06-05 05:12:00,750.5,3.33 G
2019-06-05 05:12:02,469.7,3.32 G
2019-06-05 05:12:04,751.4,3.33 G
2019-06-05 05:12:06,747.3,3.32 G
2019-06-05 05:12:08,22.0,3.32 G
2019-06-05 05:12:10,757.6,3.32 G
2019-06-05 05:12:12,755.5,3.32 G
2019-06-05 05:12:14,3.0,3.32 G
2019-06-05 05:12:16,4.0,3.32 G
2019-06-05 05:12:18,83.9,3.32 G
2019-06-05 05:12:20,752.5,3.32 G
2019-06-05 05:12:22,751.5,3.32 G
2019-06-05 05:12:24,53.9,3.32 G
2019-06-05 05:12:26,3.0,3.32 G
2019-06-05 05:12:28,4.0,3.32 G
2019-06-05 05:12:30,2.0,3.32 G
2019-06-05 05:12:32,757.5,3.33 G
2019-06-05 05:12:34,755.5,3.33 G
2019-06-05 05:12:36,2.0,3.32 G
2019-06-05 05:12:38,2.0,3.32 G
2019-06-05 05:12:40,2.0,3.32 G
2019-06-05 05:12:42,2.0,3.32 G
2019-06-05 05:12:44,5.0,3.32 G
2019-06-05 05:12:46,4.0,3.32 G
2019-06-05 05:12:48,9.0,3.34 G
2019-06-05 05:12:50,33.0,3.35 G
2019-06-05 05:12:52,39.0,3.35 G
2019-06-05 05:12:54,36.0,3.35 G
2019-06-05 05:12:56,36.0,3.35 G
2019-06-05 05:12:58,37.0,3.35 G
2019-06-05 05:13:00,65.9,3.35 G
2019-06-05 05:13:02,752.5,3.35 G
2019-06-05 05:13:04,756.6,3.35 G
2019-06-05 05:13:06,756.7,3.35 G
2019-06-05 05:13:08,755.5,3.33 G
2019-06-05 05:13:10,129.9,3.33 G
2019-06-05 05:13:12,4.0,3.33 G
2019-06-05 05:13:14,5.0,3.33 G
2019-06-05 05:13:16,3.0,3.33 G
2019-06-05 05:13:18,3.0,3.33 G
2019-06-05 05:13:20,3.0,3.33 G
2019-06-05 05:13:22,4.0,3.33 G
2019-06-05 05:13:24,36.0,3.33 G
2019-06-05 05:13:26,36.0,3.34 G
2019-06-05 05:13:28,36.0,3.34 G
2019-06-05 05:13:30,39.0,3.34 G
2019-06-05 05:13:32,36.0,3.34 G
2019-06-05 05:13:34,34.0,3.35 G
2019-06-05 05:13:36,34.0,3.35 G
2019-06-05 05:13:38,37.0,3.35 G
2019-06-05 05:13:40,78.9,3.35 G
2019-06-05 05:13:42,35.0,3.35 G
2019-06-05 05:13:44,38.0,3.35 G
2019-06-05 05:13:46,36.0,3.35 G
2019-06-05 05:13:48,35.0,3.35 G
2019-06-05 05:13:50,36.0,3.35 G
2019-06-05 05:13:52,32.0,3.35 G
2019-06-05 05:13:54,31.0,3.35 G
2019-06-05 05:13:56,25.0,3.35 G
2019-06-05 05:13:58,71.9,3.35 G
2019-06-05 05:14:00,36.0,3.35 G
2019-06-05 05:14:02,37.0,3.35 G
2019-06-05 05:14:04,36.0,3.35 G
2019-06-05 05:14:06,38.0,3.35 G
2019-06-05 05:14:08,36.0,3.35 G
2019-06-05 05:14:10,37.0,3.35 G
2019-06-05 05:14:12,36.0,3.35 G
2019-06-05 05:14:15,70.0,3.35 G
2019-06-05 05:14:17,39.0,3.38 G
2019-06-05 05:14:19,75.9,3.38 G
2019-06-05 05:14:21,116.9,3.39 G
2019-06-05 05:14:23,37.0,3.39 G
2019-06-05 05:14:25,36.0,3.39 G
2019-06-05 05:14:27,36.0,3.38 G
2019-06-05 05:14:29,39.0,3.38 G
2019-06-05 05:14:31,55.0,3.38 G
2019-06-05 05:14:33,41.0,3.40 G
2019-06-05 05:14:35,39.0,3.40 G
2019-06-05 05:14:37,36.0,3.40 G
2019-06-05 05:14:39,34.0,3.40 G
2019-06-05 05:14:41,761.4,3.43 G
2019-06-05 05:14:43,764.6,3.43 G
2019-06-05 05:14:45,760.9,3.40 G
2019-06-05 05:14:47,11.0,3.38 G
2019-06-05 05:14:49,5.0,3.38 G
2019-06-05 05:14:51,4.0,3.38 G
2019-06-05 05:14:53,80.0,3.38 G
2019-06-05 05:14:55,754.6,3.33 G
2019-06-05 05:14:57,756.5,3.30 G
2019-06-05 05:14:59,7.0,3.29 G
2019-06-05 05:15:01,4.0,3.29 G
2019-06-05 05:15:03,2.0,3.29 G
2019-06-05 05:15:05,108.9,3.30 G
2019-06-05 05:15:07,105.9,3.32 G
2019-06-05 05:15:09,105.9,3.38 G
2019-06-05 05:15:11,394.8,3.40 G
2019-06-05 05:15:13,756.3,3.40 G
2019-06-05 05:15:15,713.2,3.38 G
2019-06-05 05:15:17,2.0,3.38 G
2019-06-05 05:15:19,3.0,3.38 G
2019-06-05 05:15:21,4.0,3.38 G
2019-06-05 05:15:23,106.9,3.40 G
2019-06-05 05:15:25,105.9,3.41 G
2019-06-05 05:15:27,106.9,3.41 G
2019-06-05 05:15:29,750.5,3.41 G
2019-06-05 05:15:31,756.5,3.41 G
2019-06-05 05:15:33,135.8,3.40 G
2019-06-05 05:15:35,5.0,3.40 G
2019-06-05 05:15:37,648.4,3.40 G
2019-06-05 05:15:39,755.5,3.39 G
2019-06-05 05:15:41,369.6,3.38 G
2019-06-05 05:15:43,2.0,3.38 G
2019-06-05 05:15:45,3.0,3.38 G
2019-06-05 05:15:47,753.5,3.39 G
2019-06-05 05:15:49,754.5,3.39 G
2019-06-05 05:15:51,165.8,3.39 G
2019-06-05 05:15:53,4.0,3.39 G
2019-06-05 05:15:55,4.0,3.39 G
2019-06-05 05:15:57,425.7,3.39 G
2019-06-05 05:15:59,749.5,3.39 G
2019-06-05 05:16:01,499.4,3.38 G
2019-06-05 05:16:03,3.0,3.38 G
2019-06-05 05:16:05,4.0,3.38 G
2019-06-05 05:16:07,3.0,3.38 G
2019-06-05 05:16:09,5.0,3.38 G
2019-06-05 05:16:11,6.0,3.38 G
2019-06-05 05:16:13,3.0,3.38 G
2019-06-05 05:16:15,2.0,3.38 G
2019-06-05 05:16:17,47.0,3.40 G
2019-06-05 05:16:19,754.9,3.40 G
2019-06-05 05:16:21,749.5,3.39 G
2019-06-05 05:16:23,3.0,3.39 G
2019-06-05 05:16:25,2.0,3.39 G
2019-06-05 05:16:27,26.0,3.39 G
2019-06-05 05:16:29,36.0,3.40 G
2019-06-05 05:16:31,39.0,3.40 G
2019-06-05 05:16:33,38.0,3.40 G
2019-06-05 05:16:35,37.0,3.40 G
2019-06-05 05:16:37,35.0,3.40 G
2019-06-05 05:16:39,37.0,3.40 G
2019-06-05 05:16:41,36.0,3.40 G
2019-06-05 05:16:43,36.0,3.40 G
2019-06-05 05:16:45,38.0,3.40 G
2019-06-05 05:16:47,36.0,3.40 G
2019-06-05 05:16:49,61.9,3.40 G
2019-06-05 05:16:51,37.0,3.40 G
2019-06-05 05:16:53,576.7,3.43 G
2019-06-05 05:16:55,758.5,3.43 G
2019-06-05 05:16:57,762.4,3.43 G
2019-06-05 05:16:59,764.5,3.43 G
2019-06-05 05:17:01,757.5,3.41 G
2019-06-05 05:17:03,649.3,3.38 G
2019-06-05 05:17:05,4.0,3.38 G
2019-06-05 05:17:07,3.0,3.38 G
2019-06-05 05:17:09,4.0,3.38 G
2019-06-05 05:17:11,3.0,3.38 G
2019-06-05 05:17:13,751.5,3.39 G
2019-06-05 05:17:15,753.6,3.38 G
2019-06-05 05:17:17,756.5,3.38 G
2019-06-05 05:17:19,754.5,3.37 G
2019-06-05 05:17:21,755.6,3.37 G
2019-06-05 05:17:23,4.0,3.36 G
2019-06-05 05:17:25,3.0,3.36 G
2019-06-05 05:17:27,3.0,3.36 G
2019-06-05 05:17:29,755.5,3.36 G
2019-06-05 05:17:31,755.5,3.36 G
2019-06-05 05:17:34,754.6,3.36 G
2019-06-05 05:17:36,758.6,3.36 G
2019-06-05 05:17:38,336.8,3.36 G
2019-06-05 05:17:40,3.0,3.36 G
2019-06-05 05:17:42,3.0,3.36 G
2019-06-05 05:17:44,2.0,3.36 G
2019-06-05 05:17:46,4.0,3.36 G
2019-06-05 05:17:48,5.0,3.36 G
2019-06-05 05:17:50,2.0,3.36 G
2019-06-05 05:17:52,2.0,3.36 G
2019-06-05 05:17:54,185.8,3.39 G
2019-06-05 05:17:56,753.3,3.39 G
2019-06-05 05:17:58,757.6,3.39 G
2019-06-05 05:18:00,28.0,3.38 G
2019-06-05 05:18:02,37.0,3.38 G
2019-06-05 05:18:04,37.0,3.38 G
2019-06-05 05:18:06,37.0,3.38 G
2019-06-05 05:18:08,34.0,3.38 G
2019-06-05 05:18:10,745.4,3.36 G
2019-06-05 05:18:12,751.6,3.36 G
2019-06-05 05:18:14,284.7,3.36 G
2019-06-05 05:18:16,2.0,3.36 G
2019-06-05 05:18:18,2.0,3.36 G
2019-06-05 05:18:20,3.0,3.36 G
2019-06-05 05:18:22,3.0,3.36 G
2019-06-05 05:18:24,756.5,3.38 G
2019-06-05 05:18:26,756.5,3.37 G
2019-06-05 05:18:28,756.5,3.36 G
2019-06-05 05:18:30,756.9,3.36 G
2019-06-05 05:18:32,230.8,3.36 G
2019-06-05 05:18:34,3.0,3.36 G
2019-06-05 05:18:36,4.0,3.36 G
2019-06-05 05:18:38,9.0,3.36 G
2019-06-05 05:18:40,102.9,3.38 G
2019-06-05 05:18:42,103.0,3.41 G
2019-06-05 05:18:44,754.4,3.41 G
2019-06-05 05:18:46,754.4,3.41 G
2019-06-05 05:18:48,11.0,3.40 G
2019-06-05 05:18:50,3.0,3.40 G
2019-06-05 05:18:52,3.0,3.40 G
2019-06-05 05:18:54,3.0,3.40 G
2019-06-05 05:18:56,2.0,3.40 G
2019-06-05 05:18:58,4.0,3.40 G
2019-06-05 05:19:00,2.0,3.40 G
2019-06-05 05:19:02,102.9,3.41 G
2019-06-05 05:19:04,102.9,3.41 G
2019-06-05 05:19:06,421.6,3.41 G
2019-06-05 05:19:08,760.7,3.41 G
2019-06-05 05:19:10,755.5,3.40 G
2019-06-05 05:19:12,4.0,3.40 G
2019-06-05 05:19:14,3.0,3.40 G
2019-06-05 05:19:16,741.9,3.40 G
2019-06-05 05:19:18,753.4,3.40 G
2019-06-05 05:19:20,436.5,3.39 G
2019-06-05 05:19:22,3.0,3.39 G
2019-06-05 05:19:24,4.0,3.39 G
2019-06-05 05:19:26,4.0,3.39 G
2019-06-05 05:19:28,4.0,3.39 G
2019-06-05 05:19:30,58.9,3.40 G
2019-06-05 05:19:32,749.4,3.41 G
2019-06-05 05:19:34,754.7,3.41 G
2019-06-05 05:19:36,378.6,3.39 G
2019-06-05 05:19:38,4.0,3.39 G
2019-06-05 05:19:40,106.9,3.40 G
2019-06-05 05:19:42,755.5,3.40 G
2019-06-05 05:19:44,757.6,3.40 G
2019-06-05 05:19:46,51.9,3.40 G
2019-06-05 05:19:48,38.0,3.40 G
2019-06-05 05:19:50,38.0,3.40 G
2019-06-05 05:19:52,38.0,3.40 G
2019-06-05 05:19:54,41.0,3.40 G
2019-06-05 05:19:56,40.0,3.40 G
2019-06-05 05:19:58,39.0,3.40 G
2019-06-05 05:20:00,40.0,3.40 G
2019-06-05 05:20:02,78.9,3.40 G
2019-06-05 05:20:04,43.0,3.40 G
2019-06-05 05:20:06,40.0,3.40 G
2019-06-05 05:20:08,40.0,3.40 G
2019-06-05 05:20:10,39.0,3.40 G
2019-06-05 05:20:12,39.0,3.40 G
2019-06-05 05:20:14,38.0,3.40 G
2019-06-05 05:20:16,79.0,3.40 G
2019-06-05 05:20:18,763.5,3.40 G
2019-06-05 05:20:20,754.2,3.40 G
2019-06-05 05:20:22,558.4,3.40 G
2019-06-05 05:20:24,2.0,3.40 G
2019-06-05 05:20:26,2.0,3.40 G
2019-06-05 05:20:28,2.0,3.40 G
2019-06-05 05:20:30,3.0,3.40 G
2019-06-05 05:20:32,2.0,3.40 G
2019-06-05 05:20:34,3.0,3.40 G
2019-06-05 05:20:36,2.0,3.40 G
2019-06-05 05:20:38,742.4,3.41 G
2019-06-05 05:20:40,756.3,3.40 G
2019-06-05 05:20:42,72.9,3.40 G
2019-06-05 05:20:44,3.0,3.40 G
2019-06-05 05:20:46,4.0,3.40 G
2019-06-05 05:20:48,218.8,3.40 G
2019-06-05 05:20:51,754.7,3.40 G
2019-06-05 05:20:53,753.3,3.40 G
2019-06-05 05:20:55,755.5,3.40 G
2019-06-05 05:20:57,758.5,3.40 G
2019-06-05 05:20:59,5.0,3.40 G
2019-06-05 05:21:01,3.0,3.40 G
2019-06-05 05:21:03,3.0,3.40 G
2019-06-05 05:21:05,3.0,3.40 G
2019-06-05 05:21:07,3.0,3.40 G
2019-06-05 05:21:09,3.0,3.40 G
2019-06-05 05:21:11,4.0,3.40 G
2019-06-05 05:21:13,4.0,3.40 G
2019-06-05 05:21:15,3.0,3.40 G
2019-06-05 05:21:17,74.9,3.42 G
2019-06-05 05:21:19,631.6,3.43 G
2019-06-05 05:21:21,756.5,3.43 G
2019-06-05 05:21:23,750.9,3.42 G
2019-06-05 05:21:25,756.5,3.41 G
2019-06-05 05:21:27,756.4,3.41 G
2019-06-05 05:21:29,757.6,3.41 G
2019-06-05 05:21:31,692.5,3.39 G
2019-06-05 05:21:33,2.0,3.39 G
2019-06-05 05:21:35,3.0,3.39 G
2019-06-05 05:21:37,4.0,3.39 G
2019-06-05 05:21:39,4.0,3.39 G
2019-06-05 05:21:41,2.0,3.39 G
2019-06-05 05:21:43,3.0,3.39 G
2019-06-05 05:21:45,3.0,3.39 G
2019-06-05 05:21:47,178.9,3.42 G
2019-06-05 05:21:49,734.4,3.42 G
2019-06-05 05:21:51,757.9,3.41 G
2019-06-05 05:21:53,750.5,3.41 G
2019-06-05 05:21:55,753.8,3.41 G
2019-06-05 05:21:57,3.0,3.39 G
2019-06-05 05:21:59,3.0,3.39 G
2019-06-05 05:22:01,2.0,3.39 G
2019-06-05 05:22:03,3.0,3.39 G
2019-06-05 05:22:05,2.0,3.39 G
2019-06-05 05:22:07,2.0,3.39 G
2019-06-05 05:22:09,12.0,3.39 G
2019-06-05 05:22:11,39.0,3.40 G
2019-06-05 05:22:13,39.0,3.40 G
2019-06-05 05:22:15,41.0,3.40 G
2019-06-05 05:22:17,41.0,3.41 G
2019-06-05 05:22:19,41.0,3.41 G
2019-06-05 05:22:21,43.0,3.41 G
2019-06-05 05:22:23,42.0,3.41 G
2019-06-05 05:22:25,39.0,3.41 G
2019-06-05 05:22:27,40.0,3.41 G
2019-06-05 05:22:29,42.0,3.41 G
2019-06-05 05:22:31,39.0,3.41 G
2019-06-05 05:22:33,39.0,3.41 G
2019-06-05 05:22:35,40.0,3.41 G
2019-06-05 05:22:37,40.0,3.41 G
2019-06-05 05:22:39,77.9,3.41 G
2019-06-05 05:22:41,42.0,3.41 G
2019-06-05 05:22:43,42.0,3.41 G
2019-06-05 05:22:45,43.0,3.41 G
2019-06-05 05:22:47,41.0,3.41 G
2019-06-05 05:22:49,42.0,3.41 G
2019-06-05 05:22:51,41.0,3.41 G
2019-06-05 05:22:53,44.0,3.41 G
2019-06-05 05:22:55,41.0,3.43 G
2019-06-05 05:22:57,42.0,3.43 G
2019-06-05 05:22:59,38.0,3.43 G
2019-06-05 05:23:01,37.0,3.43 G
2019-06-05 05:23:03,43.9,3.43 G
2019-06-05 05:23:05,42.0,3.43 G
2019-06-05 05:23:07,40.0,3.43 G
2019-06-05 05:23:09,31.0,3.43 G
2019-06-05 05:23:11,42.0,3.43 G
2019-06-05 05:23:13,44.9,3.43 G
2019-06-05 05:23:15,41.0,3.43 G
2019-06-05 05:23:17,542.4,3.45 G
2019-06-05 05:23:19,770.6,3.44 G
2019-06-05 05:23:21,772.5,3.44 G
2019-06-05 05:23:23,765.5,3.44 G
2019-06-05 05:23:25,763.6,3.43 G
2019-06-05 05:23:27,34.0,3.41 G
2019-06-05 05:23:29,44.0,3.41 G
2019-06-05 05:23:31,41.0,3.41 G
2019-06-05 05:23:33,45.0,3.41 G
2019-06-05 05:23:35,65.0,3.41 G
2019-06-05 05:23:37,41.0,3.41 G
2019-06-05 05:23:39,41.0,3.41 G
2019-06-05 05:23:41,41.0,3.41 G
2019-06-05 05:23:43,61.9,3.41 G
2019-06-05 05:23:45,44.0,3.41 G
2019-06-05 05:23:47,719.6,3.41 G
2019-06-05 05:23:49,763.4,3.40 G
2019-06-05 05:23:51,764.6,3.36 G
2019-06-05 05:23:53,413.7,3.35 G
2019-06-05 05:23:55,753.5,3.31 G
2019-06-05 05:23:57,629.3,3.29 G
2019-06-05 05:23:59,38.0,3.29 G
2019-06-05 05:24:01,40.0,3.29 G
2019-06-05 05:24:03,42.0,3.29 G
2019-06-05 05:24:05,42.0,3.29 G
2019-06-05 05:24:07,734.4,3.29 G
2019-06-05 05:24:09,751.3,3.29 G
2019-06-05 05:24:11,560.4,3.29 G
