2019-06-13 00:41:37,234.9,169.08 M
2019-06-13 00:41:39,397.6,533.09 M
2019-06-13 00:41:41,45.0,731.47 M
2019-06-13 00:41:43,99.0,782.02 M
2019-06-13 00:41:45,746.5,805.41 M
2019-06-13 00:41:47,734.4,804.82 M
2019-06-13 00:41:49,742.5,803.70 M
2019-06-13 00:41:51,10.0,798.62 M
2019-06-13 00:41:53,11.0,798.66 M
2019-06-13 00:41:55,12.0,798.66 M
2019-06-13 00:41:57,14.0,798.66 M
2019-06-13 00:41:59,8.0,798.66 M
2019-06-13 00:42:01,14.0,798.66 M
2019-06-13 00:42:03,16.0,798.66 M
2019-06-13 00:42:05,744.7,788.20 M
2019-06-13 00:42:07,750.5,778.38 M
2019-06-13 00:42:09,741.5,777.89 M
2019-06-13 00:42:11,9.0,778.04 M
2019-06-13 00:42:13,10.0,778.04 M
2019-06-13 00:42:15,11.0,778.04 M
2019-06-13 00:42:17,12.0,778.04 M
2019-06-13 00:42:19,17.0,778.04 M
2019-06-13 00:42:21,362.9,1.05 G
2019-06-13 00:42:23,142.8,1.62 G
2019-06-13 00:42:25,112.9,1.75 G
2019-06-13 00:42:27,103.9,1.81 G
2019-06-13 00:42:29,105.0,1.89 G
2019-06-13 00:42:31,102.9,1.96 G
2019-06-13 00:42:33,764.5,1.97 G
2019-06-13 00:42:35,763.7,1.96 G
2019-06-13 00:42:37,527.6,1.95 G
2019-06-13 00:42:39,8.0,1.95 G
2019-06-13 00:42:41,17.0,1.95 G
2019-06-13 00:42:43,11.0,1.95 G
2019-06-13 00:42:45,13.0,1.95 G
2019-06-13 00:42:47,11.0,1.95 G
2019-06-13 00:42:49,176.8,1.96 G
2019-06-13 00:42:51,80.9,1.97 G
2019-06-13 00:42:53,68.0,2.00 G
2019-06-13 00:42:55,49.9,2.00 G
2019-06-13 00:42:57,77.0,2.02 G
2019-06-13 00:42:59,58.0,2.03 G
2019-06-13 00:43:01,45.9,2.03 G
2019-06-13 00:43:03,80.0,2.07 G
2019-06-13 00:43:05,49.9,2.08 G
2019-06-13 00:43:07,72.9,2.10 G
2019-06-13 00:43:09,57.9,2.10 G
2019-06-13 00:43:11,60.9,2.12 G
2019-06-13 00:43:13,46.0,2.12 G
2019-06-13 00:43:15,57.9,2.12 G
2019-06-13 00:43:17,30.0,2.12 G
2019-06-13 00:43:19,48.9,2.14 G
2019-06-13 00:43:21,45.9,2.14 G
2019-06-13 00:43:23,40.0,2.14 G
2019-06-13 00:43:25,64.9,2.14 G
2019-06-13 00:43:27,48.0,2.14 G
2019-06-13 00:43:29,53.9,2.14 G
2019-06-13 00:43:31,134.9,2.16 G
2019-06-13 00:43:33,215.9,2.16 G
2019-06-13 00:43:35,62.9,2.16 G
2019-06-13 00:43:37,41.0,2.17 G
2019-06-13 00:43:39,53.9,2.17 G
2019-06-13 00:43:41,42.0,2.17 G
2019-06-13 00:43:43,61.9,2.17 G
2019-06-13 00:43:45,56.9,2.17 G
2019-06-13 00:43:48,67.9,2.18 G
2019-06-13 00:43:50,43.9,2.18 G
2019-06-13 00:43:52,42.9,2.18 G
2019-06-13 00:43:54,60.9,2.18 G
2019-06-13 00:43:56,54.9,2.18 G
2019-06-13 00:43:58,41.0,2.18 G
2019-06-13 00:44:00,38.0,2.19 G
2019-06-13 00:44:02,47.9,2.19 G
2019-06-13 00:44:04,42.0,2.19 G
2019-06-13 00:44:06,81.9,2.19 G
2019-06-13 00:44:08,64.9,2.20 G
2019-06-13 00:44:10,36.0,2.20 G
2019-06-13 00:44:12,49.0,2.20 G
2019-06-13 00:44:14,40.0,2.20 G
2019-06-13 00:44:16,53.9,2.20 G
2019-06-13 00:44:18,37.0,2.20 G
2019-06-13 00:44:20,56.9,2.20 G
2019-06-13 00:44:22,50.9,2.20 G
2019-06-13 00:44:24,49.0,2.20 G
2019-06-13 00:44:26,56.9,2.20 G
2019-06-13 00:44:28,37.0,2.20 G
2019-06-13 00:44:30,43.0,2.20 G
2019-06-13 00:44:32,54.9,2.21 G
2019-06-13 00:44:34,52.9,2.21 G
2019-06-13 00:44:36,43.0,2.21 G
2019-06-13 00:44:38,47.9,2.21 G
2019-06-13 00:44:40,59.0,2.21 G
2019-06-13 00:44:42,38.0,2.21 G
2019-06-13 00:44:44,56.0,2.21 G
2019-06-13 00:44:46,37.0,2.21 G
2019-06-13 00:44:48,56.9,2.21 G
2019-06-13 00:44:50,51.0,2.21 G
2019-06-13 00:44:52,51.9,2.21 G
2019-06-13 00:44:54,52.0,2.22 G
2019-06-13 00:44:56,51.9,2.22 G
2019-06-13 00:44:58,69.9,2.22 G
2019-06-13 00:45:00,38.0,2.22 G
2019-06-13 00:45:02,39.0,2.22 G
2019-06-13 00:45:04,40.0,2.22 G
2019-06-13 00:45:06,53.9,2.22 G
2019-06-13 00:45:08,66.9,2.22 G
2019-06-13 00:45:10,37.0,2.22 G
2019-06-13 00:45:12,37.0,2.22 G
2019-06-13 00:45:14,74.9,2.25 G
2019-06-13 00:45:16,53.9,2.25 G
2019-06-13 00:45:18,53.9,2.25 G
2019-06-13 00:45:20,49.9,2.25 G
2019-06-13 00:45:22,43.9,2.25 G
2019-06-13 00:45:24,41.0,2.25 G
2019-06-13 00:45:26,41.0,2.25 G
2019-06-13 00:45:28,39.0,2.25 G
2019-06-13 00:45:30,62.9,2.25 G
2019-06-13 00:45:32,52.9,2.25 G
2019-06-13 00:45:34,55.9,2.25 G
2019-06-13 00:45:36,63.9,2.25 G
2019-06-13 00:45:38,47.0,2.25 G
2019-06-13 00:45:40,47.9,2.25 G
2019-06-13 00:45:42,37.0,2.25 G
2019-06-13 00:45:44,48.0,2.25 G
2019-06-13 00:45:46,48.0,2.25 G
2019-06-13 00:45:48,46.9,2.25 G
2019-06-13 00:45:50,38.0,2.25 G
2019-06-13 00:45:52,39.0,2.25 G
2019-06-13 00:45:54,41.0,2.25 G
2019-06-13 00:45:56,46.9,2.25 G
2019-06-13 00:45:58,34.0,2.27 G
2019-06-13 00:46:00,44.0,2.27 G
2019-06-13 00:46:02,46.0,2.27 G
2019-06-13 00:46:04,52.9,2.27 G
2019-06-13 00:46:06,76.9,2.27 G
2019-06-13 00:46:08,43.0,2.27 G
2019-06-13 00:46:10,43.0,2.27 G
2019-06-13 00:46:12,58.0,2.27 G
2019-06-13 00:46:14,39.0,2.28 G
2019-06-13 00:46:16,39.0,2.28 G
2019-06-13 00:46:18,42.9,2.28 G
2019-06-13 00:46:20,44.9,2.28 G
2019-06-13 00:46:22,45.9,2.28 G
2019-06-13 00:46:24,40.0,2.28 G
2019-06-13 00:46:26,59.9,2.29 G
2019-06-13 00:46:28,39.0,2.29 G
2019-06-13 00:46:30,58.9,2.29 G
2019-06-13 00:46:32,45.9,2.29 G
2019-06-13 00:46:34,47.9,2.29 G
2019-06-13 00:46:36,56.9,2.29 G
2019-06-13 00:46:38,45.0,2.29 G
2019-06-13 00:46:40,42.0,2.29 G
2019-06-13 00:46:42,46.0,2.29 G
2019-06-13 00:46:44,37.0,2.31 G
2019-06-13 00:46:46,45.0,2.31 G
2019-06-13 00:46:48,47.9,2.31 G
2019-06-13 00:46:50,49.9,2.31 G
2019-06-13 00:46:52,45.0,2.31 G
2019-06-13 00:46:54,39.0,2.31 G
2019-06-13 00:46:56,42.9,2.31 G
2019-06-13 00:46:58,43.0,2.31 G
2019-06-13 00:47:00,61.9,2.31 G
2019-06-13 00:47:02,46.0,2.31 G
2019-06-13 00:47:04,42.0,2.31 G
2019-06-13 00:47:06,46.9,2.31 G
2019-06-13 00:47:08,45.9,2.31 G
2019-06-13 00:47:10,51.0,2.32 G
2019-06-13 00:47:12,49.9,2.32 G
2019-06-13 00:47:14,56.9,2.32 G
2019-06-13 00:47:16,41.0,2.32 G
2019-06-13 00:47:18,41.0,2.32 G
2019-06-13 00:47:20,40.0,2.32 G
2019-06-13 00:47:22,68.0,2.32 G
2019-06-13 00:47:24,45.0,2.32 G
2019-06-13 00:47:26,39.0,2.32 G
2019-06-13 00:47:28,30.0,2.32 G
2019-06-13 00:47:30,31.0,2.32 G
2019-06-13 00:47:32,55.0,2.32 G
2019-06-13 00:47:34,48.0,2.32 G
2019-06-13 00:47:36,44.9,2.32 G
2019-06-13 00:47:38,737.5,2.33 G
2019-06-13 00:47:40,765.5,2.24 G
2019-06-13 00:47:42,763.3,2.24 G
2019-06-13 00:47:44,764.3,2.23 G
2019-06-13 00:47:46,765.3,2.20 G
2019-06-13 00:47:49,763.5,2.18 G
2019-06-13 00:47:51,25.0,2.13 G
2019-06-13 00:47:53,762.5,2.12 G
2019-06-13 00:47:55,761.5,2.11 G
2019-06-13 00:47:57,445.5,2.08 G
2019-06-13 00:47:59,178.9,2.17 G
2019-06-13 00:48:01,108.9,2.31 G
2019-06-13 00:48:03,102.9,2.41 G
2019-06-13 00:48:05,102.9,2.48 G
2019-06-13 00:48:07,102.9,2.54 G
2019-06-13 00:48:09,101.9,2.60 G
2019-06-13 00:48:11,103.9,2.66 G
2019-06-13 00:48:13,102.9,2.73 G
2019-06-13 00:48:15,101.9,2.77 G
2019-06-13 00:48:17,101.9,2.83 G
2019-06-13 00:48:19,102.9,2.88 G
2019-06-13 00:48:21,103.9,2.94 G
2019-06-13 00:48:23,102.9,2.99 G
2019-06-13 00:48:25,102.9,3.04 G
2019-06-13 00:48:27,105.9,3.09 G
2019-06-13 00:48:29,102.9,3.16 G
2019-06-13 00:48:31,101.9,3.21 G
2019-06-13 00:48:33,100.9,3.25 G
2019-06-13 00:48:35,102.9,3.25 G
2019-06-13 00:48:37,102.9,3.25 G
2019-06-13 00:48:39,100.9,3.25 G
2019-06-13 00:48:41,102.9,3.25 G
2019-06-13 00:48:43,102.9,3.25 G
2019-06-13 00:48:45,100.9,3.25 G
2019-06-13 00:48:47,101.9,3.25 G
2019-06-13 00:48:49,100.9,3.25 G
2019-06-13 00:48:51,423.9,3.25 G
2019-06-13 00:48:53,756.5,3.25 G
2019-06-13 00:48:55,754.4,3.25 G
2019-06-13 00:48:57,155.8,3.25 G
2019-06-13 00:48:59,13.0,3.25 G
2019-06-13 00:49:01,10.0,3.25 G
2019-06-13 00:49:03,11.0,3.25 G
2019-06-13 00:49:05,742.6,3.24 G
2019-06-13 00:49:07,765.4,3.24 G
2019-06-13 00:49:09,767.7,3.24 G
2019-06-13 00:49:11,125.0,3.24 G
2019-06-13 00:49:13,122.9,3.25 G
2019-06-13 00:49:15,747.6,3.25 G
2019-06-13 00:49:17,756.4,3.25 G
2019-06-13 00:49:19,758.4,3.25 G
2019-06-13 00:49:21,13.0,3.24 G
2019-06-13 00:49:23,18.0,3.24 G
2019-06-13 00:49:25,71.0,3.25 G
2019-06-13 00:49:27,103.9,3.28 G
2019-06-13 00:49:29,212.8,3.30 G
2019-06-13 00:49:31,765.6,3.30 G
2019-06-13 00:49:33,758.4,3.30 G
2019-06-13 00:49:35,515.4,3.25 G
2019-06-13 00:49:37,108.9,3.25 G
2019-06-13 00:49:39,473.8,3.25 G
2019-06-13 00:49:41,755.8,3.25 G
2019-06-13 00:49:43,764.5,3.25 G
2019-06-13 00:49:45,54.0,3.24 G
2019-06-13 00:49:47,10.0,3.24 G
2019-06-13 00:49:49,15.0,3.24 G
2019-06-13 00:49:51,16.0,3.24 G
2019-06-13 00:49:53,43.9,3.24 G
2019-06-13 00:49:55,42.0,3.26 G
2019-06-13 00:49:57,46.0,3.27 G
2019-06-13 00:49:59,57.9,3.28 G
2019-06-13 00:50:01,73.9,3.29 G
2019-06-13 00:50:03,41.0,3.30 G
2019-06-13 00:50:05,34.0,3.31 G
2019-06-13 00:50:07,38.0,3.32 G
2019-06-13 00:50:09,43.0,3.33 G
2019-06-13 00:50:11,43.0,3.33 G
2019-06-13 00:50:13,46.0,3.34 G
2019-06-13 00:50:15,46.9,3.34 G
2019-06-13 00:50:17,47.9,3.35 G
2019-06-13 00:50:19,45.0,3.40 G
2019-06-13 00:50:21,46.0,3.41 G
2019-06-13 00:50:23,49.0,3.41 G
2019-06-13 00:50:25,55.0,3.42 G
2019-06-13 00:50:27,44.9,3.42 G
2019-06-13 00:50:29,43.0,3.42 G
2019-06-13 00:50:31,85.0,3.50 G
2019-06-13 00:50:33,48.9,3.51 G
2019-06-13 00:50:35,58.9,3.51 G
2019-06-13 00:50:37,50.0,3.51 G
2019-06-13 00:50:39,42.0,3.52 G
2019-06-13 00:50:41,87.0,3.53 G
2019-06-13 00:50:43,44.0,3.53 G
2019-06-13 00:50:45,49.9,3.53 G
2019-06-13 00:50:47,48.0,3.54 G
2019-06-13 00:50:49,50.9,3.54 G
2019-06-13 00:50:51,38.0,3.54 G
2019-06-13 00:50:53,106.9,3.57 G
2019-06-13 00:50:55,47.0,3.57 G
2019-06-13 00:50:57,45.0,3.57 G
2019-06-13 00:50:59,33.0,3.58 G
2019-06-13 00:51:01,43.0,3.58 G
2019-06-13 00:51:03,43.0,3.58 G
2019-06-13 00:51:05,97.0,3.58 G
2019-06-13 00:51:07,44.9,3.58 G
2019-06-13 00:51:09,47.9,3.58 G
2019-06-13 00:51:11,48.9,3.58 G
2019-06-13 00:51:13,49.9,3.58 G
2019-06-13 00:51:15,45.9,3.58 G
2019-06-13 00:51:17,47.9,3.58 G
2019-06-13 00:51:19,96.0,3.59 G
2019-06-13 00:51:21,43.0,3.59 G
2019-06-13 00:51:23,49.0,3.59 G
2019-06-13 00:51:25,58.9,3.59 G
2019-06-13 00:51:27,44.0,3.59 G
2019-06-13 00:51:29,48.9,3.59 G
2019-06-13 00:51:31,42.0,3.59 G
2019-06-13 00:51:33,51.0,3.59 G
2019-06-13 00:51:35,56.0,3.59 G
2019-06-13 00:51:37,43.0,3.59 G
2019-06-13 00:51:39,55.9,3.59 G
2019-06-13 00:51:41,45.9,3.59 G
2019-06-13 00:51:43,52.9,3.59 G
2019-06-13 00:51:46,47.9,3.59 G
2019-06-13 00:51:48,47.9,3.59 G
2019-06-13 00:51:50,45.0,3.59 G
2019-06-13 00:51:52,56.0,3.59 G
2019-06-13 00:51:54,48.9,3.59 G
2019-06-13 00:51:56,44.9,3.59 G
2019-06-13 00:51:58,44.0,3.59 G
2019-06-13 00:52:00,44.0,3.59 G
2019-06-13 00:52:02,49.0,3.59 G
2019-06-13 00:52:04,47.9,3.59 G
2019-06-13 00:52:06,45.0,3.59 G
2019-06-13 00:52:08,42.0,3.59 G
2019-06-13 00:52:10,41.0,3.59 G
2019-06-13 00:52:12,43.9,3.59 G
2019-06-13 00:52:14,41.0,3.59 G
2019-06-13 00:52:16,44.9,3.60 G
2019-06-13 00:52:18,38.0,3.60 G
2019-06-13 00:52:20,45.0,3.60 G
2019-06-13 00:52:22,43.9,3.60 G
2019-06-13 00:52:24,44.0,3.60 G
2019-06-13 00:52:26,92.9,3.60 G
2019-06-13 00:52:28,44.0,3.60 G
2019-06-13 00:52:30,41.0,3.60 G
2019-06-13 00:52:32,53.9,3.60 G
2019-06-13 00:52:34,43.9,3.60 G
2019-06-13 00:52:36,51.0,3.60 G
2019-06-13 00:52:38,45.9,3.60 G
2019-06-13 00:52:40,49.0,3.60 G
2019-06-13 00:52:42,45.9,3.60 G
2019-06-13 00:52:44,42.0,3.60 G
2019-06-13 00:52:46,39.0,3.60 G
2019-06-13 00:52:48,48.9,3.60 G
2019-06-13 00:52:50,49.0,3.60 G
2019-06-13 00:52:52,49.0,3.60 G
2019-06-13 00:52:54,43.9,3.60 G
2019-06-13 00:52:56,43.0,3.60 G
2019-06-13 00:52:58,48.9,3.60 G
2019-06-13 00:53:00,50.9,3.60 G
2019-06-13 00:53:02,42.0,3.60 G
2019-06-13 00:53:04,47.9,3.60 G
2019-06-13 00:53:06,46.0,3.61 G
2019-06-13 00:53:08,48.9,3.61 G
2019-06-13 00:53:10,50.9,3.61 G
2019-06-13 00:53:12,41.0,3.61 G
2019-06-13 00:53:14,42.9,3.61 G
2019-06-13 00:53:16,38.0,3.61 G
2019-06-13 00:53:18,428.5,3.66 G
2019-06-13 00:53:20,34.0,3.66 G
2019-06-13 00:53:22,36.0,3.66 G
2019-06-13 00:53:24,37.0,3.66 G
2019-06-13 00:53:26,37.0,3.66 G
2019-06-13 00:53:28,39.0,3.66 G
2019-06-13 00:53:30,44.0,3.66 G
2019-06-13 00:53:32,41.0,3.66 G
2019-06-13 00:53:34,105.9,3.66 G
2019-06-13 00:53:36,39.0,3.66 G
2019-06-13 00:53:38,42.0,3.66 G
2019-06-13 00:53:40,42.0,3.66 G
2019-06-13 00:53:42,39.0,3.66 G
2019-06-13 00:53:44,39.0,3.66 G
2019-06-13 00:53:46,42.9,3.66 G
2019-06-13 00:53:48,43.0,3.66 G
2019-06-13 00:53:50,38.0,3.66 G
2019-06-13 00:53:52,42.0,3.66 G
2019-06-13 00:53:54,40.0,3.66 G
2019-06-13 00:53:56,41.0,3.66 G
2019-06-13 00:53:58,43.9,3.66 G
2019-06-13 00:54:00,41.0,3.66 G
2019-06-13 00:54:02,43.9,3.66 G
2019-06-13 00:54:04,74.9,3.65 G
2019-06-13 00:54:06,39.0,3.65 G
2019-06-13 00:54:08,35.0,3.65 G
2019-06-13 00:54:10,34.0,3.65 G
2019-06-13 00:54:12,35.0,3.65 G
2019-06-13 00:54:14,40.0,3.65 G
2019-06-13 00:54:16,39.0,3.65 G
2019-06-13 00:54:18,42.9,3.65 G
2019-06-13 00:54:20,32.0,3.65 G
2019-06-13 00:54:22,40.0,3.65 G
2019-06-13 00:54:24,42.0,3.65 G
2019-06-13 00:54:26,30.0,3.65 G
2019-06-13 00:54:28,38.0,3.65 G
2019-06-13 00:54:30,44.9,3.65 G
2019-06-13 00:54:32,40.0,3.66 G
2019-06-13 00:54:34,43.0,3.64 G
2019-06-13 00:54:36,32.0,3.64 G
2019-06-13 00:54:38,42.0,3.64 G
2019-06-13 00:54:40,44.0,3.64 G
2019-06-13 00:54:42,40.0,3.64 G
2019-06-13 00:54:44,70.9,3.63 G
2019-06-13 00:54:46,765.6,3.63 G
2019-06-13 00:54:48,758.4,3.60 G
2019-06-13 00:54:50,689.3,3.50 G
2019-06-13 00:54:52,26.0,3.50 G
2019-06-13 00:54:54,727.5,3.42 G
2019-06-13 00:54:56,763.5,3.37 G
2019-06-13 00:54:58,763.3,3.27 G
2019-06-13 00:55:00,17.0,3.18 G
2019-06-13 00:55:02,23.0,3.18 G
2019-06-13 00:55:04,93.9,3.18 G
2019-06-13 00:55:06,112.9,3.22 G
2019-06-13 00:55:08,109.9,3.33 G
2019-06-13 00:55:10,102.9,3.40 G
2019-06-13 00:55:12,102.9,3.47 G
2019-06-13 00:55:14,102.9,3.51 G
2019-06-13 00:55:16,102.9,3.53 G
2019-06-13 00:55:18,101.9,3.54 G
2019-06-13 00:55:20,101.9,3.55 G
2019-06-13 00:55:22,101.9,3.55 G
2019-06-13 00:55:24,102.0,3.55 G
2019-06-13 00:55:26,101.9,3.55 G
2019-06-13 00:55:29,101.9,3.56 G
2019-06-13 00:55:31,102.9,3.56 G
2019-06-13 00:55:33,102.9,3.56 G
2019-06-13 00:55:35,101.9,3.56 G
2019-06-13 00:55:37,102.9,3.57 G
2019-06-13 00:55:39,101.9,3.57 G
2019-06-13 00:55:41,101.9,3.57 G
2019-06-13 00:55:43,101.9,3.57 G
2019-06-13 00:55:45,100.9,3.57 G
2019-06-13 00:55:47,102.9,3.57 G
2019-06-13 00:55:49,101.9,3.58 G
2019-06-13 00:55:51,102.9,3.58 G
2019-06-13 00:55:53,104.9,3.58 G
2019-06-13 00:55:55,100.9,3.58 G
2019-06-13 00:55:57,101.9,3.58 G
2019-06-13 00:55:59,103.0,3.59 G
2019-06-13 00:56:01,100.9,3.59 G
2019-06-13 00:56:03,101.9,3.59 G
2019-06-13 00:56:05,102.9,3.59 G
2019-06-13 00:56:07,101.9,3.59 G
2019-06-13 00:56:09,102.9,3.59 G
2019-06-13 00:56:11,102.9,3.60 G
2019-06-13 00:56:13,159.0,3.60 G
2019-06-13 00:56:15,759.4,3.59 G
2019-06-13 00:56:17,762.6,3.59 G
2019-06-13 00:56:19,758.4,3.56 G
2019-06-13 00:56:21,91.9,3.53 G
2019-06-13 00:56:23,104.0,3.53 G
2019-06-13 00:56:25,103.9,3.53 G
2019-06-13 00:56:27,101.9,3.53 G
2019-06-13 00:56:29,106.9,3.53 G
2019-06-13 00:56:31,102.9,3.53 G
2019-06-13 00:56:33,103.9,3.53 G
2019-06-13 00:56:35,102.9,3.53 G
2019-06-13 00:56:37,103.9,3.53 G
2019-06-13 00:56:39,101.9,3.53 G
2019-06-13 00:56:41,105.0,3.53 G
2019-06-13 00:56:43,101.9,3.53 G
2019-06-13 00:56:45,102.9,3.53 G
2019-06-13 00:56:47,101.9,3.53 G
2019-06-13 00:56:49,101.9,3.53 G
2019-06-13 00:56:51,101.9,3.53 G
2019-06-13 00:56:53,101.9,3.53 G
2019-06-13 00:56:55,101.9,3.53 G
2019-06-13 00:56:57,100.9,3.53 G
2019-06-13 00:56:59,103.9,3.53 G
2019-06-13 00:57:01,101.9,3.53 G
2019-06-13 00:57:03,101.9,3.53 G
2019-06-13 00:57:05,102.9,3.53 G
2019-06-13 00:57:07,107.0,3.53 G
2019-06-13 00:57:09,104.9,3.53 G
2019-06-13 00:57:11,101.9,3.53 G
2019-06-13 00:57:13,104.9,3.53 G
2019-06-13 00:57:15,744.5,3.53 G
2019-06-13 00:57:17,758.5,3.53 G
2019-06-13 00:57:19,764.5,3.53 G
2019-06-13 00:57:21,49.0,3.52 G
2019-06-13 00:57:23,45.0,3.52 G
2019-06-13 00:57:25,54.9,3.52 G
2019-06-13 00:57:27,49.0,3.52 G
2019-06-13 00:57:29,703.3,3.51 G
2019-06-13 00:57:31,764.7,3.51 G
2019-06-13 00:57:33,764.5,3.51 G
2019-06-13 00:57:35,17.0,3.51 G
2019-06-13 00:57:37,14.0,3.51 G
2019-06-13 00:57:39,18.0,3.51 G
2019-06-13 00:57:41,19.0,3.51 G
2019-06-13 00:57:43,109.9,3.53 G
2019-06-13 00:57:45,108.9,3.55 G
2019-06-13 00:57:47,405.9,3.57 G
2019-06-13 00:57:49,762.6,3.56 G
2019-06-13 00:57:51,752.4,3.55 G
2019-06-13 00:57:53,219.8,3.49 G
2019-06-13 00:57:55,10.0,3.49 G
2019-06-13 00:57:57,17.0,3.49 G
2019-06-13 00:57:59,109.9,3.55 G
2019-06-13 00:58:01,738.4,3.55 G
2019-06-13 00:58:03,766.4,3.55 G
2019-06-13 00:58:05,761.6,3.54 G
2019-06-13 00:58:07,10.0,3.51 G
2019-06-13 00:58:09,50.9,3.51 G
2019-06-13 00:58:11,41.0,3.52 G
2019-06-13 00:58:13,45.9,3.53 G
2019-06-13 00:58:15,50.9,3.53 G
2019-06-13 00:58:17,48.9,3.53 G
2019-06-13 00:58:19,78.9,3.53 G
2019-06-13 00:58:21,54.9,3.54 G
2019-06-13 00:58:23,56.0,3.54 G
2019-06-13 00:58:25,55.0,3.54 G
2019-06-13 00:58:27,48.0,3.54 G
2019-06-13 00:58:29,48.0,3.54 G
2019-06-13 00:58:31,92.9,3.56 G
2019-06-13 00:58:33,46.0,3.56 G
2019-06-13 00:58:35,40.0,3.56 G
2019-06-13 00:58:37,45.9,3.56 G
2019-06-13 00:58:39,44.9,3.56 G
2019-06-13 00:58:41,44.9,3.56 G
2019-06-13 00:58:43,39.0,3.56 G
2019-06-13 00:58:45,80.9,3.56 G
2019-06-13 00:58:47,39.0,3.56 G
2019-06-13 00:58:49,31.0,3.56 G
2019-06-13 00:58:51,55.0,3.56 G
2019-06-13 00:58:53,47.0,3.56 G
2019-06-13 00:58:55,165.9,3.56 G
2019-06-13 00:58:57,766.5,3.56 G
2019-06-13 00:58:59,765.5,3.56 G
2019-06-13 00:59:01,762.5,3.56 G
2019-06-13 00:59:03,432.5,3.51 G
2019-06-13 00:59:05,10.0,3.51 G
2019-06-13 00:59:07,10.0,3.51 G
2019-06-13 00:59:09,10.0,3.51 G
2019-06-13 00:59:11,20.0,3.51 G
2019-06-13 00:59:13,20.0,3.51 G
2019-06-13 00:59:15,23.0,3.51 G
2019-06-13 00:59:17,16.0,3.51 G
2019-06-13 00:59:19,24.0,3.53 G
2019-06-13 00:59:21,54.9,3.65 G
2019-06-13 00:59:23,31.0,3.70 G
2019-06-13 00:59:25,51.0,3.72 G
2019-06-13 00:59:27,46.9,3.74 G
2019-06-13 00:59:29,47.9,3.74 G
2019-06-13 00:59:31,48.0,3.75 G
2019-06-13 00:59:33,56.9,3.75 G
2019-06-13 00:59:35,56.0,3.76 G
2019-06-13 00:59:38,764.6,3.76 G
2019-06-13 00:59:40,762.4,3.74 G
2019-06-13 00:59:42,759.5,3.71 G
2019-06-13 00:59:44,753.3,3.68 G
2019-06-13 00:59:46,765.4,3.65 G
2019-06-13 00:59:48,371.6,3.40 G
2019-06-13 00:59:50,48.0,3.40 G
2019-06-13 00:59:52,41.0,3.40 G
2019-06-13 00:59:54,42.0,3.40 G
2019-06-13 00:59:56,44.9,3.40 G
2019-06-13 00:59:58,38.0,3.40 G
2019-06-13 01:00:00,77.9,3.40 G
2019-06-13 01:00:02,39.0,3.40 G
2019-06-13 01:00:04,42.0,3.40 G
2019-06-13 01:00:06,45.9,3.40 G
2019-06-13 01:00:08,43.0,3.40 G
2019-06-13 01:00:10,44.0,3.40 G
2019-06-13 01:00:12,45.9,3.40 G
2019-06-13 01:00:14,45.9,3.46 G
2019-06-13 01:00:16,42.0,3.46 G
2019-06-13 01:00:18,53.9,3.46 G
2019-06-13 01:00:20,48.9,3.46 G
2019-06-13 01:00:22,44.9,3.46 G
2019-06-13 01:00:24,43.9,3.46 G
2019-06-13 01:00:26,36.0,3.48 G
2019-06-13 01:00:28,42.0,3.48 G
2019-06-13 01:00:30,50.0,3.48 G
2019-06-13 01:00:32,50.9,3.48 G
2019-06-13 01:00:34,53.9,3.48 G
2019-06-13 01:00:36,51.0,3.48 G
2019-06-13 01:00:38,41.0,3.48 G
2019-06-13 01:00:40,112.9,3.52 G
2019-06-13 01:00:42,49.0,3.52 G
2019-06-13 01:00:44,53.9,3.52 G
2019-06-13 01:00:46,45.0,3.52 G
2019-06-13 01:00:48,46.9,3.52 G
2019-06-13 01:00:50,48.0,3.52 G
2019-06-13 01:00:52,48.0,3.52 G
2019-06-13 01:00:54,113.0,3.52 G
2019-06-13 01:00:56,42.0,3.52 G
2019-06-13 01:00:58,38.0,3.52 G
2019-06-13 01:01:00,41.0,3.52 G
2019-06-13 01:01:02,46.0,3.52 G
2019-06-13 01:01:04,109.9,3.52 G
2019-06-13 01:01:06,51.9,3.52 G
2019-06-13 01:01:08,48.9,3.52 G
2019-06-13 01:01:10,47.9,3.52 G
2019-06-13 01:01:12,49.9,3.52 G
2019-06-13 01:01:14,53.0,3.52 G
2019-06-13 01:01:16,51.9,3.52 G
2019-06-13 01:01:18,43.0,3.52 G
2019-06-13 01:01:20,47.9,3.52 G
2019-06-13 01:01:22,47.9,3.52 G
2019-06-13 01:01:24,774.5,3.63 G
2019-06-13 01:01:26,767.8,3.63 G
2019-06-13 01:01:28,761.9,3.63 G
2019-06-13 01:01:30,764.5,3.55 G
2019-06-13 01:01:32,221.8,3.52 G
2019-06-13 01:01:34,215.9,3.58 G
2019-06-13 01:01:36,751.5,3.50 G
2019-06-13 01:01:38,753.5,3.43 G
2019-06-13 01:01:40,257.7,3.32 G
2019-06-13 01:01:42,38.0,3.32 G
2019-06-13 01:01:44,48.9,3.32 G
2019-06-13 01:01:46,47.0,3.32 G
2019-06-13 01:01:48,45.0,3.32 G
2019-06-13 01:01:50,85.9,3.32 G
2019-06-13 01:01:52,41.0,3.32 G
2019-06-13 01:01:54,42.0,3.32 G
2019-06-13 01:01:56,45.0,3.32 G
2019-06-13 01:01:58,42.0,3.32 G
2019-06-13 01:02:00,71.9,3.32 G
2019-06-13 01:02:02,46.9,3.32 G
2019-06-13 01:02:04,48.0,3.32 G
2019-06-13 01:02:06,48.9,3.32 G
2019-06-13 01:02:08,46.9,3.32 G
2019-06-13 01:02:10,42.0,3.42 G
2019-06-13 01:02:12,44.0,3.42 G
2019-06-13 01:02:14,43.9,3.42 G
2019-06-13 01:02:16,39.0,3.42 G
2019-06-13 01:02:18,32.0,3.42 G
2019-06-13 01:02:20,33.0,3.42 G
2019-06-13 01:02:22,77.9,3.42 G
2019-06-13 01:02:24,38.0,3.42 G
2019-06-13 01:02:26,42.0,3.42 G
2019-06-13 01:02:28,37.0,3.42 G
2019-06-13 01:02:30,42.0,3.42 G
2019-06-13 01:02:32,47.9,3.42 G
2019-06-13 01:02:34,490.5,3.47 G
2019-06-13 01:02:36,765.4,3.47 G
2019-06-13 01:02:38,765.4,3.46 G
2019-06-13 01:02:40,759.4,3.40 G
2019-06-13 01:02:42,21.0,3.40 G
2019-06-13 01:02:44,24.0,3.40 G
2019-06-13 01:02:46,9.0,3.40 G
2019-06-13 01:02:48,18.0,3.40 G
2019-06-13 01:02:50,19.0,3.40 G
2019-06-13 01:02:52,553.5,3.40 G
2019-06-13 01:02:54,756.4,3.34 G
2019-06-13 01:02:56,758.5,3.30 G
2019-06-13 01:02:58,30.0,3.28 G
2019-06-13 01:03:00,17.0,3.28 G
2019-06-13 01:03:02,109.9,3.30 G
2019-06-13 01:03:04,112.9,3.42 G
2019-06-13 01:03:06,105.9,3.51 G
2019-06-13 01:03:08,101.9,3.59 G
2019-06-13 01:03:11,104.9,3.62 G
2019-06-13 01:03:13,102.0,3.64 G
2019-06-13 01:03:15,101.9,3.65 G
2019-06-13 01:03:17,104.9,3.66 G
2019-06-13 01:03:19,101.9,3.66 G
2019-06-13 01:03:21,101.9,3.66 G
2019-06-13 01:03:23,101.9,3.67 G
2019-06-13 01:03:25,102.9,3.67 G
2019-06-13 01:03:27,102.9,3.67 G
2019-06-13 01:03:29,102.9,3.68 G
2019-06-13 01:03:31,100.9,3.68 G
2019-06-13 01:03:33,102.9,3.68 G
2019-06-13 01:03:35,101.9,3.68 G
2019-06-13 01:03:37,101.9,3.68 G
2019-06-13 01:03:39,103.9,3.69 G
2019-06-13 01:03:41,104.9,3.69 G
2019-06-13 01:03:43,101.9,3.69 G
2019-06-13 01:03:45,100.9,3.69 G
2019-06-13 01:03:47,102.9,3.69 G
2019-06-13 01:03:49,101.0,3.70 G
2019-06-13 01:03:51,101.9,3.70 G
2019-06-13 01:03:53,101.9,3.70 G
2019-06-13 01:03:55,101.9,3.70 G
2019-06-13 01:03:57,103.9,3.70 G
2019-06-13 01:03:59,104.9,3.70 G
2019-06-13 01:04:01,101.9,3.71 G
2019-06-13 01:04:03,101.9,3.71 G
2019-06-13 01:04:05,101.9,3.71 G
2019-06-13 01:04:07,101.9,3.71 G
2019-06-13 01:04:09,101.9,3.71 G
2019-06-13 01:04:11,746.2,3.71 G
2019-06-13 01:04:13,758.4,3.71 G
2019-06-13 01:04:15,764.5,3.70 G
2019-06-13 01:04:17,30.0,3.65 G
2019-06-13 01:04:19,697.9,3.74 G
2019-06-13 01:04:21,766.4,3.74 G
2019-06-13 01:04:23,764.6,3.74 G
2019-06-13 01:04:25,43.0,3.63 G
2019-06-13 01:04:27,100.9,3.73 G
2019-06-13 01:04:29,102.9,3.74 G
2019-06-13 01:04:31,102.9,3.74 G
2019-06-13 01:04:33,102.9,3.74 G
2019-06-13 01:04:35,101.9,3.75 G
2019-06-13 01:04:37,757.8,3.75 G
2019-06-13 01:04:39,764.5,3.75 G
2019-06-13 01:04:41,759.5,3.75 G
2019-06-13 01:04:43,111.0,3.73 G
2019-06-13 01:04:45,106.9,3.73 G
2019-06-13 01:04:47,748.5,3.72 G
2019-06-13 01:04:49,762.6,3.72 G
2019-06-13 01:04:51,671.2,3.63 G
2019-06-13 01:04:53,30.0,3.63 G
2019-06-13 01:04:55,41.0,3.63 G
2019-06-13 01:04:57,42.0,3.63 G
2019-06-13 01:04:59,45.9,3.63 G
2019-06-13 01:05:01,40.0,3.63 G
2019-06-13 01:05:03,78.9,3.63 G
2019-06-13 01:05:05,54.9,3.63 G
2019-06-13 01:05:07,54.9,3.63 G
2019-06-13 01:05:09,54.9,3.63 G
2019-06-13 01:05:11,70.9,3.64 G
2019-06-13 01:05:13,45.0,3.64 G
2019-06-13 01:05:15,54.9,3.64 G
2019-06-13 01:05:17,39.0,3.64 G
2019-06-13 01:05:19,69.9,3.64 G
2019-06-13 01:05:21,49.9,3.64 G
2019-06-13 01:05:23,48.9,3.64 G
2019-06-13 01:05:25,48.9,3.64 G
2019-06-13 01:05:27,76.9,3.64 G
2019-06-13 01:05:29,52.9,3.64 G
2019-06-13 01:05:31,52.9,3.64 G
2019-06-13 01:05:33,47.0,3.64 G
2019-06-13 01:05:35,81.9,3.64 G
2019-06-13 01:05:37,45.0,3.64 G
2019-06-13 01:05:39,53.9,3.64 G
2019-06-13 01:05:41,53.9,3.64 G
2019-06-13 01:05:43,96.9,3.64 G
2019-06-13 01:05:45,41.0,3.64 G
2019-06-13 01:05:47,40.0,3.64 G
2019-06-13 01:05:49,51.8,3.64 G
2019-06-13 01:05:51,48.9,3.64 G
2019-06-13 01:05:53,53.9,3.64 G
2019-06-13 01:05:55,46.9,3.64 G
2019-06-13 01:05:57,88.9,3.64 G
2019-06-13 01:05:59,54.9,3.64 G
2019-06-13 01:06:01,42.9,3.64 G
2019-06-13 01:06:03,45.9,3.64 G
2019-06-13 01:06:05,45.0,3.64 G
2019-06-13 01:06:07,56.9,3.64 G
2019-06-13 01:06:09,40.0,3.64 G
2019-06-13 01:06:11,86.9,3.64 G
2019-06-13 01:06:13,45.9,3.64 G
2019-06-13 01:06:15,52.9,3.64 G
2019-06-13 01:06:17,67.0,3.64 G
2019-06-13 01:06:19,43.9,3.64 G
2019-06-13 01:06:21,48.9,3.64 G
2019-06-13 01:06:23,44.9,3.64 G
2019-06-13 01:06:25,42.0,3.64 G
2019-06-13 01:06:27,49.9,3.64 G
2019-06-13 01:06:29,40.0,3.64 G
2019-06-13 01:06:31,41.0,3.64 G
2019-06-13 01:06:33,43.0,3.64 G
2019-06-13 01:06:35,45.9,3.64 G
2019-06-13 01:06:37,101.9,3.64 G
2019-06-13 01:06:39,46.9,3.64 G
2019-06-13 01:06:41,45.9,3.64 G
2019-06-13 01:06:43,46.9,3.64 G
2019-06-13 01:06:45,48.9,3.64 G
2019-06-13 01:06:47,42.0,3.64 G
2019-06-13 01:06:49,50.0,3.64 G
2019-06-13 01:06:51,40.0,3.64 G
2019-06-13 01:06:53,85.9,3.63 G
2019-06-13 01:06:55,40.0,3.63 G
2019-06-13 01:06:57,39.0,3.63 G
2019-06-13 01:06:59,40.0,3.63 G
2019-06-13 01:07:01,37.0,3.63 G
2019-06-13 01:07:03,38.0,3.63 G
2019-06-13 01:07:05,99.9,3.63 G
2019-06-13 01:07:07,44.0,3.63 G
2019-06-13 01:07:09,38.0,3.63 G
2019-06-13 01:07:11,36.0,3.63 G
2019-06-13 01:07:13,42.0,3.63 G
2019-06-13 01:07:15,84.9,3.61 G
2019-06-13 01:07:17,45.9,3.61 G
2019-06-13 01:07:20,35.0,3.61 G
2019-06-13 01:07:22,41.0,3.61 G
2019-06-13 01:07:24,48.9,3.61 G
2019-06-13 01:07:26,721.5,3.61 G
2019-06-13 01:07:28,767.2,3.61 G
2019-06-13 01:07:30,765.5,3.61 G
2019-06-13 01:07:32,763.5,3.56 G
2019-06-13 01:07:34,512.7,3.52 G
2019-06-13 01:07:36,47.9,3.53 G
2019-06-13 01:07:38,47.9,3.53 G
2019-06-13 01:07:40,48.9,3.53 G
2019-06-13 01:07:42,46.9,3.53 G
2019-06-13 01:07:44,51.0,3.53 G
2019-06-13 01:07:46,37.0,3.53 G
2019-06-13 01:07:48,56.9,3.53 G
2019-06-13 01:07:50,44.9,3.53 G
2019-06-13 01:07:52,45.9,3.53 G
2019-06-13 01:07:54,52.9,3.53 G
2019-06-13 01:07:56,85.9,3.53 G
2019-06-13 01:07:58,47.9,3.53 G
2019-06-13 01:08:00,48.0,3.53 G
2019-06-13 01:08:02,51.9,3.53 G
2019-06-13 01:08:04,47.9,3.53 G
2019-06-13 01:08:06,46.9,3.53 G
2019-06-13 01:08:08,49.9,3.53 G
2019-06-13 01:08:10,54.0,3.53 G
2019-06-13 01:08:12,52.9,3.53 G
2019-06-13 01:08:14,50.0,3.53 G
2019-06-13 01:08:16,52.9,3.53 G
2019-06-13 01:08:18,41.0,3.53 G
2019-06-13 01:08:20,46.9,3.54 G
2019-06-13 01:08:22,46.9,3.54 G
2019-06-13 01:08:24,54.9,3.54 G
2019-06-13 01:08:26,53.9,3.54 G
2019-06-13 01:08:28,47.9,3.54 G
2019-06-13 01:08:30,46.9,3.54 G
2019-06-13 01:08:32,39.0,3.54 G
2019-06-13 01:08:34,54.9,3.54 G
2019-06-13 01:08:36,56.0,3.54 G
2019-06-13 01:08:38,49.9,3.54 G
2019-06-13 01:08:40,47.9,3.54 G
2019-06-13 01:08:42,49.9,3.54 G
2019-06-13 01:08:44,45.0,3.54 G
2019-06-13 01:08:46,43.0,3.54 G
2019-06-13 01:08:48,40.0,3.54 G
2019-06-13 01:08:50,40.0,3.54 G
2019-06-13 01:08:52,41.0,3.54 G
2019-06-13 01:08:54,43.0,3.54 G
2019-06-13 01:08:56,51.9,3.54 G
2019-06-13 01:08:58,45.0,3.54 G
2019-06-13 01:09:00,48.0,3.54 G
2019-06-13 01:09:02,47.0,3.54 G
2019-06-13 01:09:04,767.4,3.54 G
2019-06-13 01:09:06,766.5,3.54 G
2019-06-13 01:09:08,764.5,3.51 G
2019-06-13 01:09:10,22.0,3.49 G
2019-06-13 01:09:12,755.9,3.43 G
2019-06-13 01:09:14,759.5,3.38 G
2019-06-13 01:09:16,549.4,3.34 G
2019-06-13 01:09:18,189.8,3.36 G
2019-06-13 01:09:20,757.3,3.33 G
2019-06-13 01:09:22,759.5,3.31 G
2019-06-13 01:09:24,296.7,3.29 G
2019-06-13 01:09:26,17.0,3.29 G
2019-06-13 01:09:28,18.0,3.29 G
2019-06-13 01:09:30,12.0,3.29 G
2019-06-13 01:09:32,108.9,3.40 G
2019-06-13 01:09:34,109.9,3.51 G
2019-06-13 01:09:36,107.9,3.62 G
2019-06-13 01:09:38,104.9,3.66 G
2019-06-13 01:09:40,761.4,3.65 G
2019-06-13 01:09:42,765.4,3.65 G
2019-06-13 01:09:44,765.6,3.61 G
2019-06-13 01:09:46,754.5,3.59 G
2019-06-13 01:09:48,762.2,3.59 G
2019-06-13 01:09:50,755.5,3.58 G
2019-06-13 01:09:52,15.0,3.58 G
2019-06-13 01:09:54,20.0,3.58 G
2019-06-13 01:09:56,13.0,3.58 G
2019-06-13 01:09:58,11.0,3.58 G
2019-06-13 01:10:00,7.0,3.58 G
2019-06-13 01:10:02,12.0,3.58 G
2019-06-13 01:10:04,10.0,3.58 G
2019-06-13 01:10:06,12.0,3.58 G
2019-06-13 01:10:08,19.0,3.58 G
2019-06-13 01:10:10,42.0,3.75 G
2019-06-13 01:10:12,105.9,3.90 G
2019-06-13 01:10:14,756.5,3.90 G
2019-06-13 01:10:16,766.4,3.90 G
2019-06-13 01:10:18,763.5,3.90 G
2019-06-13 01:10:20,763.4,3.90 G
2019-06-13 01:10:22,766.2,3.89 G
2019-06-13 01:10:24,389.6,3.62 G
2019-06-13 01:10:26,756.3,3.63 G
2019-06-13 01:10:28,757.4,3.63 G
2019-06-13 01:10:31,766.5,3.63 G
2019-06-13 01:10:33,10.0,3.62 G
2019-06-13 01:10:35,21.0,3.62 G
2019-06-13 01:10:37,19.0,3.62 G
2019-06-13 01:10:39,757.5,3.69 G
2019-06-13 01:10:41,764.5,3.69 G
2019-06-13 01:10:43,587.9,3.64 G
2019-06-13 01:10:45,29.0,3.64 G
2019-06-13 01:10:47,30.0,3.64 G
2019-06-13 01:10:49,19.0,3.64 G
2019-06-13 01:10:51,45.0,3.70 G
2019-06-13 01:10:53,45.9,3.72 G
2019-06-13 01:10:55,52.9,3.73 G
2019-06-13 01:10:57,45.9,3.75 G
2019-06-13 01:10:59,47.0,3.76 G
2019-06-13 01:11:01,72.0,3.77 G
2019-06-13 01:11:03,53.9,3.78 G
2019-06-13 01:11:05,49.9,3.78 G
2019-06-13 01:11:07,48.9,3.79 G
2019-06-13 01:11:09,45.9,3.79 G
2019-06-13 01:11:11,76.9,3.80 G
2019-06-13 01:11:13,46.9,3.80 G
2019-06-13 01:11:15,51.9,3.80 G
2019-06-13 01:11:17,45.9,3.81 G
2019-06-13 01:11:19,47.0,3.81 G
2019-06-13 01:11:21,43.0,3.81 G
2019-06-13 01:11:23,86.0,3.82 G
2019-06-13 01:11:25,42.9,3.82 G
2019-06-13 01:11:27,44.0,3.83 G
2019-06-13 01:11:29,45.9,3.83 G
2019-06-13 01:11:31,45.9,3.83 G
2019-06-13 01:11:33,43.9,3.83 G
2019-06-13 01:11:35,41.0,3.83 G
2019-06-13 01:11:37,42.0,3.83 G
2019-06-13 01:11:39,49.0,3.83 G
2019-06-13 01:11:41,43.0,3.84 G
2019-06-13 01:11:43,50.9,3.84 G
2019-06-13 01:11:45,90.9,3.84 G
2019-06-13 01:11:47,46.9,3.84 G
2019-06-13 01:11:49,47.9,3.84 G
2019-06-13 01:11:51,42.0,3.84 G
2019-06-13 01:11:53,44.9,3.84 G
2019-06-13 01:11:55,58.2,3.84 G
2019-06-13 01:11:57,46.9,3.84 G
2019-06-13 01:11:59,52.9,3.84 G
2019-06-13 01:12:01,43.9,3.84 G
2019-06-13 01:12:03,43.0,3.84 G
2019-06-13 01:12:05,47.0,3.84 G
2019-06-13 01:12:07,100.0,3.84 G
2019-06-13 01:12:09,41.0,3.84 G
2019-06-13 01:12:11,40.0,3.84 G
2019-06-13 01:12:13,42.0,3.84 G
2019-06-13 01:12:15,36.0,3.84 G
2019-06-13 01:12:17,36.0,3.84 G
2019-06-13 01:12:19,30.0,3.84 G
2019-06-13 01:12:21,39.0,3.84 G
2019-06-13 01:12:23,35.0,3.84 G
2019-06-13 01:12:25,37.0,3.85 G
2019-06-13 01:12:27,40.0,3.85 G
2019-06-13 01:12:29,36.0,3.85 G
2019-06-13 01:12:31,41.0,3.85 G
2019-06-13 01:12:33,40.0,3.85 G
2019-06-13 01:12:35,37.0,3.85 G
2019-06-13 01:12:37,39.0,3.85 G
2019-06-13 01:12:39,37.0,3.85 G
2019-06-13 01:12:41,38.0,3.85 G
2019-06-13 01:12:43,42.0,3.85 G
2019-06-13 01:12:45,35.0,3.85 G
2019-06-13 01:12:47,42.0,3.85 G
2019-06-13 01:12:49,38.0,3.85 G
2019-06-13 01:12:51,41.9,3.85 G
2019-06-13 01:12:53,40.0,3.85 G
2019-06-13 01:12:55,42.0,3.85 G
2019-06-13 01:12:57,42.0,3.85 G
2019-06-13 01:12:59,37.0,3.85 G
2019-06-13 01:13:01,92.9,3.85 G
2019-06-13 01:13:03,43.0,3.85 G
2019-06-13 01:13:05,42.9,3.85 G
2019-06-13 01:13:07,42.0,3.85 G
2019-06-13 01:13:09,45.0,3.85 G
2019-06-13 01:13:11,40.0,3.85 G
2019-06-13 01:13:13,42.9,3.85 G
2019-06-13 01:13:15,38.0,3.85 G
2019-06-13 01:13:17,37.0,3.85 G
2019-06-13 01:13:19,38.0,3.85 G
2019-06-13 01:13:21,40.0,3.85 G
2019-06-13 01:13:23,39.0,3.85 G
2019-06-13 01:13:25,37.0,3.85 G
2019-06-13 01:13:27,40.0,3.85 G
2019-06-13 01:13:29,38.0,3.85 G
2019-06-13 01:13:31,93.9,3.85 G
2019-06-13 01:13:33,42.0,3.85 G
2019-06-13 01:13:35,37.0,3.85 G
2019-06-13 01:13:37,42.0,3.85 G
2019-06-13 01:13:39,40.0,3.85 G
2019-06-13 01:13:41,39.0,3.85 G
2019-06-13 01:13:43,42.0,3.85 G
2019-06-13 01:13:45,42.0,3.85 G
2019-06-13 01:13:47,40.0,3.85 G
2019-06-13 01:13:49,40.0,3.85 G
2019-06-13 01:13:51,35.0,3.85 G
2019-06-13 01:13:53,40.0,3.85 G
2019-06-13 01:13:55,39.0,3.85 G
2019-06-13 01:13:57,40.0,3.85 G
2019-06-13 01:13:59,40.0,3.85 G
2019-06-13 01:14:02,97.9,3.85 G
2019-06-13 01:14:04,41.0,3.85 G
2019-06-13 01:14:06,37.0,3.85 G
2019-06-13 01:14:08,39.0,3.85 G
2019-06-13 01:14:10,36.0,3.86 G
2019-06-13 01:14:12,38.0,3.86 G
2019-06-13 01:14:14,37.0,3.86 G
2019-06-13 01:14:16,41.9,3.85 G
2019-06-13 01:14:18,41.0,3.85 G
2019-06-13 01:14:20,40.0,3.85 G
2019-06-13 01:14:22,41.0,3.85 G
2019-06-13 01:14:24,41.0,3.85 G
2019-06-13 01:14:26,39.0,3.85 G
2019-06-13 01:14:28,40.9,3.85 G
2019-06-13 01:14:30,98.9,3.84 G
2019-06-13 01:14:32,40.0,3.84 G
2019-06-13 01:14:34,38.0,3.84 G
2019-06-13 01:14:36,37.0,3.84 G
2019-06-13 01:14:38,38.0,3.84 G
2019-06-13 01:14:40,42.9,3.84 G
2019-06-13 01:14:42,40.0,3.84 G
2019-06-13 01:14:44,82.0,3.83 G
2019-06-13 01:14:46,35.0,3.83 G
2019-06-13 01:14:48,33.0,3.83 G
2019-06-13 01:14:50,34.0,3.83 G
2019-06-13 01:14:52,36.0,3.83 G
2019-06-13 01:14:54,39.0,3.83 G
2019-06-13 01:14:56,41.0,3.83 G
2019-06-13 01:14:58,74.9,3.81 G
2019-06-13 01:15:00,35.0,3.81 G
2019-06-13 01:15:02,38.0,3.81 G
2019-06-13 01:15:04,40.0,3.81 G
2019-06-13 01:15:06,37.0,3.81 G
2019-06-13 01:15:08,35.0,3.81 G
2019-06-13 01:15:10,36.0,3.81 G
2019-06-13 01:15:12,70.9,3.81 G
2019-06-13 01:15:14,39.0,3.81 G
2019-06-13 01:15:16,40.0,3.81 G
2019-06-13 01:15:18,44.0,3.81 G
2019-06-13 01:15:20,41.0,3.81 G
2019-06-13 01:15:22,41.0,3.81 G
2019-06-13 01:15:24,40.0,3.81 G
2019-06-13 01:15:26,36.0,3.81 G
2019-06-13 01:15:28,40.0,3.80 G
2019-06-13 01:15:30,41.9,3.80 G
2019-06-13 01:15:32,39.0,3.80 G
2019-06-13 01:15:34,41.0,3.80 G
2019-06-13 01:15:36,42.9,3.80 G
2019-06-13 01:15:38,41.0,3.80 G
2019-06-13 01:15:40,30.0,3.80 G
2019-06-13 01:15:42,75.9,3.80 G
2019-06-13 01:15:44,761.5,3.80 G
2019-06-13 01:15:46,760.6,3.79 G
2019-06-13 01:15:48,770.6,3.78 G
2019-06-13 01:15:50,764.5,3.74 G
2019-06-13 01:15:52,766.4,3.68 G
2019-06-13 01:15:54,761.4,3.62 G
2019-06-13 01:15:56,772.5,3.58 G
2019-06-13 01:15:58,766.3,3.54 G
2019-06-13 01:16:00,458.5,3.43 G
2019-06-13 01:16:02,32.0,3.43 G
2019-06-13 01:16:04,44.0,3.44 G
2019-06-13 01:16:06,52.9,3.45 G
2019-06-13 01:16:08,57.0,3.45 G
2019-06-13 01:16:10,43.0,3.46 G
2019-06-13 01:16:12,42.9,3.49 G
2019-06-13 01:16:14,47.0,3.49 G
2019-06-13 01:16:16,48.0,3.52 G
2019-06-13 01:16:18,43.9,3.53 G
2019-06-13 01:16:20,46.0,3.56 G
2019-06-13 01:16:22,56.0,3.58 G
2019-06-13 01:16:24,58.9,3.60 G
2019-06-13 01:16:26,751.4,3.62 G
2019-06-13 01:16:28,764.6,3.62 G
2019-06-13 01:16:30,747.5,3.59 G
2019-06-13 01:16:32,758.3,3.57 G
2019-06-13 01:16:34,763.5,3.53 G
2019-06-13 01:16:36,688.3,3.34 G
2019-06-13 01:16:38,758.5,3.33 G
2019-06-13 01:16:40,758.4,3.32 G
2019-06-13 01:16:42,510.4,3.31 G
2019-06-13 01:16:44,758.5,3.32 G
2019-06-13 01:16:46,762.5,3.32 G
2019-06-13 01:16:48,632.3,3.31 G
2019-06-13 01:16:50,587.6,3.32 G
2019-06-13 01:16:52,755.3,3.32 G
2019-06-13 01:16:54,761.5,3.32 G
2019-06-13 01:16:56,66.0,3.34 G
2019-06-13 01:16:58,751.6,3.37 G
2019-06-13 01:17:00,755.4,3.37 G
2019-06-13 01:17:02,753.5,3.37 G
2019-06-13 01:17:04,680.8,3.35 G
2019-06-13 01:17:06,752.3,3.35 G
2019-06-13 01:17:08,754.5,3.35 G
2019-06-13 01:17:10,20.0,3.34 G
2019-06-13 01:17:12,11.0,3.34 G
2019-06-13 01:17:15,16.0,3.34 G
2019-06-13 01:17:17,28.0,3.35 G
2019-06-13 01:17:19,49.9,3.36 G
2019-06-13 01:17:21,50.9,3.38 G
2019-06-13 01:17:23,48.0,3.38 G
2019-06-13 01:17:25,47.9,3.40 G
2019-06-13 01:17:27,82.9,3.41 G
2019-06-13 01:17:29,37.0,3.42 G
2019-06-13 01:17:31,44.0,3.43 G
2019-06-13 01:17:33,44.9,3.44 G
2019-06-13 01:17:35,42.0,3.44 G
2019-06-13 01:17:37,40.0,3.46 G
2019-06-13 01:17:39,55.0,3.46 G
2019-06-13 01:17:41,51.9,3.47 G
2019-06-13 01:17:43,50.9,3.48 G
2019-06-13 01:17:45,43.9,3.48 G
2019-06-13 01:17:47,35.0,3.54 G
2019-06-13 01:17:49,51.9,3.55 G
2019-06-13 01:17:51,47.0,3.55 G
2019-06-13 01:17:53,42.0,3.55 G
2019-06-13 01:17:55,42.0,3.56 G
2019-06-13 01:17:57,43.0,3.56 G
2019-06-13 01:17:59,92.9,3.60 G
2019-06-13 01:18:01,41.0,3.60 G
2019-06-13 01:18:03,35.0,3.60 G
2019-06-13 01:18:05,39.0,3.61 G
2019-06-13 01:18:07,39.0,3.61 G
2019-06-13 01:18:09,104.9,3.71 G
2019-06-13 01:18:11,44.0,3.72 G
2019-06-13 01:18:13,46.0,3.72 G
2019-06-13 01:18:15,46.0,3.72 G
2019-06-13 01:18:17,46.0,3.72 G
2019-06-13 01:18:19,110.9,3.72 G
2019-06-13 01:18:21,47.9,3.72 G
2019-06-13 01:18:23,49.9,3.72 G
2019-06-13 01:18:25,47.0,3.72 G
2019-06-13 01:18:27,40.0,3.73 G
2019-06-13 01:18:29,40.0,3.73 G
2019-06-13 01:18:31,118.9,3.79 G
2019-06-13 01:18:33,46.9,3.79 G
2019-06-13 01:18:35,49.0,3.79 G
2019-06-13 01:18:37,53.9,3.79 G
2019-06-13 01:18:39,44.9,3.80 G
2019-06-13 01:18:41,46.9,3.80 G
2019-06-13 01:18:43,41.0,3.80 G
2019-06-13 01:18:45,52.9,3.80 G
2019-06-13 01:18:47,48.9,3.80 G
2019-06-13 01:18:49,43.0,3.80 G
2019-06-13 01:18:51,41.0,3.80 G
2019-06-13 01:18:53,37.0,3.80 G
2019-06-13 01:18:55,46.0,3.80 G
2019-06-13 01:18:57,46.0,3.80 G
2019-06-13 01:18:59,48.9,3.80 G
2019-06-13 01:19:01,111.9,3.80 G
2019-06-13 01:19:03,45.9,3.80 G
2019-06-13 01:19:05,42.0,3.80 G
2019-06-13 01:19:07,46.9,3.80 G
2019-06-13 01:19:09,49.9,3.80 G
2019-06-13 01:19:11,50.0,3.80 G
2019-06-13 01:19:13,48.9,3.80 G
2019-06-13 01:19:15,49.9,3.80 G
2019-06-13 01:19:17,47.9,3.80 G
2019-06-13 01:19:19,48.9,3.80 G
2019-06-13 01:19:21,43.0,3.80 G
2019-06-13 01:19:23,42.0,3.80 G
2019-06-13 01:19:25,42.0,3.80 G
2019-06-13 01:19:27,59.0,3.80 G
2019-06-13 01:19:29,37.0,3.80 G
2019-06-13 01:19:31,114.9,3.80 G
2019-06-13 01:19:33,39.0,3.80 G
2019-06-13 01:19:35,48.9,3.80 G
2019-06-13 01:19:37,46.9,3.80 G
2019-06-13 01:19:39,44.9,3.80 G
2019-06-13 01:19:41,114.9,3.80 G
2019-06-13 01:19:43,43.0,3.80 G
2019-06-13 01:19:45,47.9,3.80 G
2019-06-13 01:19:47,49.9,3.80 G
2019-06-13 01:19:49,49.9,3.80 G
2019-06-13 01:19:51,50.0,3.80 G
2019-06-13 01:19:53,45.9,3.80 G
2019-06-13 01:19:55,54.9,3.80 G
2019-06-13 01:19:57,53.9,3.80 G
2019-06-13 01:19:59,43.0,3.80 G
2019-06-13 01:20:01,108.9,3.80 G
2019-06-13 01:20:03,43.0,3.80 G
2019-06-13 01:20:05,47.9,3.80 G
2019-06-13 01:20:07,52.0,3.80 G
2019-06-13 01:20:09,49.9,3.80 G
2019-06-13 01:20:11,38.0,3.80 G
2019-06-13 01:20:13,46.0,3.80 G
2019-06-13 01:20:15,44.0,3.80 G
2019-06-13 01:20:17,39.0,3.80 G
2019-06-13 01:20:19,100.9,3.76 G
2019-06-13 01:20:21,43.0,3.76 G
2019-06-13 01:20:23,43.9,3.76 G
2019-06-13 01:20:25,48.0,3.76 G
2019-06-13 01:20:27,53.0,3.76 G
2019-06-13 01:20:29,54.9,3.76 G
2019-06-13 01:20:31,90.9,3.76 G
2019-06-13 01:20:33,45.9,3.76 G
2019-06-13 01:20:35,52.9,3.76 G
2019-06-13 01:20:37,52.9,3.76 G
2019-06-13 01:20:39,54.9,3.76 G
2019-06-13 01:20:41,46.9,3.76 G
2019-06-13 01:20:43,46.0,3.76 G
2019-06-13 01:20:45,52.9,3.76 G
2019-06-13 01:20:47,57.0,3.76 G
2019-06-13 01:20:49,42.0,3.76 G
2019-06-13 01:20:51,49.9,3.75 G
2019-06-13 01:20:53,38.0,3.75 G
2019-06-13 01:20:55,44.0,3.75 G
2019-06-13 01:20:57,51.9,3.75 G
2019-06-13 01:20:59,74.9,3.75 G
2019-06-13 01:21:01,43.0,3.75 G
2019-06-13 01:21:03,52.9,3.75 G
2019-06-13 01:21:05,47.0,3.75 G
2019-06-13 01:21:07,45.9,3.76 G
2019-06-13 01:21:09,38.0,3.75 G
2019-06-13 01:21:11,43.0,3.75 G
2019-06-13 01:21:13,55.0,3.75 G
2019-06-13 01:21:15,54.9,3.75 G
2019-06-13 01:21:17,46.0,3.75 G
2019-06-13 01:21:19,55.0,3.75 G
2019-06-13 01:21:22,52.9,3.75 G
2019-06-13 01:21:24,54.9,3.75 G
2019-06-13 01:21:26,56.0,3.75 G
2019-06-13 01:21:28,44.9,3.75 G
2019-06-13 01:21:30,43.9,3.75 G
2019-06-13 01:21:32,42.9,3.73 G
2019-06-13 01:21:34,40.0,3.73 G
2019-06-13 01:21:36,45.9,3.73 G
2019-06-13 01:21:38,45.0,3.73 G
2019-06-13 01:21:40,44.0,3.73 G
2019-06-13 01:21:42,70.9,3.73 G
2019-06-13 01:21:44,46.0,3.73 G
2019-06-13 01:21:46,44.9,3.73 G
2019-06-13 01:21:48,50.9,3.73 G
2019-06-13 01:21:50,49.0,3.73 G
2019-06-13 01:21:52,47.9,3.73 G
2019-06-13 01:21:54,61.9,3.72 G
2019-06-13 01:21:56,46.9,3.72 G
2019-06-13 01:21:58,44.0,3.72 G
2019-06-13 01:22:00,45.9,3.72 G
2019-06-13 01:22:02,34.0,3.72 G
2019-06-13 01:22:04,42.0,3.71 G
2019-06-13 01:22:06,43.0,3.71 G
2019-06-13 01:22:08,49.9,3.71 G
2019-06-13 01:22:10,536.7,3.70 G
2019-06-13 01:22:12,771.5,3.70 G
2019-06-13 01:22:14,764.5,3.69 G
2019-06-13 01:22:16,764.5,3.65 G
2019-06-13 01:22:18,764.4,3.60 G
2019-06-13 01:22:20,15.0,3.59 G
2019-06-13 01:22:22,24.0,3.59 G
2019-06-13 01:22:24,16.0,3.59 G
2019-06-13 01:22:26,18.0,3.59 G
2019-06-13 01:22:28,15.0,3.59 G
2019-06-13 01:22:30,17.0,3.59 G
2019-06-13 01:22:32,425.7,3.55 G
2019-06-13 01:22:34,755.5,3.48 G
2019-06-13 01:22:36,754.9,3.42 G
2019-06-13 01:22:38,762.3,3.38 G
2019-06-13 01:22:40,764.6,3.34 G
2019-06-13 01:22:42,531.4,3.16 G
2019-06-13 01:22:44,762.5,3.15 G
2019-06-13 01:22:46,759.5,3.14 G
2019-06-13 01:22:48,485.6,3.13 G
2019-06-13 01:22:50,44.0,3.13 G
2019-06-13 01:22:52,45.9,3.13 G
2019-06-13 01:22:54,45.9,3.13 G
2019-06-13 01:22:56,36.0,3.13 G
2019-06-13 01:22:58,47.9,3.13 G
2019-06-13 01:23:00,81.9,3.13 G
2019-06-13 01:23:02,49.0,3.13 G
2019-06-13 01:23:04,49.0,3.13 G
2019-06-13 01:23:06,51.0,3.13 G
2019-06-13 01:23:08,51.0,3.13 G
2019-06-13 01:23:10,45.9,3.13 G
2019-06-13 01:23:12,30.0,3.13 G
2019-06-13 01:23:14,49.9,3.13 G
2019-06-13 01:23:16,48.0,3.13 G
2019-06-13 01:23:18,41.0,3.13 G
2019-06-13 01:23:20,50.0,3.13 G
2019-06-13 01:23:22,95.9,3.20 G
2019-06-13 01:23:24,47.0,3.20 G
2019-06-13 01:23:26,49.0,3.20 G
2019-06-13 01:23:28,51.9,3.20 G
2019-06-13 01:23:30,39.0,3.20 G
2019-06-13 01:23:32,43.0,3.20 G
2019-06-13 01:23:34,97.9,3.23 G
2019-06-13 01:23:36,49.9,3.23 G
2019-06-13 01:23:38,52.9,3.23 G
2019-06-13 01:23:40,49.0,3.23 G
2019-06-13 01:23:42,51.0,3.23 G
2019-06-13 01:23:44,48.9,3.23 G
2019-06-13 01:23:46,45.9,3.34 G
2019-06-13 01:23:48,53.0,3.34 G
2019-06-13 01:23:50,584.5,3.34 G
2019-06-13 01:23:52,766.5,3.34 G
2019-06-13 01:23:54,764.4,3.34 G
2019-06-13 01:23:56,771.5,3.33 G
2019-06-13 01:23:58,286.7,3.30 G
2019-06-13 01:24:00,50.9,3.30 G
2019-06-13 01:24:02,755.5,3.26 G
2019-06-13 01:24:04,761.6,3.21 G
2019-06-13 01:24:06,760.4,3.17 G
2019-06-13 01:24:08,18.0,3.17 G
2019-06-13 01:24:10,20.0,3.17 G
2019-06-13 01:24:12,21.0,3.17 G
2019-06-13 01:24:14,25.0,3.17 G
2019-06-13 01:24:16,17.0,3.17 G
2019-06-13 01:24:18,764.5,3.15 G
2019-06-13 01:24:20,763.8,3.13 G
2019-06-13 01:24:22,375.7,3.12 G
2019-06-13 01:24:24,21.0,3.12 G
2019-06-13 01:24:26,20.0,3.12 G
2019-06-13 01:24:28,27.0,3.12 G
2019-06-13 01:24:30,23.0,3.12 G
2019-06-13 01:24:32,78.9,3.27 G
2019-06-13 01:24:34,506.7,3.37 G
2019-06-13 01:24:36,764.5,3.37 G
2019-06-13 01:24:38,766.5,3.35 G
2019-06-13 01:24:40,764.6,3.35 G
2019-06-13 01:24:42,757.2,3.30 G
2019-06-13 01:24:44,756.5,3.29 G
2019-06-13 01:24:46,756.5,3.29 G
2019-06-13 01:24:48,764.2,3.29 G
2019-06-13 01:24:50,33.0,3.14 G
2019-06-13 01:24:53,49.0,3.14 G
2019-06-13 01:24:55,44.0,3.14 G
2019-06-13 01:24:57,49.9,3.14 G
2019-06-13 01:24:59,51.9,3.14 G
2019-06-13 01:25:01,45.0,3.14 G
2019-06-13 01:25:03,69.9,3.17 G
2019-06-13 01:25:05,52.9,3.17 G
2019-06-13 01:25:07,49.0,3.17 G
2019-06-13 01:25:09,70.9,3.21 G
2019-06-13 01:25:11,47.9,3.21 G
2019-06-13 01:25:13,54.9,3.21 G
2019-06-13 01:25:15,79.9,3.26 G
2019-06-13 01:25:17,49.9,3.26 G
2019-06-13 01:25:19,49.9,3.26 G
2019-06-13 01:25:21,80.9,3.27 G
2019-06-13 01:25:23,45.0,3.27 G
2019-06-13 01:25:25,55.9,3.27 G
2019-06-13 01:25:27,89.9,3.35 G
2019-06-13 01:25:29,36.0,3.35 G
2019-06-13 01:25:31,44.0,3.35 G
2019-06-13 01:25:33,80.9,3.35 G
2019-06-13 01:25:35,47.9,3.35 G
2019-06-13 01:25:37,46.0,3.35 G
2019-06-13 01:25:39,85.9,3.41 G
2019-06-13 01:25:41,47.9,3.41 G
2019-06-13 01:25:43,53.9,3.41 G
2019-06-13 01:25:45,91.0,3.41 G
2019-06-13 01:25:47,49.0,3.41 G
2019-06-13 01:25:49,53.0,3.41 G
2019-06-13 01:25:51,87.9,3.44 G
2019-06-13 01:25:53,49.9,3.44 G
2019-06-13 01:25:55,48.0,3.44 G
2019-06-13 01:25:57,80.9,3.44 G
2019-06-13 01:25:59,47.0,3.44 G
2019-06-13 01:26:01,49.9,3.44 G
2019-06-13 01:26:03,84.9,3.48 G
2019-06-13 01:26:05,53.9,3.48 G
2019-06-13 01:26:07,45.9,3.48 G
2019-06-13 01:26:09,88.0,3.48 G
2019-06-13 01:26:11,52.0,3.48 G
2019-06-13 01:26:13,44.0,3.48 G
2019-06-13 01:26:15,44.0,3.48 G
2019-06-13 01:26:17,44.0,3.50 G
2019-06-13 01:26:19,50.9,3.50 G
2019-06-13 01:26:21,47.9,3.50 G
2019-06-13 01:26:23,44.0,3.50 G
2019-06-13 01:26:25,52.9,3.50 G
2019-06-13 01:26:27,52.9,3.50 G
2019-06-13 01:26:29,37.0,3.53 G
2019-06-13 01:26:31,37.0,3.53 G
2019-06-13 01:26:33,60.0,3.53 G
2019-06-13 01:26:35,55.9,3.53 G
2019-06-13 01:26:37,47.0,3.53 G
2019-06-13 01:26:39,55.9,3.53 G
2019-06-13 01:26:41,85.9,3.53 G
2019-06-13 01:26:43,48.9,3.53 G
2019-06-13 01:26:45,39.0,3.53 G
2019-06-13 01:26:47,68.9,3.53 G
2019-06-13 01:26:49,44.0,3.53 G
2019-06-13 01:26:51,55.0,3.53 G
2019-06-13 01:26:53,53.9,3.53 G
2019-06-13 01:26:55,50.9,3.53 G
2019-06-13 01:26:57,45.0,3.53 G
2019-06-13 01:26:59,42.9,3.53 G
2019-06-13 01:27:01,42.0,3.53 G
2019-06-13 01:27:03,46.0,3.53 G
2019-06-13 01:27:05,44.9,3.53 G
2019-06-13 01:27:07,62.9,3.53 G
2019-06-13 01:27:09,47.9,3.53 G
2019-06-13 01:27:11,45.9,3.53 G
2019-06-13 01:27:13,74.9,3.53 G
2019-06-13 01:27:15,52.9,3.53 G
2019-06-13 01:27:17,54.9,3.53 G
2019-06-13 01:27:19,54.9,3.53 G
2019-06-13 01:27:21,72.9,3.53 G
2019-06-13 01:27:23,52.0,3.53 G
2019-06-13 01:27:25,45.9,3.53 G
2019-06-13 01:27:27,40.0,3.53 G
2019-06-13 01:27:29,40.0,3.53 G
2019-06-13 01:27:31,50.0,3.53 G
2019-06-13 01:27:33,47.9,3.53 G
2019-06-13 01:27:35,64.9,3.53 G
2019-06-13 01:27:37,52.0,3.53 G
2019-06-13 01:27:39,44.0,3.53 G
2019-06-13 01:27:41,56.0,3.53 G
2019-06-13 01:27:43,55.0,3.53 G
2019-06-13 01:27:45,53.9,3.53 G
2019-06-13 01:27:47,54.9,3.53 G
2019-06-13 01:27:49,71.9,3.53 G
2019-06-13 01:27:51,54.9,3.53 G
2019-06-13 01:27:53,52.9,3.53 G
2019-06-13 01:27:55,52.9,3.53 G
2019-06-13 01:27:57,60.0,3.53 G
2019-06-13 01:27:59,42.0,3.54 G
2019-06-13 01:28:01,35.0,3.54 G
2019-06-13 01:28:03,49.9,3.54 G
2019-06-13 01:28:05,43.9,3.54 G
2019-06-13 01:28:07,53.9,3.54 G
2019-06-13 01:28:09,52.9,3.54 G
2019-06-13 01:28:11,63.9,3.54 G
2019-06-13 01:28:13,53.9,3.54 G
2019-06-13 01:28:15,48.9,3.54 G
2019-06-13 01:28:17,45.9,3.54 G
2019-06-13 01:28:19,762.5,3.54 G
2019-06-13 01:28:21,765.5,3.54 G
2019-06-13 01:28:23,771.4,3.54 G
2019-06-13 01:28:25,765.3,3.54 G
2019-06-13 01:28:27,756.8,3.52 G
2019-06-13 01:28:29,763.4,3.49 G
2019-06-13 01:28:31,755.5,3.45 G
2019-06-13 01:28:33,18.0,3.45 G
2019-06-13 01:28:35,21.0,3.45 G
2019-06-13 01:28:38,250.7,3.56 G
2019-06-13 01:28:40,761.4,3.54 G
2019-06-13 01:28:42,753.5,3.46 G
2019-06-13 01:28:44,466.7,3.41 G
2019-06-13 01:28:46,757.4,3.40 G
2019-06-13 01:28:48,761.9,3.39 G
2019-06-13 01:28:50,20.0,3.39 G
2019-06-13 01:28:52,756.5,3.39 G
2019-06-13 01:28:54,752.5,3.39 G
2019-06-13 01:28:56,743.3,3.38 G
2019-06-13 01:28:58,16.0,3.38 G
2019-06-13 01:29:00,16.0,3.38 G
2019-06-13 01:29:02,18.0,3.38 G
2019-06-13 01:29:04,20.0,3.38 G
2019-06-13 01:29:06,751.5,3.38 G
2019-06-13 01:29:08,754.4,3.38 G
2019-06-13 01:29:10,525.4,3.38 G
2019-06-13 01:29:12,16.0,3.38 G
2019-06-13 01:29:14,26.0,3.38 G
2019-06-13 01:29:16,15.0,3.38 G
2019-06-13 01:29:18,132.9,3.40 G
2019-06-13 01:29:20,739.5,3.40 G
2019-06-13 01:29:22,757.5,3.40 G
2019-06-13 01:29:24,99.0,3.38 G
2019-06-13 01:29:26,9.0,3.38 G
2019-06-13 01:29:28,8.0,3.38 G
2019-06-13 01:29:30,16.0,3.38 G
2019-06-13 01:29:32,17.0,3.38 G
2019-06-13 01:29:34,14.0,3.38 G
2019-06-13 01:29:36,26.0,3.38 G
2019-06-13 01:29:38,37.0,3.42 G
2019-06-13 01:29:40,37.0,3.45 G
2019-06-13 01:29:42,50.9,3.47 G
2019-06-13 01:29:44,53.9,3.48 G
2019-06-13 01:29:46,75.9,3.50 G
2019-06-13 01:29:48,46.9,3.51 G
2019-06-13 01:29:50,42.0,3.52 G
2019-06-13 01:29:52,44.9,3.53 G
2019-06-13 01:29:54,45.9,3.53 G
2019-06-13 01:29:56,43.9,3.53 G
2019-06-13 01:29:58,43.9,3.54 G
2019-06-13 01:30:00,43.0,3.54 G
2019-06-13 01:30:02,34.0,3.55 G
2019-06-13 01:30:04,43.0,3.55 G
2019-06-13 01:30:06,44.0,3.55 G
2019-06-13 01:30:08,76.9,3.61 G
2019-06-13 01:30:10,44.9,3.61 G
2019-06-13 01:30:12,43.0,3.61 G
2019-06-13 01:30:14,53.9,3.61 G
2019-06-13 01:30:16,47.9,3.61 G
2019-06-13 01:30:18,47.9,3.61 G
2019-06-13 01:30:20,94.0,3.64 G
2019-06-13 01:30:22,54.9,3.64 G
2019-06-13 01:30:24,54.0,3.64 G
2019-06-13 01:30:26,43.9,3.64 G
2019-06-13 01:30:28,54.9,3.64 G
2019-06-13 01:30:30,111.9,3.75 G
2019-06-13 01:30:32,47.9,3.75 G
2019-06-13 01:30:34,41.0,3.75 G
2019-06-13 01:30:36,44.9,3.75 G
2019-06-13 01:30:38,44.0,3.75 G
2019-06-13 01:30:40,107.9,3.75 G
2019-06-13 01:30:42,49.9,3.75 G
2019-06-13 01:30:44,48.9,3.75 G
2019-06-13 01:30:46,49.0,3.75 G
2019-06-13 01:30:48,53.9,3.75 G
2019-06-13 01:30:50,45.9,3.75 G
2019-06-13 01:30:52,45.0,3.81 G
2019-06-13 01:30:54,54.0,3.82 G
2019-06-13 01:30:56,48.9,3.82 G
2019-06-13 01:30:58,50.0,3.82 G
2019-06-13 01:31:00,108.0,3.82 G
2019-06-13 01:31:02,49.0,3.82 G
2019-06-13 01:31:04,49.0,3.82 G
2019-06-13 01:31:06,45.0,3.82 G
2019-06-13 01:31:08,49.0,3.82 G
2019-06-13 01:31:10,111.9,3.82 G
2019-06-13 01:31:12,55.0,3.82 G
2019-06-13 01:31:14,45.9,3.82 G
2019-06-13 01:31:16,45.9,3.82 G
2019-06-13 01:31:18,106.9,3.82 G
2019-06-13 01:31:20,43.0,3.82 G
2019-06-13 01:31:22,44.0,3.82 G
2019-06-13 01:31:24,44.0,3.82 G
2019-06-13 01:31:26,107.9,3.82 G
2019-06-13 01:31:28,40.0,3.82 G
2019-06-13 01:31:30,42.0,3.82 G
2019-06-13 01:31:32,45.0,3.82 G
2019-06-13 01:31:34,103.9,3.82 G
2019-06-13 01:31:36,44.9,3.82 G
2019-06-13 01:31:38,46.0,3.82 G
2019-06-13 01:31:40,48.9,3.82 G
2019-06-13 01:31:42,39.0,3.82 G
2019-06-13 01:31:44,42.0,3.82 G
2019-06-13 01:31:46,41.0,3.83 G
2019-06-13 01:31:48,48.0,3.83 G
2019-06-13 01:31:50,48.9,3.83 G
2019-06-13 01:31:52,107.9,3.83 G
2019-06-13 01:31:54,53.0,3.83 G
2019-06-13 01:31:56,52.9,3.83 G
2019-06-13 01:31:58,53.9,3.83 G
2019-06-13 01:32:00,52.0,3.83 G
2019-06-13 01:32:02,112.9,3.83 G
2019-06-13 01:32:04,44.9,3.83 G
2019-06-13 01:32:06,54.9,3.83 G
2019-06-13 01:32:08,46.9,3.83 G
2019-06-13 01:32:10,48.9,3.83 G
2019-06-13 01:32:12,113.9,3.83 G
2019-06-13 01:32:14,45.9,3.83 G
2019-06-13 01:32:16,43.0,3.83 G
2019-06-13 01:32:18,50.9,3.83 G
2019-06-13 01:32:21,42.0,3.83 G
2019-06-13 01:32:23,46.9,3.81 G
2019-06-13 01:32:25,42.9,3.81 G
2019-06-13 01:32:27,48.9,3.81 G
2019-06-13 01:32:29,47.0,3.81 G
2019-06-13 01:32:31,47.9,3.81 G
2019-06-13 01:32:33,39.0,3.80 G
2019-06-13 01:32:35,38.0,3.80 G
2019-06-13 01:32:37,39.0,3.80 G
2019-06-13 01:32:39,39.0,3.80 G
2019-06-13 01:32:41,92.9,3.78 G
2019-06-13 01:32:43,44.9,3.78 G
2019-06-13 01:32:45,43.0,3.78 G
2019-06-13 01:32:47,44.0,3.78 G
2019-06-13 01:32:49,43.9,3.78 G
2019-06-13 01:32:51,90.9,3.78 G
2019-06-13 01:32:53,41.0,3.78 G
2019-06-13 01:32:55,42.9,3.78 G
2019-06-13 01:32:57,53.0,3.78 G
2019-06-13 01:32:59,53.9,3.78 G
2019-06-13 01:33:01,50.0,3.78 G
2019-06-13 01:33:03,76.9,3.77 G
2019-06-13 01:33:05,43.9,3.77 G
2019-06-13 01:33:07,52.9,3.77 G
2019-06-13 01:33:09,47.9,3.77 G
2019-06-13 01:33:11,47.9,3.77 G
2019-06-13 01:33:13,52.9,3.77 G
2019-06-13 01:33:15,50.9,3.77 G
2019-06-13 01:33:17,52.9,3.77 G
2019-06-13 01:33:19,54.9,3.77 G
2019-06-13 01:33:21,43.0,3.77 G
2019-06-13 01:33:23,43.0,3.77 G
2019-06-13 01:33:25,39.0,3.77 G
2019-06-13 01:33:27,43.9,3.77 G
2019-06-13 01:33:29,52.9,3.77 G
2019-06-13 01:33:31,53.9,3.77 G
2019-06-13 01:33:33,52.9,3.77 G
2019-06-13 01:33:35,54.0,3.77 G
2019-06-13 01:33:37,54.0,3.77 G
2019-06-13 01:33:39,39.0,3.77 G
2019-06-13 01:33:41,42.0,3.77 G
2019-06-13 01:33:43,42.0,3.77 G
2019-06-13 01:33:45,42.0,3.77 G
2019-06-13 01:33:47,49.0,3.77 G
2019-06-13 01:33:49,40.0,3.76 G
2019-06-13 01:33:51,39.0,3.76 G
2019-06-13 01:33:53,39.0,3.76 G
2019-06-13 01:33:55,39.0,3.76 G
2019-06-13 01:33:57,37.0,3.76 G
2019-06-13 01:33:59,45.9,3.76 G
2019-06-13 01:34:01,67.9,3.75 G
2019-06-13 01:34:03,46.9,3.75 G
2019-06-13 01:34:05,48.0,3.75 G
2019-06-13 01:34:07,50.9,3.75 G
2019-06-13 01:34:09,49.9,3.75 G
2019-06-13 01:34:11,51.0,3.75 G
2019-06-13 01:34:13,41.0,3.74 G
2019-06-13 01:34:15,46.9,3.74 G
2019-06-13 01:34:17,39.0,3.74 G
2019-06-13 01:34:19,38.0,3.74 G
2019-06-13 01:34:21,39.0,3.74 G
2019-06-13 01:34:23,42.0,3.74 G
2019-06-13 01:34:25,763.5,3.74 G
2019-06-13 01:34:27,765.4,3.73 G
2019-06-13 01:34:29,771.7,3.69 G
2019-06-13 01:34:31,772.5,3.61 G
2019-06-13 01:34:33,768.6,3.56 G
2019-06-13 01:34:35,765.6,3.51 G
2019-06-13 01:34:37,765.5,3.47 G
2019-06-13 01:34:39,767.5,3.44 G
2019-06-13 01:34:41,301.7,3.39 G
2019-06-13 01:34:43,20.0,3.39 G
2019-06-13 01:34:45,20.0,3.39 G
2019-06-13 01:34:47,756.5,3.38 G
2019-06-13 01:34:49,755.4,3.35 G
2019-06-13 01:34:51,736.7,3.32 G
2019-06-13 01:34:53,750.5,3.18 G
2019-06-13 01:34:55,757.7,3.17 G
2019-06-13 01:34:57,756.5,3.16 G
2019-06-13 01:34:59,20.0,3.15 G
2019-06-13 01:35:01,395.7,3.15 G
2019-06-13 01:35:03,750.5,3.15 G
2019-06-13 01:35:05,761.9,3.14 G
2019-06-13 01:35:07,412.9,3.14 G
2019-06-13 01:35:09,757.5,3.14 G
2019-06-13 01:35:11,762.5,3.14 G
2019-06-13 01:35:13,17.0,3.14 G
2019-06-13 01:35:15,423.7,3.14 G
2019-06-13 01:35:17,756.8,3.14 G
2019-06-13 01:35:19,755.3,3.14 G
2019-06-13 01:35:21,19.0,3.14 G
2019-06-13 01:35:23,480.9,3.14 G
2019-06-13 01:35:25,764.5,3.14 G
2019-06-13 01:35:27,763.5,3.14 G
2019-06-13 01:35:29,16.0,3.14 G
2019-06-13 01:35:31,32.0,3.14 G
2019-06-13 01:35:33,17.0,3.14 G
2019-06-13 01:35:35,22.0,3.14 G
2019-06-13 01:35:37,50.0,3.15 G
2019-06-13 01:35:39,107.9,3.31 G
2019-06-13 01:35:41,763.5,3.34 G
2019-06-13 01:35:43,761.5,3.34 G
2019-06-13 01:35:46,758.5,3.33 G
2019-06-13 01:35:48,752.5,3.28 G
2019-06-13 01:35:50,748.3,3.28 G
2019-06-13 01:35:52,754.5,3.28 G
2019-06-13 01:35:54,757.7,3.27 G
2019-06-13 01:35:56,625.6,3.14 G
2019-06-13 01:35:58,19.0,3.14 G
2019-06-13 01:36:00,20.0,3.14 G
2019-06-13 01:36:02,103.9,3.20 G
2019-06-13 01:36:04,103.9,3.28 G
2019-06-13 01:36:06,101.9,3.36 G
2019-06-13 01:36:08,101.9,3.43 G
2019-06-13 01:36:10,311.7,3.48 G
2019-06-13 01:36:12,766.5,3.48 G
2019-06-13 01:36:14,766.5,3.47 G
2019-06-13 01:36:16,26.0,3.43 G
2019-06-13 01:36:18,145.9,3.43 G
2019-06-13 01:36:20,762.4,3.43 G
2019-06-13 01:36:22,765.4,3.43 G
2019-06-13 01:36:24,280.8,3.43 G
2019-06-13 01:36:26,761.7,3.43 G
2019-06-13 01:36:28,756.2,3.42 G
2019-06-13 01:36:30,21.0,3.42 G
2019-06-13 01:36:32,21.0,3.42 G
2019-06-13 01:36:34,24.0,3.43 G
2019-06-13 01:36:36,753.6,3.45 G
2019-06-13 01:36:38,761.7,3.45 G
2019-06-13 01:36:40,610.4,3.42 G
2019-06-13 01:36:42,20.0,3.42 G
2019-06-13 01:36:44,20.0,3.42 G
2019-06-13 01:36:46,74.9,3.52 G
2019-06-13 01:36:48,70.9,3.55 G
2019-06-13 01:36:50,69.9,3.59 G
2019-06-13 01:36:52,71.9,3.61 G
2019-06-13 01:36:54,70.0,3.63 G
2019-06-13 01:36:56,69.9,3.65 G
2019-06-13 01:36:58,71.9,3.67 G
2019-06-13 01:37:00,68.9,3.68 G
2019-06-13 01:37:02,70.9,3.69 G
2019-06-13 01:37:04,764.4,3.69 G
2019-06-13 01:37:06,762.5,3.68 G
2019-06-13 01:37:08,356.7,3.59 G
2019-06-13 01:37:10,106.9,3.65 G
2019-06-13 01:37:12,757.2,3.66 G
2019-06-13 01:37:14,756.7,3.66 G
2019-06-13 01:37:16,412.6,3.65 G
2019-06-13 01:37:18,762.7,3.65 G
2019-06-13 01:37:20,757.5,3.65 G
2019-06-13 01:37:22,218.9,3.62 G
2019-06-13 01:37:24,22.0,3.62 G
2019-06-13 01:37:26,108.0,3.64 G
2019-06-13 01:37:28,103.9,3.64 G
2019-06-13 01:37:30,102.9,3.64 G
2019-06-13 01:37:32,101.9,3.64 G
2019-06-13 01:37:34,100.9,3.64 G
2019-06-13 01:37:36,104.9,3.64 G
2019-06-13 01:37:38,100.9,3.65 G
2019-06-13 01:37:40,102.9,3.65 G
2019-06-13 01:37:42,101.9,3.65 G
2019-06-13 01:37:44,101.9,3.65 G
2019-06-13 01:37:46,101.9,3.66 G
2019-06-13 01:37:48,102.9,3.66 G
2019-06-13 01:37:50,101.9,3.66 G
2019-06-13 01:37:52,100.9,3.66 G
2019-06-13 01:37:54,100.9,3.66 G
2019-06-13 01:37:56,101.9,3.67 G
2019-06-13 01:37:58,102.9,3.67 G
2019-06-13 01:38:00,102.9,3.67 G
2019-06-13 01:38:02,101.9,3.67 G
2019-06-13 01:38:04,101.9,3.67 G
2019-06-13 01:38:06,101.9,3.67 G
2019-06-13 01:38:08,101.9,3.68 G
2019-06-13 01:38:10,102.9,3.68 G
2019-06-13 01:38:12,101.9,3.68 G
2019-06-13 01:38:14,101.9,3.68 G
2019-06-13 01:38:16,102.0,3.68 G
2019-06-13 01:38:18,101.9,3.69 G
2019-06-13 01:38:20,100.9,3.69 G
2019-06-13 01:38:22,104.9,3.69 G
2019-06-13 01:38:24,105.0,3.69 G
2019-06-13 01:38:26,104.9,3.69 G
2019-06-13 01:38:28,102.9,3.69 G
2019-06-13 01:38:30,102.9,3.70 G
2019-06-13 01:38:32,100.9,3.70 G
2019-06-13 01:38:34,742.5,3.70 G
2019-06-13 01:38:36,763.5,3.70 G
2019-06-13 01:38:38,761.5,3.69 G
2019-06-13 01:38:40,13.0,3.66 G
2019-06-13 01:38:42,11.0,3.66 G
2019-06-13 01:38:44,33.0,3.72 G
2019-06-13 01:38:46,100.9,3.73 G
2019-06-13 01:38:48,102.9,3.73 G
2019-06-13 01:38:50,103.9,3.73 G
2019-06-13 01:38:52,100.9,3.73 G
2019-06-13 01:38:54,759.2,3.73 G
2019-06-13 01:38:56,760.2,3.73 G
2019-06-13 01:38:58,758.5,3.67 G
2019-06-13 01:39:00,758.3,3.67 G
2019-06-13 01:39:02,755.5,3.67 G
2019-06-13 01:39:04,16.0,3.64 G
2019-06-13 01:39:06,671.6,3.65 G
2019-06-13 01:39:08,756.5,3.65 G
2019-06-13 01:39:10,757.5,3.65 G
2019-06-13 01:39:12,761.4,3.64 G
2019-06-13 01:39:14,757.5,3.64 G
2019-06-13 01:39:16,747.4,3.64 G
2019-06-13 01:39:18,33.0,3.64 G
2019-06-13 01:39:20,21.0,3.64 G
2019-06-13 01:39:22,21.0,3.64 G
2019-06-13 01:39:24,50.9,3.64 G
2019-06-13 01:39:26,101.0,3.64 G
2019-06-13 01:39:28,100.9,3.64 G
2019-06-13 01:39:30,102.9,3.65 G
2019-06-13 01:39:32,101.9,3.65 G
2019-06-13 01:39:34,99.9,3.65 G
2019-06-13 01:39:36,101.9,3.65 G
2019-06-13 01:39:38,100.9,3.66 G
2019-06-13 01:39:40,100.9,3.66 G
2019-06-13 01:39:42,100.9,3.66 G
2019-06-13 01:39:44,101.9,3.67 G
2019-06-13 01:39:46,101.0,3.67 G
2019-06-13 01:39:48,99.9,3.67 G
2019-06-13 01:39:51,101.9,3.67 G
2019-06-13 01:39:53,100.9,3.68 G
2019-06-13 01:39:55,101.9,3.68 G
2019-06-13 01:39:57,99.9,3.68 G
2019-06-13 01:39:59,100.9,3.68 G
2019-06-13 01:40:01,101.9,3.68 G
2019-06-13 01:40:03,101.9,3.69 G
2019-06-13 01:40:05,100.9,3.69 G
2019-06-13 01:40:07,100.9,3.69 G
2019-06-13 01:40:09,99.9,3.70 G
2019-06-13 01:40:11,100.9,3.70 G
2019-06-13 01:40:13,100.9,3.70 G
2019-06-13 01:40:15,100.9,3.70 G
2019-06-13 01:40:17,100.9,3.71 G
2019-06-13 01:40:19,101.9,3.71 G
2019-06-13 01:40:21,740.6,3.71 G
2019-06-13 01:40:23,764.4,3.71 G
2019-06-13 01:40:25,725.5,3.65 G
2019-06-13 01:40:27,103.9,3.65 G
2019-06-13 01:40:29,102.9,3.65 G
2019-06-13 01:40:31,103.9,3.65 G
2019-06-13 01:40:33,101.9,3.65 G
2019-06-13 01:40:35,101.9,3.65 G
2019-06-13 01:40:37,102.0,3.65 G
2019-06-13 01:40:39,102.0,3.65 G
2019-06-13 01:40:41,101.9,3.65 G
2019-06-13 01:40:43,102.9,3.65 G
2019-06-13 01:40:45,102.9,3.65 G
2019-06-13 01:40:47,102.9,3.65 G
2019-06-13 01:40:49,101.9,3.65 G
2019-06-13 01:40:51,102.9,3.65 G
2019-06-13 01:40:53,101.9,3.65 G
2019-06-13 01:40:55,101.9,3.65 G
2019-06-13 01:40:57,104.9,3.65 G
2019-06-13 01:40:59,103.9,3.65 G
2019-06-13 01:41:01,102.9,3.65 G
2019-06-13 01:41:03,101.9,3.65 G
2019-06-13 01:41:05,101.0,3.65 G
2019-06-13 01:41:07,101.9,3.65 G
2019-06-13 01:41:09,102.9,3.65 G
2019-06-13 01:41:11,102.9,3.65 G
2019-06-13 01:41:13,105.9,3.65 G
2019-06-13 01:41:15,100.9,3.65 G
2019-06-13 01:41:17,101.9,3.65 G
2019-06-13 01:41:19,751.2,3.65 G
2019-06-13 01:41:21,764.5,3.65 G
2019-06-13 01:41:23,686.3,3.64 G
2019-06-13 01:41:25,18.0,3.64 G
2019-06-13 01:41:27,18.0,3.64 G
2019-06-13 01:41:29,591.9,3.64 G
2019-06-13 01:41:31,761.2,3.64 G
2019-06-13 01:41:33,758.4,3.64 G
2019-06-13 01:41:35,19.0,3.64 G
2019-06-13 01:41:37,30.0,3.64 G
2019-06-13 01:41:39,107.9,3.65 G
2019-06-13 01:41:41,103.9,3.67 G
2019-06-13 01:41:43,102.9,3.69 G
2019-06-13 01:41:45,754.9,3.70 G
2019-06-13 01:41:47,760.3,3.70 G
2019-06-13 01:41:49,631.6,3.64 G
2019-06-13 01:41:51,25.0,3.64 G
2019-06-13 01:41:53,756.4,3.67 G
2019-06-13 01:41:55,756.5,3.67 G
2019-06-13 01:41:57,359.6,3.63 G
2019-06-13 01:41:59,19.0,3.63 G
2019-06-13 01:42:01,31.0,3.63 G
2019-06-13 01:42:03,44.0,3.64 G
2019-06-13 01:42:05,47.9,3.64 G
2019-06-13 01:42:07,47.9,3.65 G
2019-06-13 01:42:09,83.9,3.65 G
2019-06-13 01:42:11,50.0,3.65 G
2019-06-13 01:42:13,45.9,3.65 G
2019-06-13 01:42:15,45.0,3.65 G
2019-06-13 01:42:17,68.9,3.65 G
2019-06-13 01:42:19,44.0,3.66 G
2019-06-13 01:42:21,49.9,3.66 G
2019-06-13 01:42:23,46.9,3.66 G
2019-06-13 01:42:25,86.9,3.67 G
2019-06-13 01:42:27,46.0,3.67 G
2019-06-13 01:42:29,46.9,3.67 G
2019-06-13 01:42:31,48.0,3.67 G
2019-06-13 01:42:33,45.9,3.68 G
2019-06-13 01:42:35,87.0,3.68 G
2019-06-13 01:42:37,43.0,3.68 G
2019-06-13 01:42:39,48.9,3.68 G
2019-06-13 01:42:41,37.0,3.68 G
2019-06-13 01:42:43,40.0,3.68 G
2019-06-13 01:42:45,51.0,3.68 G
2019-06-13 01:42:47,49.0,3.68 G
2019-06-13 01:42:49,46.9,3.68 G
2019-06-13 01:42:51,45.9,3.68 G
2019-06-13 01:42:53,41.0,3.68 G
2019-06-13 01:42:55,41.0,3.68 G
2019-06-13 01:42:57,49.0,3.68 G
2019-06-13 01:42:59,49.9,3.68 G
2019-06-13 01:43:01,43.0,3.68 G
2019-06-13 01:43:03,53.9,3.68 G
2019-06-13 01:43:05,52.9,3.68 G
2019-06-13 01:43:07,53.9,3.68 G
2019-06-13 01:43:09,99.9,3.68 G
2019-06-13 01:43:11,45.9,3.69 G
2019-06-13 01:43:13,47.9,3.69 G
2019-06-13 01:43:15,124.9,3.69 G
2019-06-13 01:43:17,46.9,3.69 G
2019-06-13 01:43:19,56.9,3.69 G
2019-06-13 01:43:21,42.9,3.69 G
2019-06-13 01:43:23,100.9,3.69 G
2019-06-13 01:43:25,49.9,3.69 G
2019-06-13 01:43:27,48.9,3.69 G
2019-06-13 01:43:29,48.0,3.69 G
2019-06-13 01:43:31,54.0,3.69 G
2019-06-13 01:43:33,49.9,3.69 G
2019-06-13 01:43:35,51.9,3.69 G
2019-06-13 01:43:37,53.9,3.69 G
2019-06-13 01:43:39,121.9,3.69 G
2019-06-13 01:43:41,48.0,3.69 G
2019-06-13 01:43:43,46.0,3.69 G
2019-06-13 01:43:45,56.9,3.69 G
2019-06-13 01:43:47,112.9,3.69 G
2019-06-13 01:43:49,51.0,3.69 G
2019-06-13 01:43:51,46.9,3.69 G
2019-06-13 01:43:53,50.9,3.69 G
2019-06-13 01:43:55,40.0,3.69 G
2019-06-13 01:43:57,45.9,3.69 G
2019-06-13 01:43:59,44.9,3.69 G
2019-06-13 01:44:01,43.0,3.69 G
2019-06-13 01:44:03,38.0,3.69 G
2019-06-13 01:44:05,39.0,3.69 G
2019-06-13 01:44:07,119.9,3.69 G
2019-06-13 01:44:09,46.0,3.69 G
2019-06-13 01:44:11,49.9,3.69 G
2019-06-13 01:44:13,43.0,3.69 G
2019-06-13 01:44:15,42.0,3.69 G
2019-06-13 01:44:17,119.9,3.69 G
2019-06-13 01:44:20,56.0,3.69 G
2019-06-13 01:44:22,53.9,3.69 G
2019-06-13 01:44:24,53.9,3.69 G
2019-06-13 01:44:26,56.0,3.69 G
2019-06-13 01:44:28,55.9,3.69 G
2019-06-13 01:44:30,47.0,3.69 G
2019-06-13 01:44:32,34.0,3.69 G
2019-06-13 01:44:34,43.0,3.69 G
2019-06-13 01:44:36,102.9,3.66 G
2019-06-13 01:44:38,43.0,3.66 G
2019-06-13 01:44:40,45.0,3.66 G
2019-06-13 01:44:42,97.9,3.66 G
2019-06-13 01:44:44,53.9,3.66 G
2019-06-13 01:44:46,52.9,3.66 G
2019-06-13 01:44:48,55.9,3.66 G
2019-06-13 01:44:50,104.9,3.66 G
2019-06-13 01:44:52,47.9,3.66 G
2019-06-13 01:44:54,41.0,3.66 G
2019-06-13 01:44:56,86.9,3.67 G
2019-06-13 01:44:58,43.0,3.67 G
2019-06-13 01:45:00,55.0,3.67 G
2019-06-13 01:45:02,50.9,3.67 G
2019-06-13 01:45:04,50.9,3.67 G
2019-06-13 01:45:06,49.9,3.69 G
2019-06-13 01:45:08,44.0,3.69 G
2019-06-13 01:45:10,44.0,3.69 G
2019-06-13 01:45:12,59.0,3.69 G
2019-06-13 01:45:14,47.9,3.69 G
2019-06-13 01:45:16,46.9,3.69 G
2019-06-13 01:45:18,45.9,3.69 G
2019-06-13 01:45:20,48.9,3.70 G
2019-06-13 01:45:22,50.0,3.70 G
2019-06-13 01:45:24,45.9,3.70 G
2019-06-13 01:45:26,62.9,3.70 G
2019-06-13 01:45:28,42.0,3.70 G
2019-06-13 01:45:30,42.0,3.70 G
2019-06-13 01:45:32,63.0,3.70 G
2019-06-13 01:45:34,45.0,3.70 G
2019-06-13 01:45:36,42.0,3.70 G
2019-06-13 01:45:38,54.9,3.70 G
2019-06-13 01:45:40,71.0,3.69 G
2019-06-13 01:45:42,42.0,3.69 G
2019-06-13 01:45:44,45.9,3.69 G
2019-06-13 01:45:46,66.9,3.69 G
2019-06-13 01:45:48,52.0,3.69 G
2019-06-13 01:45:50,41.0,3.69 G
2019-06-13 01:45:52,43.9,3.69 G
2019-06-13 01:45:54,77.9,3.68 G
2019-06-13 01:45:56,56.9,3.68 G
2019-06-13 01:45:58,50.0,3.68 G
2019-06-13 01:46:00,47.0,3.68 G
2019-06-13 01:46:02,36.0,3.67 G
2019-06-13 01:46:04,44.9,3.67 G
2019-06-13 01:46:06,47.0,3.67 G
2019-06-13 01:46:08,71.0,3.66 G
2019-06-13 01:46:10,54.0,3.66 G
2019-06-13 01:46:12,43.0,3.66 G
2019-06-13 01:46:14,41.0,3.66 G
2019-06-13 01:46:16,41.0,3.66 G
2019-06-13 01:46:18,47.9,3.66 G
2019-06-13 01:46:20,52.9,3.66 G
2019-06-13 01:46:22,63.9,3.64 G
2019-06-13 01:46:24,40.0,3.64 G
2019-06-13 01:46:26,43.9,3.64 G
2019-06-13 01:46:28,42.0,3.64 G
2019-06-13 01:46:30,49.9,3.64 G
2019-06-13 01:46:32,49.9,3.64 G
2019-06-13 01:46:34,54.9,3.64 G
2019-06-13 01:46:36,53.0,3.64 G
2019-06-13 01:46:38,47.0,3.64 G
2019-06-13 01:46:40,51.0,3.62 G
2019-06-13 01:46:42,48.0,3.62 G
2019-06-13 01:46:44,52.0,3.62 G
2019-06-13 01:46:46,51.9,3.62 G
2019-06-13 01:46:48,63.9,3.62 G
2019-06-13 01:46:50,43.9,3.62 G
2019-06-13 01:46:52,49.9,3.62 G
2019-06-13 01:46:54,51.9,3.62 G
2019-06-13 01:46:56,69.9,3.61 G
2019-06-13 01:46:58,749.6,3.60 G
2019-06-13 01:47:00,773.5,3.60 G
2019-06-13 01:47:02,772.6,3.60 G
2019-06-13 01:47:04,771.4,3.58 G
2019-06-13 01:47:06,771.5,3.54 G
2019-06-13 01:47:08,765.5,3.52 G
2019-06-13 01:47:10,760.3,3.44 G
2019-06-13 01:47:12,761.4,3.41 G
2019-06-13 01:47:14,762.5,3.38 G
2019-06-13 01:47:16,764.2,3.37 G
2019-06-13 01:47:18,726.6,3.35 G
2019-06-13 01:47:20,653.4,3.35 G
2019-06-13 01:47:22,755.5,3.32 G
2019-06-13 01:47:24,765.5,3.30 G
2019-06-13 01:47:26,47.0,3.27 G
2019-06-13 01:47:28,46.0,3.27 G
2019-06-13 01:47:30,48.9,3.27 G
2019-06-13 01:47:32,42.9,3.27 G
2019-06-13 01:47:34,47.9,3.27 G
2019-06-13 01:47:36,765.5,3.26 G
2019-06-13 01:47:38,764.4,3.26 G
2019-06-13 01:47:40,697.5,3.26 G
2019-06-13 01:47:42,21.0,3.27 G
2019-06-13 01:47:44,41.0,3.33 G
2019-06-13 01:47:46,109.9,3.40 G
2019-06-13 01:47:48,109.9,3.52 G
2019-06-13 01:47:50,102.0,3.61 G
2019-06-13 01:47:52,100.9,3.67 G
2019-06-13 01:47:55,764.4,3.67 G
2019-06-13 01:47:57,757.3,3.67 G
2019-06-13 01:47:59,763.5,3.65 G
2019-06-13 01:48:01,760.5,3.64 G
2019-06-13 01:48:03,756.5,3.64 G
2019-06-13 01:48:05,253.8,3.60 G
2019-06-13 01:48:07,24.0,3.60 G
2019-06-13 01:48:09,764.5,3.61 G
2019-06-13 01:48:11,762.5,3.61 G
2019-06-13 01:48:13,372.6,3.60 G
2019-06-13 01:48:15,43.0,3.61 G
2019-06-13 01:48:17,45.9,3.63 G
2019-06-13 01:48:19,47.9,3.63 G
2019-06-13 01:48:21,45.0,3.64 G
2019-06-13 01:48:23,51.9,3.65 G
2019-06-13 01:48:25,44.9,3.65 G
2019-06-13 01:48:27,41.0,3.66 G
2019-06-13 01:48:29,46.0,3.66 G
2019-06-13 01:48:31,48.9,3.66 G
2019-06-13 01:48:33,45.9,3.66 G
2019-06-13 01:48:35,46.0,3.66 G
2019-06-13 01:48:37,76.9,3.67 G
2019-06-13 01:48:39,46.0,3.67 G
2019-06-13 01:48:41,51.9,3.67 G
2019-06-13 01:48:43,51.9,3.67 G
2019-06-13 01:48:45,50.9,3.67 G
2019-06-13 01:48:47,47.9,3.67 G
2019-06-13 01:48:49,93.9,3.73 G
2019-06-13 01:48:51,48.9,3.73 G
2019-06-13 01:48:53,48.9,3.73 G
2019-06-13 01:48:55,37.0,3.73 G
2019-06-13 01:48:57,46.9,3.73 G
2019-06-13 01:48:59,50.9,3.73 G
2019-06-13 01:49:01,44.0,3.73 G
2019-06-13 01:49:03,50.9,3.73 G
2019-06-13 01:49:05,45.0,3.73 G
2019-06-13 01:49:07,46.9,3.73 G
2019-06-13 01:49:09,54.9,3.73 G
2019-06-13 01:49:11,53.9,3.73 G
2019-06-13 01:49:13,34.0,3.73 G
2019-06-13 01:49:15,45.9,3.73 G
2019-06-13 01:49:17,43.0,3.73 G
2019-06-13 01:49:19,43.0,3.73 G
2019-06-13 01:49:21,104.9,3.73 G
2019-06-13 01:49:23,44.0,3.73 G
2019-06-13 01:49:25,43.0,3.73 G
2019-06-13 01:49:27,48.9,3.73 G
2019-06-13 01:49:29,47.9,3.73 G
2019-06-13 01:49:31,110.9,3.73 G
2019-06-13 01:49:33,53.9,3.73 G
2019-06-13 01:49:35,51.9,3.73 G
2019-06-13 01:49:37,47.9,3.73 G
2019-06-13 01:49:39,53.0,3.73 G
2019-06-13 01:49:41,50.9,3.73 G
2019-06-13 01:49:43,50.0,3.73 G
2019-06-13 01:49:45,46.9,3.73 G
2019-06-13 01:49:47,53.9,3.73 G
2019-06-13 01:49:49,44.0,3.73 G
2019-06-13 01:49:51,51.9,3.73 G
2019-06-13 01:49:53,45.0,3.73 G
2019-06-13 01:49:55,52.9,3.73 G
2019-06-13 01:49:57,44.9,3.73 G
2019-06-13 01:49:59,47.9,3.73 G
2019-06-13 01:50:01,107.9,3.73 G
2019-06-13 01:50:03,53.0,3.73 G
2019-06-13 01:50:05,48.9,3.73 G
2019-06-13 01:50:07,45.9,3.73 G
2019-06-13 01:50:09,46.9,3.73 G
2019-06-13 01:50:11,44.9,3.73 G
2019-06-13 01:50:13,44.9,3.73 G
2019-06-13 01:50:15,44.9,3.73 G
2019-06-13 01:50:17,43.0,3.73 G
2019-06-13 01:50:19,101.9,3.73 G
2019-06-13 01:50:21,46.9,3.73 G
2019-06-13 01:50:23,44.9,3.73 G
2019-06-13 01:50:25,44.0,3.73 G
2019-06-13 01:50:27,48.9,3.73 G
2019-06-13 01:50:29,106.9,3.73 G
2019-06-13 01:50:31,57.9,3.73 G
2019-06-13 01:50:33,41.0,3.73 G
2019-06-13 01:50:35,46.0,3.73 G
2019-06-13 01:50:37,39.0,3.73 G
2019-06-13 01:50:39,103.9,3.73 G
2019-06-13 01:50:41,59.9,3.73 G
2019-06-13 01:50:43,57.9,3.73 G
2019-06-13 01:50:45,46.9,3.73 G
2019-06-13 01:50:47,51.9,3.73 G
2019-06-13 01:50:49,119.9,3.73 G
2019-06-13 01:50:51,49.0,3.73 G
2019-06-13 01:50:53,38.0,3.73 G
2019-06-13 01:50:55,775.4,3.73 G
2019-06-13 01:50:57,768.7,3.73 G
2019-06-13 01:50:59,763.5,3.70 G
2019-06-13 01:51:01,767.6,3.65 G
2019-06-13 01:51:03,643.3,3.55 G
2019-06-13 01:51:05,17.0,3.55 G
2019-06-13 01:51:07,18.0,3.55 G
2019-06-13 01:51:09,16.0,3.55 G
2019-06-13 01:51:11,20.0,3.55 G
2019-06-13 01:51:13,27.0,3.55 G
2019-06-13 01:51:15,20.0,3.55 G
2019-06-13 01:51:17,114.9,3.77 G
2019-06-13 01:51:19,519.6,3.80 G
2019-06-13 01:51:21,762.3,3.79 G
2019-06-13 01:51:24,760.3,3.75 G
2019-06-13 01:51:26,761.7,3.72 G
2019-06-13 01:51:28,762.6,3.69 G
2019-06-13 01:51:30,607.6,3.41 G
2019-06-13 01:51:32,20.0,3.41 G
2019-06-13 01:51:34,18.0,3.41 G
2019-06-13 01:51:36,58.9,3.51 G
2019-06-13 01:51:38,741.5,3.57 G
2019-06-13 01:51:40,754.4,3.56 G
2019-06-13 01:51:42,754.4,3.51 G
2019-06-13 01:51:44,755.5,3.51 G
2019-06-13 01:51:46,755.5,3.47 G
2019-06-13 01:51:48,154.8,3.42 G
2019-06-13 01:51:50,18.0,3.42 G
2019-06-13 01:51:52,354.7,3.43 G
2019-06-13 01:51:54,751.5,3.43 G
2019-06-13 01:51:56,756.5,3.42 G
2019-06-13 01:51:58,43.0,3.42 G
2019-06-13 01:52:00,47.0,3.43 G
2019-06-13 01:52:02,46.9,3.43 G
2019-06-13 01:52:04,46.9,3.43 G
2019-06-13 01:52:06,49.0,3.43 G
2019-06-13 01:52:08,43.0,3.43 G
2019-06-13 01:52:10,43.0,3.43 G
2019-06-13 01:52:12,40.9,3.43 G
2019-06-13 01:52:14,40.9,3.43 G
2019-06-13 01:52:16,50.9,3.43 G
2019-06-13 01:52:18,49.9,3.43 G
2019-06-13 01:52:20,43.0,3.43 G
2019-06-13 01:52:22,569.9,3.43 G
2019-06-13 01:52:24,763.8,3.43 G
2019-06-13 01:52:26,764.6,3.43 G
2019-06-13 01:52:28,755.4,3.42 G
2019-06-13 01:52:30,48.0,3.42 G
2019-06-13 01:52:32,46.9,3.42 G
2019-06-13 01:52:34,38.0,3.42 G
2019-06-13 01:52:36,41.0,3.42 G
2019-06-13 01:52:38,74.9,3.48 G
2019-06-13 01:52:40,44.0,3.48 G
2019-06-13 01:52:42,43.0,3.48 G
2019-06-13 01:52:44,44.9,3.48 G
2019-06-13 01:52:46,78.9,3.51 G
2019-06-13 01:52:48,41.0,3.51 G
2019-06-13 01:52:50,49.9,3.51 G
2019-06-13 01:52:52,49.9,3.51 G
2019-06-13 01:52:54,46.9,3.51 G
2019-06-13 01:52:56,45.9,3.59 G
2019-06-13 01:52:58,50.9,3.59 G
2019-06-13 01:53:00,49.9,3.59 G
2019-06-13 01:53:02,44.9,3.59 G
2019-06-13 01:53:04,92.9,3.61 G
2019-06-13 01:53:06,44.0,3.61 G
2019-06-13 01:53:08,52.9,3.61 G
2019-06-13 01:53:10,44.0,3.61 G
2019-06-13 01:53:12,48.0,3.61 G
2019-06-13 01:53:14,50.0,3.68 G
2019-06-13 01:53:16,43.9,3.68 G
2019-06-13 01:53:18,52.0,3.68 G
2019-06-13 01:53:20,45.9,3.68 G
2019-06-13 01:53:22,92.9,3.68 G
2019-06-13 01:53:24,46.9,3.68 G
2019-06-13 01:53:26,47.9,3.68 G
2019-06-13 01:53:28,41.0,3.68 G
2019-06-13 01:53:30,88.9,3.68 G
2019-06-13 01:53:32,48.9,3.68 G
2019-06-13 01:53:34,42.0,3.68 G
2019-06-13 01:53:36,41.0,3.68 G
2019-06-13 01:53:38,85.0,3.68 G
2019-06-13 01:53:40,42.0,3.68 G
2019-06-13 01:53:42,43.0,3.68 G
2019-06-13 01:53:44,40.0,3.68 G
2019-06-13 01:53:46,96.9,3.68 G
2019-06-13 01:53:48,49.9,3.68 G
2019-06-13 01:53:50,45.9,3.68 G
2019-06-13 01:53:52,43.9,3.68 G
2019-06-13 01:53:54,40.0,3.68 G
2019-06-13 01:53:56,45.0,3.68 G
2019-06-13 01:53:58,49.0,3.68 G
2019-06-13 01:54:00,49.9,3.68 G
2019-06-13 01:54:02,45.9,3.68 G
2019-06-13 01:54:04,51.0,3.68 G
2019-06-13 01:54:06,44.0,3.68 G
2019-06-13 01:54:08,44.0,3.68 G
2019-06-13 01:54:10,50.9,3.68 G
2019-06-13 01:54:12,45.9,3.68 G
2019-06-13 01:54:14,43.0,3.68 G
2019-06-13 01:54:16,43.0,3.68 G
2019-06-13 01:54:18,91.9,3.68 G
2019-06-13 01:54:20,46.9,3.68 G
2019-06-13 01:54:22,38.0,3.68 G
2019-06-13 01:54:24,43.0,3.68 G
2019-06-13 01:54:26,39.0,3.68 G
2019-06-13 01:54:28,36.0,3.68 G
2019-06-13 01:54:30,50.9,3.68 G
2019-06-13 01:54:32,91.9,3.68 G
2019-06-13 01:54:34,45.0,3.68 G
2019-06-13 01:54:36,37.0,3.68 G
2019-06-13 01:54:38,54.9,3.68 G
2019-06-13 01:54:40,90.9,3.66 G
2019-06-13 01:54:42,51.9,3.66 G
2019-06-13 01:54:44,44.0,3.66 G
2019-06-13 01:54:46,45.9,3.66 G
2019-06-13 01:54:48,36.0,3.66 G
2019-06-13 01:54:50,43.0,3.66 G
2019-06-13 01:54:52,50.0,3.66 G
2019-06-13 01:54:54,73.9,3.66 G
2019-06-13 01:54:56,43.0,3.66 G
2019-06-13 01:54:58,40.0,3.66 G
2019-06-13 01:55:01,38.0,3.66 G
2019-06-13 01:55:03,38.0,3.66 G
2019-06-13 01:55:05,70.9,3.65 G
2019-06-13 01:55:07,45.9,3.65 G
2019-06-13 01:55:09,44.9,3.65 G
2019-06-13 01:55:11,46.9,3.65 G
2019-06-13 01:55:13,54.9,3.65 G
2019-06-13 01:55:15,34.0,3.65 G
2019-06-13 01:55:17,44.9,3.65 G
2019-06-13 01:55:19,46.9,3.65 G
2019-06-13 01:55:21,66.9,3.65 G
2019-06-13 01:55:23,50.9,3.65 G
2019-06-13 01:55:25,51.0,3.65 G
2019-06-13 01:55:27,45.0,3.65 G
2019-06-13 01:55:29,43.9,3.65 G
2019-06-13 01:55:31,50.9,3.65 G
2019-06-13 01:55:33,48.9,3.65 G
2019-06-13 01:55:35,51.9,3.65 G
2019-06-13 01:55:37,50.9,3.65 G
2019-06-13 01:55:39,46.0,3.64 G
2019-06-13 01:55:41,46.9,3.64 G
2019-06-13 01:55:43,49.9,3.64 G
2019-06-13 01:55:45,48.9,3.64 G
2019-06-13 01:55:47,70.9,3.64 G
2019-06-13 01:55:49,50.9,3.64 G
2019-06-13 01:55:51,51.9,3.64 G
2019-06-13 01:55:53,50.9,3.64 G
2019-06-13 01:55:55,41.0,3.64 G
2019-06-13 01:55:57,45.0,3.63 G
2019-06-13 01:55:59,44.9,3.63 G
2019-06-13 01:56:01,40.0,3.63 G
2019-06-13 01:56:03,43.9,3.63 G
2019-06-13 01:56:05,43.0,3.63 G
2019-06-13 01:56:07,42.0,3.63 G
2019-06-13 01:56:09,54.9,3.63 G
2019-06-13 01:56:11,39.0,3.63 G
2019-06-13 01:56:13,42.9,3.62 G
2019-06-13 01:56:15,41.9,3.62 G
2019-06-13 01:56:17,755.5,3.62 G
2019-06-13 01:56:19,766.4,3.61 G
2019-06-13 01:56:21,763.5,3.58 G
2019-06-13 01:56:23,772.6,3.54 G
2019-06-13 01:56:25,21.0,3.54 G
2019-06-13 01:56:27,99.9,3.54 G
2019-06-13 01:56:29,103.9,3.53 G
2019-06-13 01:56:31,102.9,3.52 G
2019-06-13 01:56:33,100.0,3.52 G
2019-06-13 01:56:35,105.0,3.52 G
2019-06-13 01:56:37,101.9,3.51 G
2019-06-13 01:56:39,99.9,3.52 G
2019-06-13 01:56:41,102.9,3.52 G
2019-06-13 01:56:43,102.9,3.52 G
2019-06-13 01:56:45,754.5,3.52 G
2019-06-13 01:56:47,764.6,3.51 G
2019-06-13 01:56:49,757.5,3.45 G
2019-06-13 01:56:51,19.0,3.45 G
2019-06-13 01:56:53,18.0,3.45 G
2019-06-13 01:56:55,749.5,3.49 G
2019-06-13 01:56:57,754.5,3.48 G
2019-06-13 01:56:59,754.4,3.46 G
2019-06-13 01:57:01,696.5,3.44 G
2019-06-13 01:57:03,755.3,3.43 G
2019-06-13 01:57:05,172.9,3.39 G
2019-06-13 01:57:07,483.7,3.40 G
2019-06-13 01:57:09,762.5,3.40 G
2019-06-13 01:57:11,763.8,3.40 G
2019-06-13 01:57:13,42.0,3.39 G
2019-06-13 01:57:15,48.0,3.39 G
2019-06-13 01:57:17,50.9,3.39 G
2019-06-13 01:57:19,68.9,3.39 G
2019-06-13 01:57:21,52.9,3.39 G
2019-06-13 01:57:23,45.9,3.39 G
2019-06-13 01:57:25,47.9,3.39 G
2019-06-13 01:57:27,46.0,3.39 G
2019-06-13 01:57:29,42.0,3.39 G
2019-06-13 01:57:31,53.9,3.39 G
2019-06-13 01:57:33,66.9,3.44 G
2019-06-13 01:57:35,45.0,3.44 G
2019-06-13 01:57:37,45.9,3.44 G
2019-06-13 01:57:39,78.9,3.46 G
2019-06-13 01:57:41,48.9,3.46 G
2019-06-13 01:57:43,45.0,3.46 G
2019-06-13 01:57:45,85.9,3.53 G
2019-06-13 01:57:47,51.0,3.53 G
2019-06-13 01:57:49,52.0,3.53 G
2019-06-13 01:57:51,49.9,3.53 G
2019-06-13 01:57:53,93.9,3.53 G
2019-06-13 01:57:55,43.0,3.53 G
2019-06-13 01:57:57,46.9,3.53 G
2019-06-13 01:57:59,50.9,3.53 G
2019-06-13 01:58:01,40.0,3.61 G
2019-06-13 01:58:03,47.0,3.61 G
2019-06-13 01:58:05,45.9,3.61 G
2019-06-13 01:58:07,87.9,3.61 G
2019-06-13 01:58:09,38.0,3.61 G
2019-06-13 01:58:11,46.0,3.61 G
2019-06-13 01:58:13,44.9,3.61 G
2019-06-13 01:58:15,42.0,3.64 G
2019-06-13 01:58:17,45.0,3.64 G
2019-06-13 01:58:19,44.9,3.64 G
2019-06-13 01:58:21,42.0,3.64 G
2019-06-13 01:58:23,45.0,3.64 G
2019-06-13 01:58:25,43.0,3.64 G
2019-06-13 01:58:27,83.9,3.64 G
2019-06-13 01:58:30,50.9,3.64 G
2019-06-13 01:58:32,52.0,3.64 G
2019-06-13 01:58:34,52.0,3.64 G
2019-06-13 01:58:36,47.9,3.64 G
2019-06-13 01:58:38,44.9,3.64 G
2019-06-13 01:58:40,50.9,3.64 G
2019-06-13 01:58:42,94.9,3.64 G
2019-06-13 01:58:44,52.9,3.64 G
2019-06-13 01:58:46,772.5,3.64 G
2019-06-13 01:58:48,763.5,3.64 G
2019-06-13 01:58:50,765.5,3.64 G
2019-06-13 01:58:52,449.6,3.60 G
2019-06-13 01:58:54,28.0,3.60 G
2019-06-13 01:58:56,749.7,3.64 G
2019-06-13 01:58:58,753.7,3.58 G
2019-06-13 01:59:00,754.5,3.55 G
2019-06-13 01:59:02,18.0,3.54 G
2019-06-13 01:59:04,41.0,3.55 G
2019-06-13 01:59:06,755.5,3.59 G
2019-06-13 01:59:08,762.5,3.56 G
2019-06-13 01:59:10,764.6,3.51 G
2019-06-13 01:59:12,614.8,3.40 G
2019-06-13 01:59:14,762.6,3.40 G
2019-06-13 01:59:16,762.6,3.40 G
2019-06-13 01:59:18,19.0,3.39 G
2019-06-13 01:59:20,478.7,3.39 G
2019-06-13 01:59:22,754.3,3.39 G
2019-06-13 01:59:24,755.4,3.38 G
2019-06-13 01:59:26,22.0,3.38 G
2019-06-13 01:59:28,18.0,3.38 G
2019-06-13 01:59:30,31.0,3.39 G
2019-06-13 01:59:32,101.9,3.46 G
2019-06-13 01:59:34,105.9,3.54 G
2019-06-13 01:59:36,103.9,3.62 G
2019-06-13 01:59:38,669.4,3.67 G
2019-06-13 01:59:40,765.4,3.67 G
2019-06-13 01:59:42,764.5,3.67 G
2019-06-13 01:59:44,42.0,3.61 G
2019-06-13 01:59:46,42.9,3.61 G
2019-06-13 01:59:48,43.0,3.61 G
2019-06-13 01:59:50,42.0,3.61 G
2019-06-13 01:59:52,45.9,3.61 G
2019-06-13 01:59:54,44.0,3.61 G
2019-06-13 01:59:56,47.9,3.61 G
2019-06-13 01:59:58,48.9,3.63 G
2019-06-13 02:00:00,39.0,3.63 G
2019-06-13 02:00:02,40.0,3.63 G
2019-06-13 02:00:04,46.0,3.63 G
2019-06-13 02:00:06,44.9,3.63 G
2019-06-13 02:00:08,40.0,3.63 G
2019-06-13 02:00:10,41.0,3.63 G
2019-06-13 02:00:12,62.9,3.67 G
2019-06-13 02:00:14,303.8,3.68 G
2019-06-13 02:00:16,764.5,3.67 G
2019-06-13 02:00:18,771.3,3.67 G
2019-06-13 02:00:20,764.5,3.67 G
2019-06-13 02:00:22,12.0,3.65 G
2019-06-13 02:00:24,755.4,3.65 G
2019-06-13 02:00:26,757.5,3.65 G
2019-06-13 02:00:28,508.5,3.64 G
2019-06-13 02:00:30,28.0,3.64 G
2019-06-13 02:00:32,108.9,3.67 G
2019-06-13 02:00:34,108.9,3.68 G
2019-06-13 02:00:36,108.9,3.68 G
2019-06-13 02:00:38,101.9,3.68 G
2019-06-13 02:00:40,101.9,3.69 G
2019-06-13 02:00:42,101.9,3.69 G
2019-06-13 02:00:44,101.9,3.69 G
2019-06-13 02:00:46,101.9,3.70 G
2019-06-13 02:00:48,101.9,3.70 G
2019-06-13 02:00:50,751.3,3.71 G
2019-06-13 02:00:52,753.4,3.71 G
2019-06-13 02:00:54,749.2,3.68 G
2019-06-13 02:00:56,43.0,3.68 G
2019-06-13 02:00:58,48.0,3.68 G
2019-06-13 02:01:00,44.0,3.68 G
2019-06-13 02:01:02,44.0,3.68 G
2019-06-13 02:01:04,44.0,3.68 G
2019-06-13 02:01:06,41.0,3.68 G
2019-06-13 02:01:08,29.0,3.68 G
2019-06-13 02:01:10,42.9,3.68 G
2019-06-13 02:01:12,51.0,3.68 G
2019-06-13 02:01:14,49.9,3.68 G
2019-06-13 02:01:16,45.9,3.68 G
2019-06-13 02:01:18,40.0,3.68 G
2019-06-13 02:01:20,40.0,3.68 G
2019-06-13 02:01:22,43.0,3.68 G
2019-06-13 02:01:24,48.9,3.69 G
2019-06-13 02:01:26,53.9,3.69 G
2019-06-13 02:01:28,494.9,3.69 G
2019-06-13 02:01:30,764.5,3.69 G
2019-06-13 02:01:32,769.3,3.69 G
2019-06-13 02:01:34,763.5,3.69 G
2019-06-13 02:01:36,25.0,3.67 G
2019-06-13 02:01:38,8.0,3.67 G
2019-06-13 02:01:40,9.0,3.67 G
2019-06-13 02:01:42,14.0,3.67 G
2019-06-13 02:01:44,14.0,3.67 G
2019-06-13 02:01:46,672.9,3.74 G
2019-06-13 02:01:48,755.4,3.74 G
2019-06-13 02:01:50,762.5,3.74 G
2019-06-13 02:01:52,17.0,3.68 G
2019-06-13 02:01:54,17.0,3.68 G
2019-06-13 02:01:56,21.0,3.68 G
2019-06-13 02:01:58,40.0,3.78 G
2019-06-13 02:02:00,759.6,3.84 G
2019-06-13 02:02:02,760.3,3.84 G
2019-06-13 02:02:04,757.5,3.83 G
2019-06-13 02:02:07,757.5,3.83 G
2019-06-13 02:02:09,755.4,3.81 G
2019-06-13 02:02:11,30.0,3.67 G
2019-06-13 02:02:13,18.0,3.67 G
2019-06-13 02:02:15,18.0,3.67 G
2019-06-13 02:02:17,17.0,3.67 G
2019-06-13 02:02:19,19.0,3.67 G
2019-06-13 02:02:21,753.1,3.69 G
2019-06-13 02:02:23,757.4,3.69 G
2019-06-13 02:02:25,738.2,3.67 G
2019-06-13 02:02:27,344.6,3.68 G
2019-06-13 02:02:29,762.6,3.68 G
2019-06-13 02:02:31,764.5,3.68 G
2019-06-13 02:02:33,37.0,3.68 G
2019-06-13 02:02:35,18.0,3.68 G
2019-06-13 02:02:37,52.9,3.73 G
2019-06-13 02:02:39,763.5,3.79 G
2019-06-13 02:02:41,765.5,3.78 G
2019-06-13 02:02:43,281.8,3.68 G
2019-06-13 02:02:45,765.4,3.68 G
2019-06-13 02:02:47,755.5,3.68 G
2019-06-13 02:02:49,252.8,3.68 G
2019-06-13 02:02:51,52.0,3.68 G
2019-06-13 02:02:53,180.9,3.68 G
2019-06-13 02:02:55,759.7,3.68 G
2019-06-13 02:02:57,757.5,3.68 G
2019-06-13 02:02:59,210.9,3.68 G
2019-06-13 02:03:01,17.0,3.68 G
2019-06-13 02:03:03,32.0,3.68 G
2019-06-13 02:03:05,754.4,3.73 G
2019-06-13 02:03:07,762.3,3.73 G
2019-06-13 02:03:09,760.4,3.73 G
2019-06-13 02:03:11,762.4,3.73 G
2019-06-13 02:03:13,763.6,3.72 G
2019-06-13 02:03:15,20.0,3.70 G
2019-06-13 02:03:17,25.0,3.70 G
2019-06-13 02:03:19,57.0,3.72 G
2019-06-13 02:03:21,62.9,3.74 G
2019-06-13 02:03:23,61.9,3.75 G
2019-06-13 02:03:25,70.0,3.76 G
2019-06-13 02:03:27,693.4,3.77 G
2019-06-13 02:03:29,758.4,3.77 G
2019-06-13 02:03:31,764.4,3.75 G
2019-06-13 02:03:33,766.5,3.73 G
2019-06-13 02:03:35,766.5,3.71 G
2019-06-13 02:03:37,650.6,3.62 G
2019-06-13 02:03:39,23.0,3.62 G
2019-06-13 02:03:41,57.9,3.70 G
2019-06-13 02:03:43,106.9,3.73 G
2019-06-13 02:03:45,106.9,3.73 G
2019-06-13 02:03:47,101.9,3.74 G
2019-06-13 02:03:49,762.5,3.73 G
2019-06-13 02:03:51,764.5,3.73 G
2019-06-13 02:03:53,762.3,3.68 G
2019-06-13 02:03:55,755.2,3.68 G
2019-06-13 02:03:57,754.5,3.68 G
2019-06-13 02:03:59,158.9,3.64 G
2019-06-13 02:04:01,19.0,3.64 G
2019-06-13 02:04:03,15.0,3.64 G
2019-06-13 02:04:05,18.0,3.64 G
2019-06-13 02:04:07,20.0,3.64 G
2019-06-13 02:04:09,80.9,3.88 G
2019-06-13 02:04:11,344.7,3.94 G
2019-06-13 02:04:13,762.5,3.94 G
2019-06-13 02:04:15,764.7,3.93 G
2019-06-13 02:04:17,762.5,3.92 G
2019-06-13 02:04:19,764.5,3.92 G
2019-06-13 02:04:21,754.6,3.89 G
2019-06-13 02:04:23,27.0,3.67 G
2019-06-13 02:04:25,76.9,3.73 G
2019-06-13 02:04:27,675.6,3.74 G
2019-06-13 02:04:29,764.6,3.74 G
2019-06-13 02:04:31,764.2,3.74 G
2019-06-13 02:04:33,762.3,3.73 G
2019-06-13 02:04:35,766.6,3.70 G
2019-06-13 02:04:37,604.6,3.66 G
2019-06-13 02:04:39,20.0,3.66 G
2019-06-13 02:04:41,343.7,3.66 G
2019-06-13 02:04:43,761.2,3.66 G
2019-06-13 02:04:45,765.2,3.66 G
2019-06-13 02:04:47,766.4,3.66 G
2019-06-13 02:04:49,758.5,3.66 G
2019-06-13 02:04:51,757.2,3.66 G
2019-06-13 02:04:53,18.0,3.66 G
2019-06-13 02:04:55,15.0,3.66 G
2019-06-13 02:04:57,101.9,3.67 G
2019-06-13 02:04:59,103.0,3.69 G
2019-06-13 02:05:01,103.9,3.71 G
2019-06-13 02:05:03,102.9,3.73 G
2019-06-13 02:05:05,762.6,3.73 G
2019-06-13 02:05:07,762.9,3.73 G
2019-06-13 02:05:09,349.6,3.68 G
2019-06-13 02:05:11,52.0,3.68 G
2019-06-13 02:05:13,523.7,3.68 G
2019-06-13 02:05:15,754.5,3.68 G
2019-06-13 02:05:18,757.5,3.68 G
2019-06-13 02:05:20,28.0,3.67 G
2019-06-13 02:05:22,19.0,3.67 G
2019-06-13 02:05:24,17.0,3.67 G
2019-06-13 02:05:26,32.0,3.67 G
2019-06-13 02:05:28,71.9,3.76 G
2019-06-13 02:05:30,71.9,3.76 G
2019-06-13 02:05:32,62.9,3.76 G
2019-06-13 02:05:34,64.0,3.76 G
2019-06-13 02:05:36,72.9,3.77 G
2019-06-13 02:05:38,71.9,3.77 G
2019-06-13 02:05:40,70.9,3.77 G
2019-06-13 02:05:42,72.9,3.78 G
2019-06-13 02:05:44,593.5,3.77 G
2019-06-13 02:05:46,763.5,3.77 G
2019-06-13 02:05:48,754.6,3.71 G
2019-06-13 02:05:50,20.0,3.67 G
2019-06-13 02:05:52,43.0,3.68 G
2019-06-13 02:05:54,107.9,3.68 G
2019-06-13 02:05:56,104.9,3.69 G
2019-06-13 02:05:58,102.9,3.69 G
2019-06-13 02:06:00,103.9,3.69 G
2019-06-13 02:06:02,102.9,3.69 G
2019-06-13 02:06:04,104.9,3.69 G
2019-06-13 02:06:06,103.9,3.69 G
2019-06-13 02:06:08,102.9,3.69 G
2019-06-13 02:06:10,102.9,3.70 G
2019-06-13 02:06:12,102.9,3.70 G
2019-06-13 02:06:14,101.9,3.70 G
2019-06-13 02:06:16,102.9,3.70 G
2019-06-13 02:06:18,101.9,3.70 G
2019-06-13 02:06:20,104.9,3.70 G
2019-06-13 02:06:22,103.9,3.71 G
2019-06-13 02:06:24,102.9,3.71 G
2019-06-13 02:06:26,101.9,3.71 G
2019-06-13 02:06:28,102.9,3.71 G
2019-06-13 02:06:30,104.0,3.71 G
2019-06-13 02:06:32,102.9,3.71 G
2019-06-13 02:06:34,105.0,3.71 G
2019-06-13 02:06:36,102.9,3.71 G
2019-06-13 02:06:38,102.9,3.71 G
2019-06-13 02:06:40,102.9,3.72 G
2019-06-13 02:06:42,100.9,3.72 G
2019-06-13 02:06:44,101.9,3.72 G
2019-06-13 02:06:46,103.9,3.72 G
2019-06-13 02:06:48,102.9,3.72 G
2019-06-13 02:06:50,102.9,3.72 G
2019-06-13 02:06:52,102.9,3.72 G
2019-06-13 02:06:54,102.9,3.73 G
2019-06-13 02:06:56,102.9,3.73 G
2019-06-13 02:06:58,102.9,3.73 G
2019-06-13 02:07:00,102.9,3.73 G
2019-06-13 02:07:02,757.5,3.73 G
2019-06-13 02:07:04,755.4,3.73 G
2019-06-13 02:07:06,759.5,3.72 G
2019-06-13 02:07:08,20.0,3.69 G
2019-06-13 02:07:10,19.0,3.69 G
2019-06-13 02:07:12,748.5,3.78 G
2019-06-13 02:07:14,763.4,3.78 G
2019-06-13 02:07:16,762.9,3.78 G
2019-06-13 02:07:18,18.0,3.67 G
2019-06-13 02:07:20,41.0,3.69 G
2019-06-13 02:07:22,43.0,3.69 G
2019-06-13 02:07:24,45.0,3.70 G
2019-06-13 02:07:26,43.0,3.70 G
2019-06-13 02:07:28,41.0,3.71 G
2019-06-13 02:07:30,52.0,3.71 G
2019-06-13 02:07:32,46.9,3.71 G
2019-06-13 02:07:34,45.9,3.71 G
2019-06-13 02:07:36,54.9,3.71 G
2019-06-13 02:07:38,53.9,3.71 G
2019-06-13 02:07:40,81.9,3.71 G
2019-06-13 02:07:42,46.9,3.71 G
2019-06-13 02:07:44,46.0,3.71 G
2019-06-13 02:07:46,47.9,3.71 G
2019-06-13 02:07:48,45.9,3.71 G
2019-06-13 02:07:50,43.9,3.71 G
2019-06-13 02:07:52,52.9,3.71 G
2019-06-13 02:07:54,50.9,3.71 G
2019-06-13 02:07:56,51.9,3.71 G
2019-06-13 02:07:58,52.9,3.71 G
2019-06-13 02:08:00,53.9,3.71 G
2019-06-13 02:08:02,93.9,3.71 G
2019-06-13 02:08:04,44.0,3.71 G
2019-06-13 02:08:06,43.0,3.71 G
2019-06-13 02:08:08,46.0,3.71 G
2019-06-13 02:08:10,52.9,3.71 G
2019-06-13 02:08:12,756.6,3.71 G
2019-06-13 02:08:14,762.5,3.71 G
2019-06-13 02:08:16,763.4,3.71 G
2019-06-13 02:08:18,764.5,3.71 G
2019-06-13 02:08:20,260.8,3.68 G
2019-06-13 02:08:22,761.5,3.65 G
2019-06-13 02:08:24,760.6,3.61 G
2019-06-13 02:08:26,347.6,3.59 G
2019-06-13 02:08:28,23.0,3.59 G
2019-06-13 02:08:30,25.0,3.59 G
2019-06-13 02:08:32,25.0,3.59 G
2019-06-13 02:08:34,94.9,3.89 G
2019-06-13 02:08:36,748.5,3.92 G
2019-06-13 02:08:38,760.2,3.92 G
2019-06-13 02:08:40,761.4,3.88 G
2019-06-13 02:08:42,20.0,3.87 G
2019-06-13 02:08:44,21.0,3.87 G
2019-06-13 02:08:46,111.9,4.02 G
2019-06-13 02:08:48,111.9,4.02 G
2019-06-13 02:08:50,102.9,4.02 G
2019-06-13 02:08:52,755.5,3.93 G
2019-06-13 02:08:54,760.5,3.92 G
2019-06-13 02:08:56,747.3,3.91 G
2019-06-13 02:08:58,762.3,3.90 G
2019-06-13 02:09:00,762.4,3.90 G
2019-06-13 02:09:02,672.6,3.62 G
2019-06-13 02:09:04,35.0,3.64 G
2019-06-13 02:09:06,47.0,3.67 G
2019-06-13 02:09:08,52.9,3.72 G
2019-06-13 02:09:10,55.9,3.73 G
2019-06-13 02:09:12,56.9,3.73 G
2019-06-13 02:09:14,645.3,3.73 G
2019-06-13 02:09:16,763.5,3.73 G
2019-06-13 02:09:18,760.4,3.68 G
2019-06-13 02:09:20,756.5,3.66 G
2019-06-13 02:09:23,756.4,3.65 G
2019-06-13 02:09:25,762.4,3.64 G
2019-06-13 02:09:27,553.9,3.63 G
2019-06-13 02:09:29,762.6,3.62 G
2019-06-13 02:09:31,763.6,3.62 G
2019-06-13 02:09:33,17.0,3.61 G
2019-06-13 02:09:35,20.0,3.61 G
2019-06-13 02:09:37,16.0,3.61 G
2019-06-13 02:09:39,28.0,3.61 G
2019-06-13 02:09:41,33.0,3.61 G
2019-06-13 02:09:43,394.9,3.65 G
2019-06-13 02:09:45,764.4,3.65 G
2019-06-13 02:09:47,761.0,3.65 G
2019-06-13 02:09:49,38.0,3.63 G
2019-06-13 02:09:51,17.0,3.63 G
2019-06-13 02:09:53,14.0,3.63 G
2019-06-13 02:09:55,762.6,3.70 G
2019-06-13 02:09:57,763.3,3.70 G
2019-06-13 02:09:59,601.6,3.60 G
2019-06-13 02:10:01,39.0,3.60 G
2019-06-13 02:10:03,47.9,3.60 G
2019-06-13 02:10:05,50.9,3.60 G
2019-06-13 02:10:07,45.0,3.60 G
2019-06-13 02:10:09,43.0,3.60 G
2019-06-13 02:10:11,42.0,3.61 G
2019-06-13 02:10:13,46.9,3.61 G
2019-06-13 02:10:15,46.9,3.61 G
2019-06-13 02:10:17,67.9,3.64 G
2019-06-13 02:10:19,49.9,3.64 G
2019-06-13 02:10:21,50.9,3.64 G
2019-06-13 02:10:23,46.9,3.64 G
2019-06-13 02:10:25,82.0,3.66 G
2019-06-13 02:10:27,41.0,3.66 G
2019-06-13 02:10:29,44.9,3.66 G
2019-06-13 02:10:31,50.9,3.66 G
2019-06-13 02:10:33,88.9,3.68 G
2019-06-13 02:10:35,52.0,3.68 G
2019-06-13 02:10:37,44.9,3.68 G
2019-06-13 02:10:39,47.9,3.68 G
2019-06-13 02:10:41,76.9,3.68 G
2019-06-13 02:10:43,53.9,3.68 G
2019-06-13 02:10:45,51.9,3.68 G
2019-06-13 02:10:47,49.0,3.68 G
2019-06-13 02:10:49,52.9,3.68 G
2019-06-13 02:10:51,51.9,3.68 G
2019-06-13 02:10:53,44.0,3.68 G
2019-06-13 02:10:55,50.0,3.68 G
2019-06-13 02:10:57,33.0,3.68 G
2019-06-13 02:10:59,52.9,3.68 G
2019-06-13 02:11:01,52.9,3.68 G
2019-06-13 02:11:03,100.9,3.68 G
2019-06-13 02:11:05,52.9,3.68 G
2019-06-13 02:11:07,53.0,3.68 G
2019-06-13 02:11:09,52.9,3.68 G
2019-06-13 02:11:11,95.9,3.68 G
2019-06-13 02:11:13,52.0,3.68 G
2019-06-13 02:11:15,52.0,3.68 G
2019-06-13 02:11:17,54.0,3.68 G
2019-06-13 02:11:19,96.9,3.68 G
2019-06-13 02:11:21,47.0,3.68 G
2019-06-13 02:11:23,45.9,3.68 G
2019-06-13 02:11:25,48.9,3.68 G
2019-06-13 02:11:27,45.9,3.68 G
2019-06-13 02:11:29,47.0,3.68 G
2019-06-13 02:11:31,47.9,3.68 G
2019-06-13 02:11:33,92.9,3.68 G
2019-06-13 02:11:35,45.9,3.68 G
2019-06-13 02:11:37,48.9,3.68 G
2019-06-13 02:11:39,43.0,3.68 G
2019-06-13 02:11:41,47.0,3.68 G
2019-06-13 02:11:43,46.9,3.68 G
2019-06-13 02:11:45,49.0,3.68 G
2019-06-13 02:11:47,103.0,3.68 G
2019-06-13 02:11:49,46.9,3.68 G
2019-06-13 02:11:51,53.9,3.68 G
2019-06-13 02:11:53,52.9,3.68 G
2019-06-13 02:11:55,43.0,3.68 G
2019-06-13 02:11:57,45.0,3.68 G
2019-06-13 02:11:59,46.0,3.68 G
2019-06-13 02:12:01,41.0,3.68 G
2019-06-13 02:12:03,89.9,3.68 G
2019-06-13 02:12:05,55.9,3.68 G
2019-06-13 02:12:07,47.0,3.68 G
2019-06-13 02:12:09,42.0,3.68 G
2019-06-13 02:12:11,54.9,3.67 G
2019-06-13 02:12:13,45.9,3.67 G
2019-06-13 02:12:15,46.0,3.67 G
2019-06-13 02:12:17,90.9,3.66 G
2019-06-13 02:12:19,46.9,3.66 G
2019-06-13 02:12:21,46.9,3.66 G
2019-06-13 02:12:23,37.0,3.66 G
2019-06-13 02:12:25,47.0,3.66 G
2019-06-13 02:12:27,48.0,3.66 G
2019-06-13 02:12:29,51.9,3.66 G
2019-06-13 02:12:31,78.0,3.66 G
2019-06-13 02:12:33,52.9,3.66 G
2019-06-13 02:12:35,49.0,3.66 G
2019-06-13 02:12:37,44.0,3.66 G
2019-06-13 02:12:39,47.9,3.66 G
2019-06-13 02:12:41,46.9,3.66 G
2019-06-13 02:12:43,45.0,3.66 G
2019-06-13 02:12:45,66.9,3.66 G
2019-06-13 02:12:47,202.9,3.66 G
2019-06-13 02:12:49,748.5,3.66 G
2019-06-13 02:12:51,770.5,3.65 G
2019-06-13 02:12:53,767.6,3.62 G
2019-06-13 02:12:56,702.7,3.57 G
2019-06-13 02:12:58,306.9,3.55 G
2019-06-13 02:13:00,749.5,3.50 G
2019-06-13 02:13:02,761.5,3.46 G
2019-06-13 02:13:04,305.8,3.43 G
2019-06-13 02:13:06,19.0,3.43 G
2019-06-13 02:13:08,28.0,3.43 G
2019-06-13 02:13:10,52.9,3.53 G
2019-06-13 02:13:12,757.5,3.56 G
2019-06-13 02:13:14,762.6,3.53 G
2019-06-13 02:13:16,762.4,3.48 G
2019-06-13 02:13:18,755.4,3.46 G
2019-06-13 02:13:20,755.4,3.42 G
2019-06-13 02:13:22,499.6,3.35 G
2019-06-13 02:13:24,21.0,3.35 G
2019-06-13 02:13:26,107.9,3.40 G
2019-06-13 02:13:28,105.9,3.49 G
2019-06-13 02:13:30,103.9,3.55 G
2019-06-13 02:13:32,101.9,3.61 G
2019-06-13 02:13:34,102.9,3.67 G
2019-06-13 02:13:36,104.9,3.69 G
2019-06-13 02:13:38,605.6,3.70 G
2019-06-13 02:13:40,763.5,3.70 G
2019-06-13 02:13:42,762.6,3.68 G
2019-06-13 02:13:44,41.0,3.68 G
2019-06-13 02:13:46,754.4,3.68 G
2019-06-13 02:13:48,755.4,3.68 G
2019-06-13 02:13:50,456.5,3.67 G
2019-06-13 02:13:52,15.0,3.67 G
2019-06-13 02:13:54,102.9,3.68 G
2019-06-13 02:13:56,102.9,3.68 G
2019-06-13 02:13:58,103.9,3.69 G
2019-06-13 02:14:00,100.9,3.69 G
2019-06-13 02:14:02,102.9,3.70 G
2019-06-13 02:14:04,102.9,3.70 G
2019-06-13 02:14:06,751.7,3.71 G
2019-06-13 02:14:08,757.4,3.71 G
2019-06-13 02:14:10,763.4,3.70 G
2019-06-13 02:14:12,39.0,3.69 G
2019-06-13 02:14:14,47.9,3.69 G
2019-06-13 02:14:16,49.0,3.69 G
2019-06-13 02:14:18,50.9,3.69 G
2019-06-13 02:14:20,44.0,3.69 G
2019-06-13 02:14:22,49.9,3.69 G
2019-06-13 02:14:24,41.9,3.69 G
2019-06-13 02:14:26,69.9,3.69 G
2019-06-13 02:14:28,46.9,3.69 G
2019-06-13 02:14:30,46.9,3.69 G
2019-06-13 02:14:32,47.9,3.69 G
2019-06-13 02:14:34,72.0,3.69 G
2019-06-13 02:14:36,51.9,3.69 G
2019-06-13 02:14:38,51.0,3.69 G
2019-06-13 02:14:40,47.9,3.69 G
2019-06-13 02:14:42,66.9,3.69 G
2019-06-13 02:14:44,48.9,3.69 G
2019-06-13 02:14:46,41.0,3.69 G
2019-06-13 02:14:48,47.9,3.69 G
2019-06-13 02:14:50,50.9,3.69 G
2019-06-13 02:14:52,52.9,3.69 G
2019-06-13 02:14:54,48.0,3.69 G
2019-06-13 02:14:56,49.9,3.69 G
2019-06-13 02:14:58,48.9,3.69 G
2019-06-13 02:15:00,52.9,3.69 G
2019-06-13 02:15:02,44.0,3.69 G
2019-06-13 02:15:04,50.9,3.69 G
2019-06-13 02:15:06,52.9,3.69 G
2019-06-13 02:15:08,50.9,3.69 G
2019-06-13 02:15:10,46.0,3.69 G
2019-06-13 02:15:12,83.0,3.69 G
2019-06-13 02:15:14,43.0,3.69 G
2019-06-13 02:15:16,46.0,3.69 G
2019-06-13 02:15:18,43.0,3.69 G
2019-06-13 02:15:20,47.0,3.69 G
2019-06-13 02:15:22,47.0,3.69 G
2019-06-13 02:15:24,48.9,3.69 G
2019-06-13 02:15:26,80.9,3.69 G
2019-06-13 02:15:28,52.9,3.69 G
2019-06-13 02:15:30,47.0,3.69 G
2019-06-13 02:15:32,49.9,3.69 G
2019-06-13 02:15:34,43.0,3.69 G
2019-06-13 02:15:36,46.0,3.69 G
2019-06-13 02:15:38,41.0,3.69 G
2019-06-13 02:15:40,44.0,3.69 G
2019-06-13 02:15:42,48.9,3.69 G
2019-06-13 02:15:44,54.0,3.69 G
2019-06-13 02:15:46,52.9,3.69 G
2019-06-13 02:15:48,50.9,3.69 G
2019-06-13 02:15:50,50.9,3.69 G
2019-06-13 02:15:52,45.9,3.69 G
2019-06-13 02:15:54,44.0,3.69 G
2019-06-13 02:15:56,91.9,3.70 G
2019-06-13 02:15:58,50.0,3.70 G
2019-06-13 02:16:00,51.9,3.70 G
2019-06-13 02:16:02,49.9,3.70 G
2019-06-13 02:16:04,53.0,3.70 G
2019-06-13 02:16:06,54.9,3.70 G
2019-06-13 02:16:08,53.9,3.70 G
2019-06-13 02:16:10,82.9,3.70 G
2019-06-13 02:16:12,32.0,3.70 G
2019-06-13 02:16:14,40.0,3.70 G
2019-06-13 02:16:16,82.9,3.69 G
2019-06-13 02:16:18,44.9,3.69 G
2019-06-13 02:16:20,44.9,3.69 G
2019-06-13 02:16:22,85.9,3.69 G
2019-06-13 02:16:24,52.0,3.69 G
2019-06-13 02:16:26,46.0,3.69 G
2019-06-13 02:16:28,52.0,3.69 G
2019-06-13 02:16:30,46.9,3.67 G
2019-06-13 02:16:32,39.0,3.67 G
2019-06-13 02:16:34,41.0,3.67 G
2019-06-13 02:16:36,73.9,3.67 G
2019-06-13 02:16:39,44.9,3.67 G
2019-06-13 02:16:41,644.4,3.67 G
2019-06-13 02:16:43,763.5,3.67 G
2019-06-13 02:16:45,763.5,3.67 G
2019-06-13 02:16:47,764.4,3.62 G
2019-06-13 02:16:49,35.0,3.58 G
2019-06-13 02:16:51,419.6,3.56 G
2019-06-13 02:16:53,748.5,3.50 G
2019-06-13 02:16:55,753.5,3.46 G
2019-06-13 02:16:57,49.9,3.44 G
2019-06-13 02:16:59,15.0,3.44 G
2019-06-13 02:17:01,17.0,3.44 G
2019-06-13 02:17:03,426.6,3.43 G
2019-06-13 02:17:05,753.5,3.40 G
2019-06-13 02:17:07,755.5,3.38 G
2019-06-13 02:17:09,60.0,3.37 G
2019-06-13 02:17:11,763.4,3.37 G
2019-06-13 02:17:13,764.3,3.37 G
2019-06-13 02:17:15,699.5,3.37 G
2019-06-13 02:17:17,25.0,3.37 G
2019-06-13 02:17:19,36.0,3.40 G
2019-06-13 02:17:21,755.5,3.44 G
2019-06-13 02:17:23,756.5,3.44 G
2019-06-13 02:17:25,491.5,3.36 G
2019-06-13 02:17:27,703.9,3.39 G
2019-06-13 02:17:29,752.3,3.39 G
2019-06-13 02:17:31,751.5,3.38 G
2019-06-13 02:17:33,20.0,3.38 G
2019-06-13 02:17:35,22.0,3.38 G
2019-06-13 02:17:37,20.0,3.38 G
2019-06-13 02:17:39,10.0,3.38 G
2019-06-13 02:17:41,506.5,3.38 G
2019-06-13 02:17:43,754.4,3.36 G
2019-06-13 02:17:45,758.4,3.36 G
2019-06-13 02:17:47,31.0,3.36 G
2019-06-13 02:17:49,19.0,3.36 G
2019-06-13 02:17:51,13.0,3.36 G
2019-06-13 02:17:53,16.0,3.36 G
2019-06-13 02:17:55,17.0,3.36 G
2019-06-13 02:17:57,13.0,3.36 G
2019-06-13 02:17:59,30.0,3.36 G
2019-06-13 02:18:01,21.0,3.36 G
2019-06-13 02:18:03,18.0,3.36 G
2019-06-13 02:18:05,17.0,3.36 G
2019-06-13 02:18:07,17.0,3.36 G
2019-06-13 02:18:09,353.7,3.60 G
2019-06-13 02:18:11,763.5,3.60 G
2019-06-13 02:18:13,756.4,3.60 G
2019-06-13 02:18:15,756.5,3.60 G
2019-06-13 02:18:17,757.5,3.59 G
2019-06-13 02:18:19,761.5,3.59 G
