2019-06-13 01:18:38,241.9,182.65 M
2019-06-13 01:18:40,397.8,563.96 M
2019-06-13 01:18:42,70.9,750.87 M
2019-06-13 01:18:44,5.0,750.94 M
2019-06-13 01:18:46,7.0,750.94 M
2019-06-13 01:18:48,3.0,750.94 M
2019-06-13 01:18:50,4.0,750.94 M
2019-06-13 01:18:52,13.0,751.00 M
2019-06-13 01:18:54,5.0,755.38 M
2019-06-13 01:18:56,4.0,755.38 M
2019-06-13 01:18:58,3.0,755.38 M
2019-06-13 01:19:00,2.0,755.38 M
2019-06-13 01:19:02,3.0,755.38 M
2019-06-13 01:19:04,10.0,755.38 M
2019-06-13 01:19:06,3.0,755.38 M
2019-06-13 01:19:08,3.0,755.38 M
2019-06-13 01:19:10,3.0,755.50 M
2019-06-13 01:19:12,2.0,755.50 M
2019-06-13 01:19:14,2.0,755.50 M
2019-06-13 01:19:16,2.0,755.50 M
2019-06-13 01:19:18,4.0,755.50 M
2019-06-13 01:19:20,2.0,755.50 M
2019-06-13 01:19:22,2.0,755.50 M
2019-06-13 01:19:24,4.0,755.50 M
2019-06-13 01:19:26,3.0,755.52 M
2019-06-13 01:19:28,4.0,755.55 M
2019-06-13 01:19:30,3.0,755.55 M
2019-06-13 01:19:32,3.0,755.55 M
2019-06-13 01:19:34,2.0,755.55 M
2019-06-13 01:19:36,3.0,755.55 M
2019-06-13 01:19:38,2.0,755.55 M
2019-06-13 01:19:40,2.0,755.55 M
2019-06-13 01:19:42,2.0,755.55 M
2019-06-13 01:19:44,3.0,755.61 M
2019-06-13 01:19:46,190.8,818.34 M
2019-06-13 01:19:48,596.7,1.10 G
2019-06-13 01:19:50,751.4,1.10 G
2019-06-13 01:19:52,740.5,1.10 G
2019-06-13 01:19:54,546.6,1.03 G
2019-06-13 01:19:56,4.0,1.04 G
2019-06-13 01:19:58,2.0,1.04 G
2019-06-13 01:20:00,12.0,1.04 G
2019-06-13 01:20:02,760.5,1.02 G
2019-06-13 01:20:04,764.6,1011.85 M
2019-06-13 01:20:06,668.6,988.70 M
2019-06-13 01:20:08,3.0,988.70 M
2019-06-13 01:20:10,3.0,988.70 M
2019-06-13 01:20:12,3.0,988.70 M
2019-06-13 01:20:14,3.0,988.70 M
2019-06-13 01:20:16,2.0,988.70 M
2019-06-13 01:20:18,196.9,982.34 M
2019-06-13 01:20:20,190.9,1.00 G
2019-06-13 01:20:22,60.9,1.01 G
2019-06-13 01:20:24,74.9,1.03 G
2019-06-13 01:20:26,59.9,1.05 G
2019-06-13 01:20:28,58.9,1.07 G
2019-06-13 01:20:30,72.9,1.08 G
2019-06-13 01:20:32,68.9,1.10 G
2019-06-13 01:20:34,54.9,1.10 G
2019-06-13 01:20:36,57.0,1.10 G
2019-06-13 01:20:38,82.9,1.11 G
2019-06-13 01:20:40,48.0,1.11 G
2019-06-13 01:20:42,45.9,1.12 G
2019-06-13 01:20:44,43.0,1.12 G
2019-06-13 01:20:46,63.9,1.12 G
2019-06-13 01:20:48,57.0,1.12 G
2019-06-13 01:20:50,45.9,1.12 G
2019-06-13 01:20:52,35.0,1.13 G
2019-06-13 01:20:54,50.0,1.14 G
2019-06-13 01:20:56,60.9,1.14 G
2019-06-13 01:20:58,46.9,1.14 G
2019-06-13 01:21:00,40.0,1.14 G
2019-06-13 01:21:02,40.0,1.14 G
2019-06-13 01:21:04,41.0,1.14 G
2019-06-13 01:21:06,57.9,1.14 G
2019-06-13 01:21:08,50.9,1.14 G
2019-06-13 01:21:10,27.0,1.14 G
2019-06-13 01:21:12,57.9,1.14 G
2019-06-13 01:21:14,41.0,1.14 G
2019-06-13 01:21:16,195.8,1.14 G
2019-06-13 01:21:18,55.9,1.14 G
2019-06-13 01:21:20,54.9,1.14 G
2019-06-13 01:21:23,47.9,1.14 G
2019-06-13 01:21:25,25.0,1.14 G
2019-06-13 01:21:27,41.0,1.14 G
2019-06-13 01:21:29,47.9,1.14 G
2019-06-13 01:21:31,47.0,1.14 G
2019-06-13 01:21:33,35.0,1.14 G
2019-06-13 01:21:35,63.9,1.14 G
2019-06-13 01:21:37,40.0,1.14 G
2019-06-13 01:21:39,41.0,1.14 G
2019-06-13 01:21:41,38.0,1.14 G
2019-06-13 01:21:43,38.0,1.14 G
2019-06-13 01:21:45,48.9,1.14 G
2019-06-13 01:21:47,43.0,1.14 G
2019-06-13 01:21:49,44.9,1.14 G
2019-06-13 01:21:51,46.9,1.14 G
2019-06-13 01:21:53,46.9,1.14 G
2019-06-13 01:21:55,39.0,1.14 G
2019-06-13 01:21:57,41.0,1.14 G
2019-06-13 01:21:59,75.9,1.15 G
2019-06-13 01:22:01,42.0,1.15 G
2019-06-13 01:22:03,32.0,1.15 G
2019-06-13 01:22:05,47.9,1.15 G
2019-06-13 01:22:07,52.9,1.15 G
2019-06-13 01:22:09,36.0,1.15 G
2019-06-13 01:22:11,31.0,1.15 G
2019-06-13 01:22:13,33.0,1.15 G
2019-06-13 01:22:15,32.0,1.15 G
2019-06-13 01:22:17,42.0,1.15 G
2019-06-13 01:22:19,35.0,1.15 G
2019-06-13 01:22:21,36.0,1.15 G
2019-06-13 01:22:23,47.9,1.15 G
2019-06-13 01:22:25,42.0,1.15 G
2019-06-13 01:22:27,39.0,1.15 G
2019-06-13 01:22:29,48.9,1.15 G
2019-06-13 01:22:31,35.0,1.15 G
2019-06-13 01:22:33,37.0,1.15 G
2019-06-13 01:22:35,46.9,1.15 G
2019-06-13 01:22:37,41.0,1.15 G
2019-06-13 01:22:39,41.0,1.16 G
2019-06-13 01:22:41,42.0,1.16 G
2019-06-13 01:22:43,47.9,1.16 G
2019-06-13 01:22:45,43.0,1.16 G
2019-06-13 01:22:47,34.0,1.16 G
2019-06-13 01:22:49,49.0,1.16 G
2019-06-13 01:22:51,42.0,1.16 G
2019-06-13 01:22:53,38.0,1.16 G
2019-06-13 01:22:55,45.9,1.16 G
2019-06-13 01:22:57,40.0,1.16 G
2019-06-13 01:22:59,39.0,1.16 G
2019-06-13 01:23:01,46.0,1.17 G
2019-06-13 01:23:03,40.0,1.17 G
2019-06-13 01:23:05,40.0,1.17 G
2019-06-13 01:23:07,38.0,1.17 G
2019-06-13 01:23:09,46.9,1.17 G
2019-06-13 01:23:11,40.0,1.17 G
2019-06-13 01:23:13,41.0,1.17 G
2019-06-13 01:23:15,48.0,1.17 G
2019-06-13 01:23:17,39.0,1.17 G
2019-06-13 01:23:19,40.0,1.17 G
2019-06-13 01:23:21,45.9,1.17 G
2019-06-13 01:23:23,41.0,1.17 G
2019-06-13 01:23:25,40.0,1.18 G
2019-06-13 01:23:27,39.0,1.18 G
2019-06-13 01:23:29,48.9,1.18 G
2019-06-13 01:23:31,38.0,1.18 G
2019-06-13 01:23:33,39.0,1.18 G
2019-06-13 01:23:35,48.9,1.18 G
2019-06-13 01:23:37,39.0,1.18 G
2019-06-13 01:23:39,39.0,1.18 G
2019-06-13 01:23:41,45.9,1.19 G
2019-06-13 01:23:43,39.0,1.19 G
2019-06-13 01:23:45,320.7,1.19 G
2019-06-13 01:23:47,761.5,1.18 G
2019-06-13 01:23:49,766.5,1.18 G
2019-06-13 01:23:51,402.6,1.17 G
2019-06-13 01:23:53,4.0,1.17 G
2019-06-13 01:23:55,2.0,1.17 G
2019-06-13 01:23:57,2.0,1.17 G
2019-06-13 01:23:59,2.0,1.17 G
2019-06-13 01:24:01,2.0,1.17 G
2019-06-13 01:24:03,2.0,1.17 G
2019-06-13 01:24:05,3.0,1.17 G
2019-06-13 01:24:07,2.0,1.17 G
2019-06-13 01:24:09,3.0,1.17 G
2019-06-13 01:24:11,3.0,1.17 G
2019-06-13 01:24:13,3.0,1.17 G
2019-06-13 01:24:15,3.0,1.17 G
2019-06-13 01:24:17,2.0,1.17 G
2019-06-13 01:24:19,1.0,1.17 G
2019-06-13 01:24:21,1.0,1.17 G
2019-06-13 01:24:23,1.0,1.17 G
2019-06-13 01:24:25,1.0,1.17 G
2019-06-13 01:24:27,2.0,1.17 G
2019-06-13 01:24:29,2.0,1.17 G
2019-06-13 01:24:31,2.0,1.17 G
2019-06-13 01:24:33,3.0,1.17 G
2019-06-13 01:24:35,2.0,1.17 G
2019-06-13 01:24:37,1.0,1.17 G
2019-06-13 01:24:39,2.0,1.17 G
2019-06-13 01:24:41,2.0,1.17 G
2019-06-13 01:24:43,1.0,1.17 G
2019-06-13 01:24:45,3.0,1.17 G
2019-06-13 01:24:47,3.0,1.17 G
2019-06-13 01:24:49,2.0,1.17 G
2019-06-13 01:24:51,3.0,1.17 G
2019-06-13 01:24:53,1.0,1.17 G
2019-06-13 01:24:55,2.0,1.17 G
2019-06-13 01:24:57,2.0,1.17 G
2019-06-13 01:24:59,3.0,1.17 G
2019-06-13 01:25:01,3.0,1.17 G
2019-06-13 01:25:03,3.0,1.17 G
2019-06-13 01:25:05,1.0,1.17 G
2019-06-13 01:25:07,2.0,1.17 G
2019-06-13 01:25:09,2.0,1.17 G
2019-06-13 01:25:11,2.0,1.17 G
2019-06-13 01:25:13,3.0,1.17 G
2019-06-13 01:25:15,2.0,1.17 G
2019-06-13 01:25:18,3.0,1.17 G
2019-06-13 01:25:20,2.0,1.17 G
2019-06-13 01:25:22,2.0,1.17 G
2019-06-13 01:25:24,2.0,1.17 G
2019-06-13 01:25:26,3.0,1.17 G
2019-06-13 01:25:28,4.0,1.17 G
2019-06-13 01:25:30,3.0,1.17 G
2019-06-13 01:25:32,2.0,1.17 G
2019-06-13 01:25:34,2.0,1.17 G
2019-06-13 01:25:36,3.0,1.17 G
2019-06-13 01:25:38,3.0,1.17 G
2019-06-13 01:25:40,1.0,1.17 G
2019-06-13 01:25:42,2.0,1.17 G
2019-06-13 01:25:44,2.0,1.17 G
2019-06-13 01:25:46,1.0,1.17 G
2019-06-13 01:25:48,3.0,1.17 G
2019-06-13 01:25:50,2.0,1.17 G
2019-06-13 01:25:52,2.0,1.17 G
2019-06-13 01:25:54,2.0,1.17 G
2019-06-13 01:25:56,2.0,1.17 G
2019-06-13 01:25:58,3.0,1.17 G
2019-06-13 01:26:00,2.0,1.17 G
2019-06-13 01:26:02,2.0,1.17 G
2019-06-13 01:26:04,2.0,1.17 G
2019-06-13 01:26:06,2.0,1.17 G
2019-06-13 01:26:08,2.0,1.17 G
2019-06-13 01:26:10,3.0,1.17 G
2019-06-13 01:26:12,2.0,1.17 G
2019-06-13 01:26:14,2.0,1.17 G
2019-06-13 01:26:16,2.0,1.17 G
2019-06-13 01:26:18,3.0,1.17 G
2019-06-13 01:26:20,2.0,1.17 G
2019-06-13 01:26:22,2.0,1.17 G
2019-06-13 01:26:24,3.0,1.17 G
2019-06-13 01:26:26,2.0,1.17 G
2019-06-13 01:26:28,1.0,1.17 G
2019-06-13 01:26:30,2.0,1.17 G
2019-06-13 01:26:32,2.0,1.17 G
2019-06-13 01:26:34,1.0,1.17 G
2019-06-13 01:26:36,50.9,1.42 G
2019-06-13 01:26:38,264.9,1.61 G
2019-06-13 01:26:40,757.5,1.61 G
2019-06-13 01:26:42,763.5,1.61 G
2019-06-13 01:26:44,283.8,1.58 G
2019-06-13 01:26:46,3.0,1.58 G
2019-06-13 01:26:48,3.0,1.58 G
2019-06-13 01:26:50,3.0,1.58 G
2019-06-13 01:26:52,2.0,1.58 G
2019-06-13 01:26:54,2.0,1.58 G
2019-06-13 01:26:56,3.0,1.58 G
2019-06-13 01:26:58,3.0,1.58 G
2019-06-13 01:27:00,4.0,1.58 G
2019-06-13 01:27:02,3.0,1.58 G
2019-06-13 01:27:04,2.0,1.58 G
2019-06-13 01:27:06,2.0,1.58 G
2019-06-13 01:27:08,2.0,1.58 G
2019-06-13 01:27:10,3.0,1.58 G
2019-06-13 01:27:12,2.0,1.58 G
2019-06-13 01:27:14,2.0,1.58 G
2019-06-13 01:27:16,3.0,1.58 G
2019-06-13 01:27:18,3.0,1.58 G
2019-06-13 01:27:20,3.0,1.58 G
2019-06-13 01:27:22,2.0,1.58 G
2019-06-13 01:27:24,2.0,1.58 G
2019-06-13 01:27:26,2.0,1.58 G
2019-06-13 01:27:28,1.0,1.58 G
2019-06-13 01:27:30,2.0,1.58 G
2019-06-13 01:27:32,2.0,1.58 G
2019-06-13 01:27:34,1.0,1.58 G
2019-06-13 01:27:36,1.0,1.58 G
2019-06-13 01:27:38,2.0,1.58 G
2019-06-13 01:27:40,2.0,1.58 G
2019-06-13 01:27:42,2.0,1.58 G
2019-06-13 01:27:44,2.0,1.58 G
2019-06-13 01:27:46,2.0,1.58 G
2019-06-13 01:27:48,1.0,1.58 G
2019-06-13 01:27:50,2.0,1.58 G
2019-06-13 01:27:52,2.0,1.58 G
2019-06-13 01:27:54,2.0,1.58 G
2019-06-13 01:27:56,2.0,1.58 G
2019-06-13 01:27:58,2.0,1.58 G
2019-06-13 01:28:00,2.0,1.58 G
2019-06-13 01:28:02,2.0,1.58 G
2019-06-13 01:28:04,2.0,1.58 G
2019-06-13 01:28:06,1.0,1.58 G
2019-06-13 01:28:08,2.0,1.58 G
2019-06-13 01:28:10,2.0,1.58 G
2019-06-13 01:28:12,2.0,1.58 G
2019-06-13 01:28:14,2.0,1.58 G
2019-06-13 01:28:16,1.0,1.58 G
2019-06-13 01:28:18,2.0,1.58 G
2019-06-13 01:28:20,1.0,1.58 G
2019-06-13 01:28:22,2.0,1.58 G
2019-06-13 01:28:24,2.0,1.58 G
2019-06-13 01:28:26,2.0,1.58 G
2019-06-13 01:28:28,2.0,1.58 G
2019-06-13 01:28:30,1.0,1.58 G
2019-06-13 01:28:32,2.0,1.58 G
2019-06-13 01:28:34,2.0,1.58 G
2019-06-13 01:28:36,1.0,1.58 G
2019-06-13 01:28:38,1.0,1.58 G
2019-06-13 01:28:40,2.0,1.58 G
2019-06-13 01:28:42,2.0,1.58 G
2019-06-13 01:28:44,1.0,1.58 G
2019-06-13 01:28:46,2.0,1.58 G
2019-06-13 01:28:48,2.0,1.59 G
2019-06-13 01:28:50,2.0,1.59 G
2019-06-13 01:28:52,2.0,1.59 G
2019-06-13 01:28:54,2.0,1.59 G
2019-06-13 01:28:56,2.0,1.59 G
2019-06-13 01:28:58,1.0,1.59 G
2019-06-13 01:29:00,90.9,1.65 G
2019-06-13 01:29:02,118.9,1.74 G
2019-06-13 01:29:04,41.0,1.79 G
2019-06-13 01:29:06,40.0,1.84 G
2019-06-13 01:29:08,41.0,1.85 G
2019-06-13 01:29:10,48.9,1.88 G
2019-06-13 01:29:12,45.9,1.89 G
2019-06-13 01:29:15,45.0,1.89 G
2019-06-13 01:29:17,51.9,1.90 G
2019-06-13 01:29:19,65.9,1.91 G
2019-06-13 01:29:21,57.9,1.92 G
2019-06-13 01:29:23,80.0,1.92 G
2019-06-13 01:29:25,756.5,1.91 G
2019-06-13 01:29:27,760.2,1.89 G
2019-06-13 01:29:29,765.5,1.88 G
2019-06-13 01:29:31,761.5,1.86 G
2019-06-13 01:29:33,765.5,1.85 G
2019-06-13 01:29:35,19.0,1.35 G
2019-06-13 01:29:37,2.0,1.35 G
2019-06-13 01:29:39,2.0,1.35 G
2019-06-13 01:29:41,3.0,1.35 G
2019-06-13 01:29:43,3.0,1.35 G
2019-06-13 01:29:45,3.0,1.35 G
2019-06-13 01:29:47,3.0,1.35 G
2019-06-13 01:29:49,3.0,1.35 G
2019-06-13 01:29:51,2.0,1.35 G
2019-06-13 01:29:53,2.0,1.35 G
2019-06-13 01:29:55,2.0,1.35 G
2019-06-13 01:29:57,306.8,1.35 G
2019-06-13 01:29:59,760.6,1.34 G
2019-06-13 01:30:01,763.5,1.33 G
2019-06-13 01:30:03,42.0,1.33 G
2019-06-13 01:30:05,4.0,1.33 G
2019-06-13 01:30:07,3.0,1.33 G
2019-06-13 01:30:09,562.0,1.40 G
2019-06-13 01:30:11,762.5,1.40 G
2019-06-13 01:30:13,764.5,1.40 G
2019-06-13 01:30:15,2.0,1.40 G
2019-06-13 01:30:17,2.0,1.40 G
2019-06-13 01:30:19,2.0,1.40 G
2019-06-13 01:30:21,1.0,1.40 G
2019-06-13 01:30:23,3.0,1.40 G
2019-06-13 01:30:25,2.0,1.40 G
2019-06-13 01:30:27,3.0,1.40 G
2019-06-13 01:30:29,2.0,1.40 G
2019-06-13 01:30:31,2.0,1.40 G
2019-06-13 01:30:33,2.0,1.40 G
2019-06-13 01:30:35,3.0,1.40 G
2019-06-13 01:30:37,4.0,1.40 G
2019-06-13 01:30:39,2.0,1.40 G
2019-06-13 01:30:41,2.0,1.40 G
2019-06-13 01:30:43,3.0,1.40 G
2019-06-13 01:30:45,3.0,1.40 G
2019-06-13 01:30:47,2.0,1.40 G
2019-06-13 01:30:49,2.0,1.40 G
2019-06-13 01:30:51,2.0,1.40 G
2019-06-13 01:30:53,2.0,1.40 G
2019-06-13 01:30:55,3.0,1.40 G
2019-06-13 01:30:57,2.0,1.40 G
2019-06-13 01:30:59,3.0,1.40 G
2019-06-13 01:31:01,2.0,1.40 G
2019-06-13 01:31:03,2.0,1.40 G
2019-06-13 01:31:05,3.0,1.40 G
2019-06-13 01:31:07,3.0,1.40 G
2019-06-13 01:31:09,3.0,1.40 G
2019-06-13 01:31:11,2.0,1.40 G
2019-06-13 01:31:13,2.0,1.40 G
2019-06-13 01:31:15,3.0,1.40 G
2019-06-13 01:31:17,2.0,1.40 G
2019-06-13 01:31:19,2.0,1.40 G
2019-06-13 01:31:21,2.0,1.40 G
2019-06-13 01:31:23,2.0,1.40 G
2019-06-13 01:31:25,48.0,1.46 G
2019-06-13 01:31:27,108.9,1.66 G
2019-06-13 01:31:29,105.9,1.81 G
2019-06-13 01:31:31,757.5,1.84 G
2019-06-13 01:31:33,758.5,1.84 G
2019-06-13 01:31:35,454.5,1.79 G
2019-06-13 01:31:37,1.0,1.79 G
2019-06-13 01:31:39,3.0,1.79 G
2019-06-13 01:31:41,3.0,1.79 G
2019-06-13 01:31:43,2.0,1.79 G
2019-06-13 01:31:45,3.0,1.79 G
2019-06-13 01:31:47,2.0,1.79 G
2019-06-13 01:31:49,4.0,1.79 G
2019-06-13 01:31:51,3.0,1.79 G
2019-06-13 01:31:53,3.0,1.79 G
2019-06-13 01:31:55,3.0,1.79 G
2019-06-13 01:31:57,2.0,1.79 G
2019-06-13 01:31:59,3.0,1.79 G
2019-06-13 01:32:01,3.0,1.79 G
2019-06-13 01:32:03,2.0,1.79 G
2019-06-13 01:32:05,3.0,1.79 G
2019-06-13 01:32:07,2.0,1.79 G
2019-06-13 01:32:09,2.0,1.79 G
2019-06-13 01:32:11,2.0,1.79 G
2019-06-13 01:32:13,2.0,1.79 G
2019-06-13 01:32:15,3.0,1.79 G
2019-06-13 01:32:17,3.0,1.79 G
2019-06-13 01:32:19,1.0,1.79 G
2019-06-13 01:32:21,3.0,1.79 G
2019-06-13 01:32:23,3.0,1.79 G
2019-06-13 01:32:25,2.0,1.79 G
2019-06-13 01:32:27,1.0,1.79 G
2019-06-13 01:32:29,2.0,1.79 G
2019-06-13 01:32:31,2.0,1.79 G
2019-06-13 01:32:33,2.0,1.79 G
2019-06-13 01:32:35,2.0,1.79 G
2019-06-13 01:32:37,2.0,1.79 G
2019-06-13 01:32:39,2.0,1.79 G
2019-06-13 01:32:41,2.0,1.79 G
2019-06-13 01:32:43,2.0,1.79 G
2019-06-13 01:32:45,2.0,1.79 G
2019-06-13 01:32:47,1.0,1.79 G
2019-06-13 01:32:49,2.0,1.79 G
2019-06-13 01:32:51,1.0,1.79 G
2019-06-13 01:32:54,2.0,1.79 G
2019-06-13 01:32:56,38.0,1.83 G
2019-06-13 01:32:58,766.5,1.90 G
2019-06-13 01:33:00,765.5,1.90 G
2019-06-13 01:33:02,584.6,1.78 G
2019-06-13 01:33:04,365.9,1.78 G
2019-06-13 01:33:06,758.4,1.78 G
2019-06-13 01:33:08,755.3,1.78 G
2019-06-13 01:33:10,2.0,1.78 G
2019-06-13 01:33:12,2.0,1.78 G
2019-06-13 01:33:14,56.0,1.79 G
2019-06-13 01:33:16,36.0,1.79 G
2019-06-13 01:33:18,32.0,1.79 G
2019-06-13 01:33:20,39.0,1.79 G
2019-06-13 01:33:22,43.0,1.84 G
2019-06-13 01:33:24,43.0,1.84 G
2019-06-13 01:33:26,40.0,1.84 G
2019-06-13 01:33:28,62.9,1.89 G
2019-06-13 01:33:30,39.0,1.89 G
2019-06-13 01:33:32,40.0,1.89 G
2019-06-13 01:33:34,41.0,1.89 G
2019-06-13 01:33:36,41.0,1.93 G
2019-06-13 01:33:38,40.0,1.93 G
2019-06-13 01:33:40,40.0,1.93 G
2019-06-13 01:33:42,34.0,1.93 G
2019-06-13 01:33:44,33.0,1.98 G
2019-06-13 01:33:46,31.0,1.98 G
2019-06-13 01:33:48,34.0,1.98 G
2019-06-13 01:33:50,41.0,1.98 G
2019-06-13 01:33:52,49.9,1.98 G
2019-06-13 01:33:54,67.9,1.98 G
2019-06-13 01:33:56,39.0,1.98 G
2019-06-13 01:33:58,39.0,1.98 G
2019-06-13 01:34:00,40.0,2.00 G
2019-06-13 01:34:02,42.0,2.00 G
2019-06-13 01:34:04,42.0,2.00 G
2019-06-13 01:34:06,65.9,2.00 G
2019-06-13 01:34:08,34.0,2.00 G
2019-06-13 01:34:10,40.0,2.00 G
2019-06-13 01:34:12,40.0,2.00 G
2019-06-13 01:34:14,39.0,2.01 G
2019-06-13 01:34:16,40.0,2.01 G
2019-06-13 01:34:18,32.0,2.01 G
2019-06-13 01:34:20,767.6,2.04 G
2019-06-13 01:34:22,767.5,2.04 G
2019-06-13 01:34:24,765.5,2.02 G
2019-06-13 01:34:26,3.0,2.01 G
2019-06-13 01:34:28,3.0,2.01 G
2019-06-13 01:34:30,3.0,2.01 G
2019-06-13 01:34:32,3.0,2.01 G
2019-06-13 01:34:34,4.0,2.01 G
2019-06-13 01:34:36,191.9,2.00 G
2019-06-13 01:34:38,739.4,1.98 G
2019-06-13 01:34:40,763.2,1.96 G
2019-06-13 01:34:42,319.7,1.95 G
2019-06-13 01:34:44,23.0,1.95 G
2019-06-13 01:34:46,246.9,1.98 G
2019-06-13 01:34:48,760.2,1.98 G
2019-06-13 01:34:50,763.5,1.98 G
2019-06-13 01:34:52,242.8,1.97 G
2019-06-13 01:34:54,2.0,1.97 G
2019-06-13 01:34:56,3.0,1.97 G
2019-06-13 01:34:58,3.0,1.97 G
2019-06-13 01:35:00,3.0,1.97 G
2019-06-13 01:35:02,2.0,1.97 G
2019-06-13 01:35:04,3.0,1.97 G
2019-06-13 01:35:06,2.0,1.97 G
2019-06-13 01:35:08,1.0,1.97 G
2019-06-13 01:35:10,3.0,1.97 G
2019-06-13 01:35:12,2.0,1.97 G
2019-06-13 01:35:14,3.0,1.97 G
2019-06-13 01:35:16,4.0,1.97 G
2019-06-13 01:35:18,3.0,1.97 G
2019-06-13 01:35:20,2.0,1.97 G
2019-06-13 01:35:22,4.0,1.97 G
2019-06-13 01:35:24,2.0,1.97 G
2019-06-13 01:35:26,4.0,1.97 G
2019-06-13 01:35:28,3.0,1.97 G
2019-06-13 01:35:30,2.0,1.97 G
2019-06-13 01:35:32,4.0,1.97 G
2019-06-13 01:35:34,3.0,1.97 G
2019-06-13 01:35:36,3.0,1.97 G
2019-06-13 01:35:38,3.0,1.97 G
2019-06-13 01:35:40,2.0,1.97 G
2019-06-13 01:35:42,2.0,1.97 G
2019-06-13 01:35:44,2.0,1.97 G
2019-06-13 01:35:46,2.0,1.97 G
2019-06-13 01:35:48,3.0,1.97 G
2019-06-13 01:35:50,4.0,1.97 G
2019-06-13 01:35:52,2.0,1.97 G
2019-06-13 01:35:54,1.0,1.97 G
2019-06-13 01:35:56,3.0,1.97 G
2019-06-13 01:35:58,3.0,1.97 G
2019-06-13 01:36:00,726.8,2.05 G
2019-06-13 01:36:02,756.4,2.04 G
2019-06-13 01:36:04,765.5,2.01 G
2019-06-13 01:36:06,4.0,1.97 G
2019-06-13 01:36:08,3.0,1.97 G
2019-06-13 01:36:10,2.0,1.97 G
2019-06-13 01:36:12,34.0,1.97 G
2019-06-13 01:36:14,36.0,1.97 G
2019-06-13 01:36:16,50.9,1.97 G
2019-06-13 01:36:18,36.0,1.97 G
2019-06-13 01:36:20,34.0,1.97 G
2019-06-13 01:36:22,34.0,1.99 G
2019-06-13 01:36:24,34.0,1.99 G
2019-06-13 01:36:26,41.0,1.99 G
2019-06-13 01:36:29,36.0,2.01 G
2019-06-13 01:36:31,37.0,2.01 G
2019-06-13 01:36:33,48.0,2.05 G
2019-06-13 01:36:35,31.0,2.05 G
2019-06-13 01:36:37,35.0,2.05 G
2019-06-13 01:36:39,36.0,2.05 G
2019-06-13 01:36:41,37.0,2.05 G
2019-06-13 01:36:43,50.9,2.06 G
2019-06-13 01:36:45,40.0,2.06 G
2019-06-13 01:36:47,37.0,2.06 G
2019-06-13 01:36:49,38.0,2.06 G
2019-06-13 01:36:51,36.0,2.06 G
2019-06-13 01:36:53,49.9,2.07 G
2019-06-13 01:36:55,35.0,2.07 G
2019-06-13 01:36:57,35.0,2.07 G
2019-06-13 01:36:59,37.0,2.07 G
2019-06-13 01:37:01,37.0,2.07 G
2019-06-13 01:37:03,49.0,2.08 G
2019-06-13 01:37:05,38.0,2.08 G
2019-06-13 01:37:07,36.0,2.08 G
2019-06-13 01:37:09,37.0,2.08 G
2019-06-13 01:37:11,36.0,2.08 G
2019-06-13 01:37:13,35.0,2.09 G
2019-06-13 01:37:15,33.0,2.09 G
2019-06-13 01:37:17,36.0,2.09 G
2019-06-13 01:37:19,37.0,2.09 G
2019-06-13 01:37:21,35.0,2.09 G
2019-06-13 01:37:23,51.9,2.09 G
2019-06-13 01:37:25,35.0,2.09 G
2019-06-13 01:37:27,36.0,2.09 G
2019-06-13 01:37:29,37.0,2.09 G
2019-06-13 01:37:31,36.0,2.09 G
2019-06-13 01:37:33,51.9,2.09 G
2019-06-13 01:37:35,42.0,2.09 G
2019-06-13 01:37:37,40.0,2.09 G
2019-06-13 01:37:39,37.0,2.09 G
2019-06-13 01:37:41,36.0,2.09 G
2019-06-13 01:37:43,47.9,2.09 G
2019-06-13 01:37:45,36.0,2.09 G
2019-06-13 01:37:47,39.0,2.09 G
2019-06-13 01:37:49,36.0,2.09 G
2019-06-13 01:37:51,37.0,2.09 G
2019-06-13 01:37:53,50.9,2.09 G
2019-06-13 01:37:55,32.0,2.09 G
2019-06-13 01:37:57,37.0,2.09 G
2019-06-13 01:37:59,36.0,2.09 G
2019-06-13 01:38:01,35.0,2.09 G
2019-06-13 01:38:03,46.9,2.09 G
2019-06-13 01:38:05,36.0,2.09 G
2019-06-13 01:38:07,38.0,2.09 G
2019-06-13 01:38:09,37.0,2.09 G
2019-06-13 01:38:11,37.0,2.09 G
2019-06-13 01:38:13,49.0,2.09 G
2019-06-13 01:38:15,37.0,2.09 G
2019-06-13 01:38:17,37.0,2.09 G
2019-06-13 01:38:19,41.0,2.09 G
2019-06-13 01:38:21,38.0,2.09 G
2019-06-13 01:38:23,34.0,2.09 G
2019-06-13 01:38:25,35.0,2.09 G
2019-06-13 01:38:27,34.0,2.09 G
2019-06-13 01:38:29,46.9,2.09 G
2019-06-13 01:38:31,34.0,2.09 G
2019-06-13 01:38:33,35.0,2.09 G
2019-06-13 01:38:35,46.0,2.09 G
2019-06-13 01:38:37,37.0,2.09 G
2019-06-13 01:38:39,37.0,2.09 G
2019-06-13 01:38:41,40.0,2.09 G
2019-06-13 01:38:43,38.0,2.09 G
2019-06-13 01:38:45,48.9,2.09 G
2019-06-13 01:38:47,41.0,2.09 G
2019-06-13 01:38:49,42.9,2.09 G
2019-06-13 01:38:51,36.0,2.09 G
2019-06-13 01:38:53,36.0,2.09 G
2019-06-13 01:38:55,47.0,2.09 G
2019-06-13 01:38:57,35.0,2.10 G
2019-06-13 01:38:59,37.0,2.10 G
2019-06-13 01:39:01,36.0,2.10 G
2019-06-13 01:39:03,37.0,2.10 G
2019-06-13 01:39:05,36.0,2.10 G
2019-06-13 01:39:07,37.0,2.10 G
2019-06-13 01:39:09,35.0,2.10 G
2019-06-13 01:39:11,45.9,2.10 G
2019-06-13 01:39:13,34.0,2.10 G
2019-06-13 01:39:15,37.0,2.10 G
2019-06-13 01:39:17,50.0,2.10 G
2019-06-13 01:39:19,39.0,2.10 G
2019-06-13 01:39:21,38.0,2.10 G
2019-06-13 01:39:23,35.0,2.10 G
2019-06-13 01:39:25,36.0,2.10 G
2019-06-13 01:39:27,47.9,2.11 G
2019-06-13 01:39:29,36.0,2.11 G
2019-06-13 01:39:31,36.0,2.11 G
2019-06-13 01:39:33,36.0,2.11 G
2019-06-13 01:39:35,35.0,2.11 G
2019-06-13 01:39:37,36.0,2.11 G
2019-06-13 01:39:39,37.0,2.11 G
2019-06-13 01:39:41,42.9,2.11 G
2019-06-13 01:39:43,42.9,2.11 G
2019-06-13 01:39:45,36.0,2.11 G
2019-06-13 01:39:47,36.0,2.11 G
2019-06-13 01:39:49,35.0,2.11 G
2019-06-13 01:39:51,36.0,2.11 G
2019-06-13 01:39:53,46.9,2.11 G
2019-06-13 01:39:55,35.0,2.11 G
2019-06-13 01:39:57,35.0,2.11 G
2019-06-13 01:39:59,46.0,2.12 G
2019-06-13 01:40:01,35.0,2.12 G
2019-06-13 01:40:03,36.0,2.12 G
2019-06-13 01:40:05,35.0,2.12 G
2019-06-13 01:40:07,36.0,2.12 G
2019-06-13 01:40:09,47.9,2.12 G
2019-06-13 01:40:11,39.0,2.12 G
2019-06-13 01:40:13,40.0,2.12 G
2019-06-13 01:40:15,56.9,2.12 G
2019-06-13 01:40:17,39.0,2.12 G
2019-06-13 01:40:19,39.0,2.12 G
2019-06-13 01:40:21,37.0,2.13 G
2019-06-13 01:40:23,37.0,2.13 G
2019-06-13 01:40:25,49.9,2.13 G
2019-06-13 01:40:28,36.0,2.13 G
2019-06-13 01:40:30,33.0,2.13 G
2019-06-13 01:40:32,46.0,2.13 G
2019-06-13 01:40:34,34.0,2.13 G
2019-06-13 01:40:36,36.0,2.13 G
2019-06-13 01:40:38,36.0,2.13 G
2019-06-13 01:40:40,35.0,2.13 G
2019-06-13 01:40:42,36.0,2.13 G
2019-06-13 01:40:44,39.0,2.14 G
2019-06-13 01:40:46,39.0,2.14 G
2019-06-13 01:40:48,47.9,2.14 G
2019-06-13 01:40:50,35.0,2.14 G
2019-06-13 01:40:52,36.0,2.14 G
2019-06-13 01:40:54,48.0,2.14 G
2019-06-13 01:40:56,38.0,2.14 G
2019-06-13 01:40:58,39.0,2.14 G
2019-06-13 01:41:00,35.0,2.14 G
2019-06-13 01:41:02,39.0,2.14 G
2019-06-13 01:41:04,47.9,2.15 G
2019-06-13 01:41:06,403.7,2.15 G
2019-06-13 01:41:08,764.9,2.15 G
2019-06-13 01:41:10,762.5,2.15 G
2019-06-13 01:41:12,7.0,2.14 G
2019-06-13 01:41:14,624.8,2.14 G
2019-06-13 01:41:16,766.3,2.13 G
2019-06-13 01:41:18,765.6,2.12 G
2019-06-13 01:41:20,3.0,2.11 G
2019-06-13 01:41:22,4.0,2.11 G
2019-06-13 01:41:24,3.0,2.11 G
2019-06-13 01:41:26,3.0,2.11 G
2019-06-13 01:41:28,2.0,2.11 G
2019-06-13 01:41:30,3.0,2.11 G
2019-06-13 01:41:32,3.0,2.11 G
2019-06-13 01:41:34,4.0,2.11 G
2019-06-13 01:41:36,2.0,2.11 G
2019-06-13 01:41:38,2.0,2.11 G
2019-06-13 01:41:40,2.0,2.11 G
2019-06-13 01:41:42,3.0,2.11 G
2019-06-13 01:41:44,2.0,2.11 G
2019-06-13 01:41:46,3.0,2.11 G
2019-06-13 01:41:48,3.0,2.11 G
2019-06-13 01:41:50,2.0,2.11 G
2019-06-13 01:41:52,3.0,2.11 G
2019-06-13 01:41:54,3.0,2.11 G
2019-06-13 01:41:56,3.0,2.11 G
2019-06-13 01:41:58,3.0,2.11 G
2019-06-13 01:42:00,3.0,2.11 G
2019-06-13 01:42:02,2.0,2.11 G
2019-06-13 01:42:04,1.0,2.11 G
2019-06-13 01:42:06,2.0,2.11 G
2019-06-13 01:42:08,2.0,2.11 G
2019-06-13 01:42:10,2.0,2.11 G
2019-06-13 01:42:12,3.0,2.11 G
2019-06-13 01:42:14,2.0,2.11 G
2019-06-13 01:42:16,3.0,2.11 G
2019-06-13 01:42:18,3.0,2.11 G
2019-06-13 01:42:20,2.0,2.11 G
2019-06-13 01:42:22,3.0,2.11 G
2019-06-13 01:42:24,3.0,2.11 G
2019-06-13 01:42:26,1.0,2.11 G
2019-06-13 01:42:28,747.6,2.13 G
2019-06-13 01:42:30,756.2,2.11 G
2019-06-13 01:42:32,763.6,2.11 G
2019-06-13 01:42:34,2.0,2.10 G
2019-06-13 01:42:36,3.0,2.10 G
2019-06-13 01:42:38,4.0,2.10 G
2019-06-13 01:42:40,3.0,2.10 G
2019-06-13 01:42:42,3.0,2.10 G
2019-06-13 01:42:44,2.0,2.10 G
2019-06-13 01:42:46,3.0,2.10 G
2019-06-13 01:42:48,3.0,2.10 G
2019-06-13 01:42:50,3.0,2.10 G
2019-06-13 01:42:52,3.0,2.10 G
2019-06-13 01:42:54,3.0,2.10 G
2019-06-13 01:42:56,2.0,2.10 G
2019-06-13 01:42:58,2.0,2.10 G
2019-06-13 01:43:00,1.0,2.10 G
2019-06-13 01:43:02,337.0,2.14 G
2019-06-13 01:43:04,762.8,2.13 G
2019-06-13 01:43:06,765.5,2.13 G
2019-06-13 01:43:08,14.0,2.09 G
2019-06-13 01:43:10,3.0,2.09 G
2019-06-13 01:43:12,9.0,2.09 G
2019-06-13 01:43:14,36.0,2.09 G
2019-06-13 01:43:16,35.0,2.09 G
2019-06-13 01:43:18,37.0,2.09 G
2019-06-13 01:43:20,37.0,2.09 G
2019-06-13 01:43:22,36.0,2.09 G
2019-06-13 01:43:24,36.0,2.09 G
2019-06-13 01:43:26,35.0,2.10 G
2019-06-13 01:43:28,39.0,2.10 G
2019-06-13 01:43:30,60.0,2.12 G
2019-06-13 01:43:32,36.0,2.12 G
2019-06-13 01:43:34,36.0,2.12 G
2019-06-13 01:43:36,38.0,2.12 G
2019-06-13 01:43:38,39.0,2.12 G
2019-06-13 01:43:40,59.9,2.14 G
2019-06-13 01:43:42,36.0,2.14 G
2019-06-13 01:43:44,38.0,2.14 G
2019-06-13 01:43:46,37.0,2.14 G
2019-06-13 01:43:48,37.0,2.14 G
2019-06-13 01:43:50,38.0,2.19 G
2019-06-13 01:43:52,39.0,2.19 G
2019-06-13 01:43:54,57.0,2.19 G
2019-06-13 01:43:56,64.9,2.19 G
2019-06-13 01:43:58,71.9,2.19 G
2019-06-13 01:44:00,75.9,2.19 G
2019-06-13 01:44:02,37.0,2.20 G
2019-06-13 01:44:04,37.0,2.20 G
2019-06-13 01:44:06,36.0,2.20 G
2019-06-13 01:44:08,36.0,2.20 G
2019-06-13 01:44:10,37.0,2.20 G
2019-06-13 01:44:12,36.0,2.22 G
2019-06-13 01:44:14,35.0,2.22 G
2019-06-13 01:44:16,37.0,2.22 G
2019-06-13 01:44:19,36.0,2.22 G
2019-06-13 01:44:21,59.9,2.22 G
2019-06-13 01:44:23,35.0,2.22 G
2019-06-13 01:44:25,37.0,2.22 G
2019-06-13 01:44:27,36.0,2.22 G
2019-06-13 01:44:29,36.0,2.22 G
2019-06-13 01:44:31,34.0,2.23 G
2019-06-13 01:44:33,36.0,2.23 G
2019-06-13 01:44:35,36.0,2.23 G
2019-06-13 01:44:37,34.0,2.23 G
2019-06-13 01:44:39,34.0,2.23 G
2019-06-13 01:44:41,36.0,2.23 G
2019-06-13 01:44:43,35.0,2.23 G
2019-06-13 01:44:45,36.0,2.23 G
2019-06-13 01:44:47,37.0,2.23 G
2019-06-13 01:44:49,68.9,2.24 G
2019-06-13 01:44:51,40.0,2.24 G
2019-06-13 01:44:53,36.0,2.24 G
2019-06-13 01:44:55,35.0,2.24 G
2019-06-13 01:44:57,35.0,2.24 G
2019-06-13 01:44:59,59.9,2.24 G
2019-06-13 01:45:01,38.0,2.24 G
2019-06-13 01:45:03,35.0,2.24 G
2019-06-13 01:45:05,34.0,2.24 G
2019-06-13 01:45:07,35.0,2.24 G
2019-06-13 01:45:09,36.0,2.25 G
2019-06-13 01:45:11,36.0,2.25 G
2019-06-13 01:45:13,40.0,2.25 G
2019-06-13 01:45:15,36.0,2.25 G
2019-06-13 01:45:17,36.0,2.25 G
2019-06-13 01:45:19,37.0,2.25 G
2019-06-13 01:45:21,35.0,2.25 G
2019-06-13 01:45:23,40.0,2.25 G
2019-06-13 01:45:25,40.0,2.25 G
2019-06-13 01:45:27,61.0,2.25 G
2019-06-13 01:45:29,36.0,2.25 G
2019-06-13 01:45:31,36.0,2.25 G
2019-06-13 01:45:33,36.0,2.25 G
2019-06-13 01:45:35,36.0,2.25 G
2019-06-13 01:45:37,36.0,2.25 G
2019-06-13 01:45:39,36.0,2.25 G
2019-06-13 01:45:41,34.0,2.25 G
2019-06-13 01:45:43,35.0,2.25 G
2019-06-13 01:45:45,36.0,2.25 G
2019-06-13 01:45:47,34.0,2.25 G
2019-06-13 01:45:49,35.0,2.25 G
2019-06-13 01:45:51,35.0,2.25 G
2019-06-13 01:45:53,35.0,2.25 G
2019-06-13 01:45:55,58.0,2.25 G
2019-06-13 01:45:57,37.0,2.25 G
2019-06-13 01:45:59,39.0,2.25 G
2019-06-13 01:46:01,39.0,2.25 G
2019-06-13 01:46:03,37.0,2.25 G
2019-06-13 01:46:05,56.9,2.25 G
2019-06-13 01:46:07,35.0,2.25 G
2019-06-13 01:46:09,33.0,2.25 G
2019-06-13 01:46:11,36.0,2.25 G
2019-06-13 01:46:13,36.0,2.25 G
2019-06-13 01:46:15,63.9,2.25 G
2019-06-13 01:46:17,35.0,2.25 G
2019-06-13 01:46:19,36.0,2.25 G
2019-06-13 01:46:21,36.0,2.25 G
2019-06-13 01:46:23,36.0,2.25 G
2019-06-13 01:46:25,34.0,2.25 G
2019-06-13 01:46:27,37.0,2.25 G
2019-06-13 01:46:29,36.0,2.25 G
2019-06-13 01:46:31,35.0,2.25 G
2019-06-13 01:46:33,36.0,2.25 G
2019-06-13 01:46:35,35.0,2.25 G
2019-06-13 01:46:37,41.0,2.25 G
2019-06-13 01:46:39,35.0,2.25 G
2019-06-13 01:46:41,35.0,2.25 G
2019-06-13 01:46:43,37.0,2.25 G
2019-06-13 01:46:45,35.0,2.25 G
2019-06-13 01:46:47,37.0,2.25 G
2019-06-13 01:46:49,36.0,2.25 G
2019-06-13 01:46:51,38.0,2.25 G
2019-06-13 01:46:53,56.9,2.25 G
2019-06-13 01:46:55,33.0,2.25 G
2019-06-13 01:46:57,37.0,2.25 G
2019-06-13 01:46:59,39.0,2.25 G
2019-06-13 01:47:01,746.5,2.27 G
2019-06-13 01:47:03,765.5,2.27 G
2019-06-13 01:47:05,764.3,2.26 G
2019-06-13 01:47:07,170.9,2.25 G
2019-06-13 01:47:09,2.0,2.25 G
2019-06-13 01:47:11,1.0,2.25 G
2019-06-13 01:47:13,1.0,2.25 G
2019-06-13 01:47:15,1.0,2.25 G
2019-06-13 01:47:17,1.0,2.25 G
2019-06-13 01:47:19,2.0,2.25 G
2019-06-13 01:47:21,2.0,2.25 G
2019-06-13 01:47:23,2.0,2.25 G
2019-06-13 01:47:25,2.0,2.25 G
2019-06-13 01:47:27,3.0,2.26 G
2019-06-13 01:47:29,2.0,2.26 G
2019-06-13 01:47:31,3.0,2.26 G
2019-06-13 01:47:33,3.0,2.26 G
2019-06-13 01:47:35,2.0,2.26 G
2019-06-13 01:47:37,1.0,2.26 G
2019-06-13 01:47:39,2.0,2.26 G
2019-06-13 01:47:41,3.0,2.26 G
2019-06-13 01:47:43,3.0,2.26 G
2019-06-13 01:47:45,2.0,2.26 G
2019-06-13 01:47:47,2.0,2.26 G
2019-06-13 01:47:49,3.0,2.26 G
2019-06-13 01:47:51,3.0,2.26 G
2019-06-13 01:47:53,3.0,2.26 G
2019-06-13 01:47:55,3.0,2.26 G
2019-06-13 01:47:57,2.0,2.26 G
2019-06-13 01:47:59,2.0,2.26 G
2019-06-13 01:48:01,3.0,2.26 G
2019-06-13 01:48:04,2.0,2.26 G
2019-06-13 01:48:06,3.0,2.26 G
2019-06-13 01:48:08,2.0,2.26 G
2019-06-13 01:48:10,2.0,2.26 G
2019-06-13 01:48:12,2.0,2.26 G
2019-06-13 01:48:14,2.0,2.26 G
2019-06-13 01:48:16,2.0,2.26 G
2019-06-13 01:48:18,3.0,2.26 G
2019-06-13 01:48:20,1.0,2.26 G
2019-06-13 01:48:22,2.0,2.26 G
2019-06-13 01:48:24,1.0,2.26 G
2019-06-13 01:48:26,2.0,2.26 G
2019-06-13 01:48:28,2.0,2.26 G
2019-06-13 01:48:30,2.0,2.26 G
2019-06-13 01:48:32,1.0,2.26 G
2019-06-13 01:48:34,2.0,2.26 G
2019-06-13 01:48:36,2.0,2.26 G
2019-06-13 01:48:38,2.0,2.26 G
2019-06-13 01:48:40,2.0,2.26 G
2019-06-13 01:48:42,1.0,2.26 G
2019-06-13 01:48:44,2.0,2.26 G
2019-06-13 01:48:46,2.0,2.26 G
2019-06-13 01:48:48,2.0,2.26 G
2019-06-13 01:48:50,2.0,2.26 G
2019-06-13 01:48:52,2.0,2.26 G
2019-06-13 01:48:54,75.0,2.34 G
2019-06-13 01:48:56,762.5,2.31 G
2019-06-13 01:48:58,765.5,2.29 G
2019-06-13 01:49:00,758.2,2.26 G
2019-06-13 01:49:02,764.2,2.23 G
2019-06-13 01:49:04,760.5,2.22 G
2019-06-13 01:49:06,74.9,2.13 G
2019-06-13 01:49:08,3.0,2.13 G
2019-06-13 01:49:10,483.9,2.13 G
2019-06-13 01:49:12,765.6,2.12 G
2019-06-13 01:49:14,758.3,2.12 G
2019-06-13 01:49:16,223.8,2.11 G
2019-06-13 01:49:18,2.0,2.11 G
2019-06-13 01:49:20,2.0,2.11 G
2019-06-13 01:49:22,1.0,2.11 G
2019-06-13 01:49:24,2.0,2.11 G
2019-06-13 01:49:26,3.0,2.11 G
2019-06-13 01:49:28,2.0,2.11 G
2019-06-13 01:49:30,2.0,2.11 G
2019-06-13 01:49:32,2.0,2.11 G
2019-06-13 01:49:34,3.0,2.11 G
2019-06-13 01:49:36,3.0,2.11 G
2019-06-13 01:49:38,2.0,2.11 G
2019-06-13 01:49:40,1.0,2.11 G
2019-06-13 01:49:42,2.0,2.11 G
2019-06-13 01:49:44,3.0,2.11 G
2019-06-13 01:49:46,3.0,2.11 G
2019-06-13 01:49:48,3.0,2.11 G
2019-06-13 01:49:50,3.0,2.11 G
2019-06-13 01:49:52,3.0,2.11 G
2019-06-13 01:49:54,278.8,2.11 G
2019-06-13 01:49:56,763.3,2.11 G
2019-06-13 01:49:58,766.6,2.11 G
2019-06-13 01:50:00,14.0,2.11 G
2019-06-13 01:50:02,2.0,2.11 G
2019-06-13 01:50:04,3.0,2.11 G
2019-06-13 01:50:06,2.0,2.11 G
2019-06-13 01:50:08,1.0,2.11 G
2019-06-13 01:50:10,2.0,2.11 G
2019-06-13 01:50:12,2.0,2.11 G
2019-06-13 01:50:14,3.0,2.11 G
2019-06-13 01:50:16,2.0,2.11 G
2019-06-13 01:50:18,3.0,2.11 G
2019-06-13 01:50:20,3.0,2.11 G
2019-06-13 01:50:22,2.0,2.11 G
2019-06-13 01:50:24,2.0,2.11 G
2019-06-13 01:50:26,3.0,2.11 G
2019-06-13 01:50:28,2.0,2.11 G
2019-06-13 01:50:30,3.0,2.11 G
2019-06-13 01:50:32,3.0,2.11 G
2019-06-13 01:50:34,2.0,2.11 G
2019-06-13 01:50:36,3.0,2.11 G
2019-06-13 01:50:38,3.0,2.11 G
2019-06-13 01:50:40,2.0,2.11 G
2019-06-13 01:50:42,3.0,2.11 G
2019-06-13 01:50:44,2.0,2.11 G
2019-06-13 01:50:46,1.0,2.11 G
2019-06-13 01:50:48,3.0,2.11 G
2019-06-13 01:50:50,3.0,2.11 G
2019-06-13 01:50:52,3.0,2.11 G
2019-06-13 01:50:54,3.0,2.11 G
2019-06-13 01:50:56,2.0,2.11 G
2019-06-13 01:50:58,1.0,2.11 G
2019-06-13 01:51:00,1.0,2.11 G
2019-06-13 01:51:02,2.0,2.11 G
2019-06-13 01:51:04,1.0,2.11 G
2019-06-13 01:51:06,2.0,2.11 G
2019-06-13 01:51:08,758.5,2.18 G
2019-06-13 01:51:10,756.5,2.17 G
2019-06-13 01:51:12,454.6,2.11 G
2019-06-13 01:51:14,3.0,2.11 G
2019-06-13 01:51:16,3.0,2.11 G
2019-06-13 01:51:18,3.0,2.11 G
2019-06-13 01:51:20,39.0,2.11 G
2019-06-13 01:51:22,39.0,2.11 G
2019-06-13 01:51:24,37.0,2.11 G
2019-06-13 01:51:26,39.0,2.11 G
2019-06-13 01:51:28,40.0,2.11 G
2019-06-13 01:51:30,39.0,2.11 G
2019-06-13 01:51:32,35.0,2.11 G
2019-06-13 01:51:34,39.0,2.11 G
2019-06-13 01:51:36,39.0,2.11 G
2019-06-13 01:51:38,35.0,2.15 G
2019-06-13 01:51:40,36.0,2.15 G
2019-06-13 01:51:42,35.0,2.15 G
2019-06-13 01:51:45,35.0,2.16 G
2019-06-13 01:51:47,37.0,2.16 G
2019-06-13 01:51:49,36.0,2.16 G
2019-06-13 01:51:51,36.0,2.20 G
2019-06-13 01:51:53,38.0,2.20 G
2019-06-13 01:51:55,36.0,2.20 G
2019-06-13 01:51:57,39.0,2.20 G
2019-06-13 01:51:59,34.0,2.20 G
2019-06-13 01:52:01,35.0,2.20 G
2019-06-13 01:52:03,64.0,2.23 G
2019-06-13 01:52:05,37.0,2.23 G
2019-06-13 01:52:07,37.0,2.23 G
2019-06-13 01:52:09,64.9,2.23 G
2019-06-13 01:52:11,34.0,2.23 G
2019-06-13 01:52:13,38.0,2.23 G
2019-06-13 01:52:15,61.9,2.25 G
2019-06-13 01:52:17,35.0,2.25 G
2019-06-13 01:52:19,36.0,2.25 G
2019-06-13 01:52:21,38.0,2.25 G
2019-06-13 01:52:23,38.0,2.25 G
2019-06-13 01:52:25,36.0,2.25 G
2019-06-13 01:52:27,37.0,2.25 G
2019-06-13 01:52:29,36.0,2.26 G
2019-06-13 01:52:31,36.0,2.26 G
2019-06-13 01:52:33,36.0,2.26 G
2019-06-13 01:52:35,37.0,2.26 G
2019-06-13 01:52:37,36.0,2.26 G
2019-06-13 01:52:39,38.0,2.26 G
2019-06-13 01:52:41,36.0,2.27 G
2019-06-13 01:52:43,39.0,2.27 G
2019-06-13 01:52:45,37.0,2.27 G
2019-06-13 01:52:47,32.0,2.27 G
2019-06-13 01:52:49,36.0,2.27 G
2019-06-13 01:52:51,35.0,2.27 G
2019-06-13 01:52:53,72.9,2.28 G
2019-06-13 01:52:55,32.0,2.28 G
2019-06-13 01:52:57,37.0,2.28 G
2019-06-13 01:52:59,62.0,2.28 G
2019-06-13 01:53:01,37.0,2.28 G
2019-06-13 01:53:03,37.0,2.28 G
2019-06-13 01:53:05,62.9,2.28 G
2019-06-13 01:53:07,35.0,2.28 G
2019-06-13 01:53:09,35.0,2.28 G
2019-06-13 01:53:11,34.0,2.28 G
2019-06-13 01:53:13,35.0,2.28 G
2019-06-13 01:53:15,35.0,2.28 G
2019-06-13 01:53:17,35.0,2.28 G
2019-06-13 01:53:19,35.0,2.28 G
2019-06-13 01:53:21,36.0,2.28 G
2019-06-13 01:53:23,36.0,2.28 G
2019-06-13 01:53:25,37.0,2.28 G
2019-06-13 01:53:27,35.0,2.28 G
2019-06-13 01:53:29,34.0,2.28 G
2019-06-13 01:53:31,48.9,2.28 G
2019-06-13 01:53:33,39.0,2.28 G
2019-06-13 01:53:35,38.0,2.28 G
2019-06-13 01:53:37,50.9,2.28 G
2019-06-13 01:53:39,34.0,2.28 G
2019-06-13 01:53:41,34.0,2.28 G
2019-06-13 01:53:43,33.0,2.28 G
2019-06-13 01:53:45,35.0,2.28 G
2019-06-13 01:53:47,37.0,2.28 G
2019-06-13 01:53:49,37.0,2.28 G
2019-06-13 01:53:51,35.0,2.28 G
2019-06-13 01:53:53,34.0,2.28 G
2019-06-13 01:53:55,29.0,2.28 G
2019-06-13 01:53:57,48.0,2.28 G
2019-06-13 01:53:59,34.0,2.28 G
2019-06-13 01:54:01,35.0,2.28 G
2019-06-13 01:54:03,49.9,2.28 G
2019-06-13 01:54:05,428.6,2.28 G
2019-06-13 01:54:07,766.5,2.28 G
2019-06-13 01:54:09,766.6,2.28 G
2019-06-13 01:54:11,607.3,2.25 G
2019-06-13 01:54:13,1.0,2.25 G
2019-06-13 01:54:15,1.0,2.25 G
2019-06-13 01:54:17,2.0,2.25 G
2019-06-13 01:54:19,3.0,2.25 G
2019-06-13 01:54:21,2.0,2.25 G
2019-06-13 01:54:23,2.0,2.25 G
2019-06-13 01:54:25,3.0,2.25 G
2019-06-13 01:54:27,1.0,2.25 G
2019-06-13 01:54:29,5.0,2.25 G
2019-06-13 01:54:31,37.0,2.26 G
2019-06-13 01:54:33,40.0,2.27 G
2019-06-13 01:54:35,569.7,2.27 G
2019-06-13 01:54:37,764.5,2.24 G
2019-06-13 01:54:39,757.5,2.20 G
2019-06-13 01:54:41,1.0,2.18 G
2019-06-13 01:54:43,2.0,2.18 G
2019-06-13 01:54:45,2.0,2.18 G
2019-06-13 01:54:47,3.0,2.18 G
2019-06-13 01:54:49,3.0,2.18 G
2019-06-13 01:54:51,3.0,2.18 G
2019-06-13 01:54:53,2.0,2.18 G
2019-06-13 01:54:55,2.0,2.18 G
2019-06-13 01:54:57,3.0,2.18 G
2019-06-13 01:54:59,2.0,2.18 G
2019-06-13 01:55:01,2.0,2.18 G
2019-06-13 01:55:03,2.0,2.18 G
2019-06-13 01:55:05,3.0,2.18 G
2019-06-13 01:55:07,3.0,2.18 G
2019-06-13 01:55:09,3.0,2.18 G
2019-06-13 01:55:11,3.0,2.18 G
2019-06-13 01:55:13,3.0,2.18 G
2019-06-13 01:55:15,3.0,2.18 G
2019-06-13 01:55:17,3.0,2.18 G
2019-06-13 01:55:19,2.0,2.18 G
2019-06-13 01:55:21,2.0,2.18 G
2019-06-13 01:55:23,3.0,2.18 G
2019-06-13 01:55:25,2.0,2.18 G
2019-06-13 01:55:27,2.0,2.18 G
2019-06-13 01:55:29,3.0,2.18 G
2019-06-13 01:55:31,3.0,2.18 G
2019-06-13 01:55:34,758.2,2.25 G
2019-06-13 01:55:36,758.5,2.23 G
2019-06-13 01:55:38,755.5,2.21 G
2019-06-13 01:55:40,2.0,2.21 G
2019-06-13 01:55:42,2.0,2.21 G
2019-06-13 01:55:44,3.0,2.21 G
2019-06-13 01:55:46,3.0,2.21 G
2019-06-13 01:55:48,1.0,2.21 G
2019-06-13 01:55:50,2.0,2.21 G
2019-06-13 01:55:52,3.0,2.21 G
2019-06-13 01:55:54,2.0,2.21 G
2019-06-13 01:55:56,2.0,2.21 G
2019-06-13 01:55:58,3.0,2.21 G
2019-06-13 01:56:00,2.0,2.21 G
2019-06-13 01:56:02,2.0,2.21 G
2019-06-13 01:56:04,3.0,2.21 G
2019-06-13 01:56:06,2.0,2.21 G
2019-06-13 01:56:08,3.0,2.21 G
2019-06-13 01:56:10,2.0,2.21 G
2019-06-13 01:56:12,1.0,2.21 G
2019-06-13 01:56:14,2.0,2.21 G
2019-06-13 01:56:16,2.0,2.21 G
2019-06-13 01:56:18,3.0,2.21 G
2019-06-13 01:56:20,3.0,2.21 G
2019-06-13 01:56:22,3.0,2.21 G
2019-06-13 01:56:24,2.0,2.21 G
2019-06-13 01:56:26,3.0,2.21 G
2019-06-13 01:56:28,2.0,2.21 G
2019-06-13 01:56:30,3.0,2.21 G
2019-06-13 01:56:32,3.0,2.21 G
2019-06-13 01:56:34,3.0,2.21 G
2019-06-13 01:56:36,2.0,2.21 G
2019-06-13 01:56:38,2.0,2.21 G
2019-06-13 01:56:40,3.0,2.21 G
2019-06-13 01:56:42,2.0,2.21 G
2019-06-13 01:56:44,3.0,2.21 G
2019-06-13 01:56:46,3.0,2.21 G
2019-06-13 01:56:48,2.0,2.21 G
2019-06-13 01:56:50,2.0,2.21 G
2019-06-13 01:56:52,2.0,2.21 G
2019-06-13 01:56:54,3.0,2.21 G
2019-06-13 01:56:56,2.0,2.21 G
2019-06-13 01:56:58,2.0,2.21 G
2019-06-13 01:57:00,3.0,2.21 G
2019-06-13 01:57:02,2.0,2.21 G
2019-06-13 01:57:04,3.0,2.21 G
2019-06-13 01:57:06,2.0,2.21 G
2019-06-13 01:57:08,2.0,2.21 G
2019-06-13 01:57:10,2.0,2.21 G
2019-06-13 01:57:12,2.0,2.21 G
2019-06-13 01:57:14,3.0,2.21 G
2019-06-13 01:57:16,3.0,2.21 G
2019-06-13 01:57:18,2.0,2.21 G
2019-06-13 01:57:20,3.0,2.21 G
2019-06-13 01:57:22,2.0,2.21 G
2019-06-13 01:57:24,3.0,2.21 G
2019-06-13 01:57:26,2.0,2.21 G
2019-06-13 01:57:28,2.0,2.21 G
2019-06-13 01:57:30,1.0,2.21 G
2019-06-13 01:57:32,2.0,2.21 G
2019-06-13 01:57:34,3.0,2.21 G
2019-06-13 01:57:36,3.0,2.21 G
2019-06-13 01:57:38,3.0,2.21 G
2019-06-13 01:57:40,3.0,2.21 G
2019-06-13 01:57:42,5.0,2.22 G
2019-06-13 01:57:44,2.0,2.22 G
2019-06-13 01:57:46,2.0,2.22 G
2019-06-13 01:57:48,2.0,2.22 G
2019-06-13 01:57:50,2.0,2.22 G
2019-06-13 01:57:52,2.0,2.22 G
2019-06-13 01:57:54,2.0,2.22 G
2019-06-13 01:57:56,1.0,2.22 G
2019-06-13 01:57:58,2.0,2.22 G
2019-06-13 01:58:00,2.0,2.22 G
2019-06-13 01:58:02,1.0,2.22 G
2019-06-13 01:58:04,2.0,2.22 G
2019-06-13 01:58:06,1.0,2.22 G
2019-06-13 01:58:08,2.0,2.22 G
2019-06-13 01:58:10,2.0,2.22 G
2019-06-13 01:58:12,2.0,2.22 G
2019-06-13 01:58:14,2.0,2.22 G
2019-06-13 01:58:16,3.0,2.22 G
2019-06-13 01:58:18,2.0,2.22 G
2019-06-13 01:58:20,2.0,2.22 G
2019-06-13 01:58:22,3.0,2.22 G
2019-06-13 01:58:24,2.0,2.22 G
2019-06-13 01:58:26,3.0,2.22 G
2019-06-13 01:58:28,2.0,2.22 G
2019-06-13 01:58:30,2.0,2.22 G
2019-06-13 01:58:32,0.0,2.22 G
2019-06-13 01:58:34,1.0,2.22 G
2019-06-13 01:58:36,1.0,2.22 G
2019-06-13 01:58:38,2.0,2.22 G
2019-06-13 01:58:40,3.0,2.22 G
2019-06-13 01:58:42,2.0,2.22 G
2019-06-13 01:58:44,2.0,2.22 G
2019-06-13 01:58:46,3.0,2.22 G
2019-06-13 01:58:48,3.0,2.22 G
2019-06-13 01:58:50,3.0,2.22 G
2019-06-13 01:58:52,3.0,2.22 G
2019-06-13 01:58:54,3.0,2.22 G
2019-06-13 01:58:56,2.0,2.22 G
2019-06-13 01:58:58,2.0,2.22 G
2019-06-13 01:59:00,2.0,2.22 G
2019-06-13 01:59:02,2.0,2.22 G
2019-06-13 01:59:04,2.0,2.22 G
2019-06-13 01:59:06,1.0,2.22 G
2019-06-13 01:59:08,2.0,2.22 G
2019-06-13 01:59:10,2.0,2.22 G
2019-06-13 01:59:12,2.0,2.22 G
2019-06-13 01:59:14,1.0,2.22 G
2019-06-13 01:59:16,2.0,2.22 G
2019-06-13 01:59:18,3.0,2.22 G
2019-06-13 01:59:20,1.0,2.22 G
2019-06-13 01:59:22,2.0,2.22 G
2019-06-13 01:59:24,2.0,2.22 G
2019-06-13 01:59:26,2.0,2.22 G
2019-06-13 01:59:29,3.0,2.22 G
2019-06-13 01:59:31,2.0,2.22 G
2019-06-13 01:59:33,1.0,2.22 G
2019-06-13 01:59:35,2.0,2.22 G
2019-06-13 01:59:37,3.0,2.22 G
2019-06-13 01:59:39,1.0,2.22 G
2019-06-13 01:59:41,2.0,2.22 G
2019-06-13 01:59:43,178.8,2.60 G
2019-06-13 01:59:45,757.5,2.60 G
2019-06-13 01:59:47,755.5,2.59 G
2019-06-13 01:59:49,759.4,2.55 G
2019-06-13 01:59:51,763.5,2.54 G
2019-06-13 01:59:53,761.5,2.54 G
2019-06-13 01:59:55,761.6,2.53 G
2019-06-13 01:59:57,751.5,2.53 G
2019-06-13 01:59:59,759.5,2.52 G
2019-06-13 02:00:01,3.0,2.14 G
2019-06-13 02:00:03,749.3,2.14 G
2019-06-13 02:00:05,765.6,2.14 G
2019-06-13 02:00:07,698.3,2.14 G
2019-06-13 02:00:09,2.0,2.14 G
2019-06-13 02:00:11,1.0,2.14 G
2019-06-13 02:00:13,3.0,2.14 G
2019-06-13 02:00:15,2.0,2.14 G
2019-06-13 02:00:17,2.0,2.14 G
2019-06-13 02:00:19,2.0,2.14 G
2019-06-13 02:00:21,1.0,2.14 G
2019-06-13 02:00:23,1.0,2.14 G
2019-06-13 02:00:25,2.0,2.14 G
2019-06-13 02:00:27,2.0,2.14 G
2019-06-13 02:00:29,2.0,2.14 G
2019-06-13 02:00:31,3.0,2.14 G
2019-06-13 02:00:33,2.0,2.14 G
2019-06-13 02:00:35,2.0,2.14 G
2019-06-13 02:00:37,2.0,2.14 G
2019-06-13 02:00:39,1.0,2.14 G
2019-06-13 02:00:41,2.0,2.14 G
2019-06-13 02:00:43,1.0,2.14 G
2019-06-13 02:00:45,2.0,2.14 G
2019-06-13 02:00:47,1.0,2.14 G
2019-06-13 02:00:49,2.0,2.14 G
2019-06-13 02:00:51,2.0,2.14 G
2019-06-13 02:00:53,2.0,2.14 G
2019-06-13 02:00:55,1.0,2.14 G
2019-06-13 02:00:57,2.0,2.14 G
2019-06-13 02:00:59,3.0,2.14 G
2019-06-13 02:01:01,2.0,2.14 G
2019-06-13 02:01:03,2.0,2.14 G
2019-06-13 02:01:05,3.0,2.14 G
2019-06-13 02:01:07,2.0,2.14 G
2019-06-13 02:01:09,2.0,2.14 G
2019-06-13 02:01:11,3.0,2.14 G
2019-06-13 02:01:13,2.0,2.14 G
2019-06-13 02:01:15,2.0,2.14 G
2019-06-13 02:01:17,1.0,2.14 G
2019-06-13 02:01:19,2.0,2.14 G
2019-06-13 02:01:21,3.0,2.14 G
2019-06-13 02:01:23,3.0,2.14 G
2019-06-13 02:01:25,2.0,2.14 G
2019-06-13 02:01:27,3.0,2.14 G
2019-06-13 02:01:29,2.0,2.14 G
2019-06-13 02:01:31,2.0,2.14 G
2019-06-13 02:01:33,2.0,2.14 G
2019-06-13 02:01:35,4.0,2.14 G
2019-06-13 02:01:37,34.0,2.15 G
2019-06-13 02:01:39,33.0,2.16 G
2019-06-13 02:01:41,32.0,2.17 G
2019-06-13 02:01:43,37.0,2.18 G
2019-06-13 02:01:45,32.0,2.18 G
2019-06-13 02:01:47,34.0,2.19 G
2019-06-13 02:01:49,34.0,2.20 G
2019-06-13 02:01:51,35.0,2.20 G
2019-06-13 02:01:53,36.0,2.20 G
2019-06-13 02:01:55,36.0,2.24 G
2019-06-13 02:01:57,35.0,2.24 G
2019-06-13 02:01:59,36.0,2.25 G
2019-06-13 02:02:01,34.0,2.25 G
2019-06-13 02:02:03,54.0,2.29 G
2019-06-13 02:02:05,34.0,2.30 G
2019-06-13 02:02:07,33.0,2.30 G
2019-06-13 02:02:09,36.0,2.30 G
2019-06-13 02:02:11,34.0,2.31 G
2019-06-13 02:02:13,79.0,2.39 G
2019-06-13 02:02:15,36.0,2.39 G
2019-06-13 02:02:17,34.0,2.39 G
2019-06-13 02:02:19,35.0,2.40 G
2019-06-13 02:02:21,34.0,2.40 G
2019-06-13 02:02:23,71.0,2.42 G
2019-06-13 02:02:25,35.0,2.42 G
2019-06-13 02:02:27,35.0,2.43 G
2019-06-13 02:02:29,36.0,2.43 G
2019-06-13 02:02:31,35.0,2.43 G
2019-06-13 02:02:33,56.0,2.51 G
2019-06-13 02:02:35,35.0,2.51 G
2019-06-13 02:02:37,35.0,2.51 G
2019-06-13 02:02:39,36.0,2.51 G
2019-06-13 02:02:41,34.0,2.51 G
2019-06-13 02:02:43,35.0,2.51 G
2019-06-13 02:02:45,39.0,2.51 G
2019-06-13 02:02:47,35.0,2.52 G
2019-06-13 02:02:49,35.0,2.52 G
2019-06-13 02:02:51,34.0,2.52 G
2019-06-13 02:02:53,32.0,2.56 G
2019-06-13 02:02:55,35.0,2.56 G
2019-06-13 02:02:57,36.0,2.56 G
2019-06-13 02:02:59,38.0,2.56 G
2019-06-13 02:03:01,77.9,2.56 G
2019-06-13 02:03:03,39.0,2.56 G
2019-06-13 02:03:06,38.0,2.56 G
2019-06-13 02:03:08,38.0,2.56 G
2019-06-13 02:03:10,38.0,2.56 G
2019-06-13 02:03:12,89.9,2.58 G
2019-06-13 02:03:14,35.0,2.58 G
2019-06-13 02:03:16,37.0,2.59 G
2019-06-13 02:03:18,37.0,2.59 G
2019-06-13 02:03:20,35.0,2.59 G
2019-06-13 02:03:22,37.0,2.59 G
2019-06-13 02:03:24,37.0,2.59 G
2019-06-13 02:03:26,36.0,2.59 G
2019-06-13 02:03:28,35.0,2.59 G
2019-06-13 02:03:30,77.0,2.61 G
2019-06-13 02:03:32,34.0,2.61 G
2019-06-13 02:03:34,35.0,2.61 G
2019-06-13 02:03:36,38.0,2.61 G
2019-06-13 02:03:38,37.0,2.61 G
2019-06-13 02:03:40,89.9,2.61 G
2019-06-13 02:03:42,37.0,2.61 G
2019-06-13 02:03:44,35.0,2.61 G
2019-06-13 02:03:46,36.0,2.61 G
2019-06-13 02:03:48,37.0,2.61 G
2019-06-13 02:03:50,37.0,2.62 G
2019-06-13 02:03:52,36.0,2.62 G
2019-06-13 02:03:54,37.0,2.62 G
2019-06-13 02:03:56,35.0,2.62 G
2019-06-13 02:03:58,33.0,2.62 G
2019-06-13 02:04:00,35.0,2.62 G
2019-06-13 02:04:02,36.0,2.62 G
2019-06-13 02:04:04,35.0,2.62 G
2019-06-13 02:04:06,36.0,2.62 G
2019-06-13 02:04:08,77.9,2.63 G
2019-06-13 02:04:10,37.0,2.63 G
2019-06-13 02:04:12,35.0,2.63 G
2019-06-13 02:04:14,30.0,2.63 G
2019-06-13 02:04:16,35.0,2.63 G
2019-06-13 02:04:18,87.9,2.64 G
2019-06-13 02:04:20,36.0,2.64 G
2019-06-13 02:04:22,35.0,2.64 G
2019-06-13 02:04:24,22.0,2.64 G
2019-06-13 02:04:26,28.0,2.64 G
2019-06-13 02:04:28,80.9,2.66 G
2019-06-13 02:04:30,34.0,2.66 G
2019-06-13 02:04:32,34.0,2.66 G
2019-06-13 02:04:34,42.0,2.66 G
2019-06-13 02:04:36,43.9,2.66 G
2019-06-13 02:04:38,41.0,2.67 G
2019-06-13 02:04:40,41.0,2.67 G
2019-06-13 02:04:42,44.9,2.67 G
2019-06-13 02:04:44,36.0,2.67 G
2019-06-13 02:04:46,61.9,2.68 G
2019-06-13 02:04:48,40.0,2.68 G
2019-06-13 02:04:50,45.0,2.68 G
2019-06-13 02:04:52,44.9,2.68 G
2019-06-13 02:04:54,42.0,2.68 G
2019-06-13 02:04:56,45.0,2.69 G
2019-06-13 02:04:58,35.0,2.69 G
2019-06-13 02:05:00,35.0,2.69 G
2019-06-13 02:05:02,41.0,2.69 G
2019-06-13 02:05:04,65.9,2.69 G
2019-06-13 02:05:06,43.0,2.69 G
2019-06-13 02:05:08,755.5,2.69 G
2019-06-13 02:05:10,764.5,2.69 G
2019-06-13 02:05:12,762.6,2.69 G
2019-06-13 02:05:14,760.4,2.65 G
2019-06-13 02:05:16,2.0,2.64 G
2019-06-13 02:05:18,1.0,2.64 G
2019-06-13 02:05:20,3.0,2.64 G
2019-06-13 02:05:22,2.0,2.64 G
2019-06-13 02:05:24,2.0,2.64 G
2019-06-13 02:05:26,1.0,2.64 G
2019-06-13 02:05:28,1.0,2.64 G
2019-06-13 02:05:30,2.0,2.64 G
2019-06-13 02:05:32,2.0,2.64 G
2019-06-13 02:05:34,1.0,2.64 G
2019-06-13 02:05:36,3.0,2.64 G
2019-06-13 02:05:38,3.0,2.64 G
2019-06-13 02:05:40,2.0,2.64 G
2019-06-13 02:05:42,2.0,2.64 G
2019-06-13 02:05:44,1.0,2.64 G
2019-06-13 02:05:46,2.0,2.64 G
2019-06-13 02:05:48,2.0,2.64 G
2019-06-13 02:05:50,3.0,2.64 G
2019-06-13 02:05:52,3.0,2.64 G
2019-06-13 02:05:54,2.0,2.64 G
2019-06-13 02:05:56,2.0,2.64 G
2019-06-13 02:05:58,3.0,2.64 G
2019-06-13 02:06:00,2.0,2.64 G
2019-06-13 02:06:02,1.0,2.64 G
2019-06-13 02:06:04,77.9,2.63 G
2019-06-13 02:06:06,114.9,2.76 G
2019-06-13 02:06:08,105.9,2.89 G
2019-06-13 02:06:10,108.9,3.02 G
2019-06-13 02:06:12,106.9,3.14 G
2019-06-13 02:06:14,102.9,3.25 G
2019-06-13 02:06:16,107.9,3.36 G
2019-06-13 02:06:18,103.9,3.48 G
2019-06-13 02:06:20,104.9,3.58 G
2019-06-13 02:06:22,103.9,3.65 G
2019-06-13 02:06:24,102.9,3.65 G
2019-06-13 02:06:26,107.9,3.66 G
2019-06-13 02:06:28,756.4,3.66 G
2019-06-13 02:06:30,763.5,3.66 G
2019-06-13 02:06:32,755.5,3.63 G
2019-06-13 02:06:34,3.0,3.46 G
2019-06-13 02:06:36,3.0,3.46 G
2019-06-13 02:06:38,2.0,3.46 G
2019-06-13 02:06:40,3.0,3.46 G
2019-06-13 02:06:42,3.0,3.46 G
2019-06-13 02:06:44,2.0,3.46 G
2019-06-13 02:06:46,2.0,3.46 G
2019-06-13 02:06:48,2.0,3.46 G
2019-06-13 02:06:50,3.0,3.46 G
2019-06-13 02:06:52,3.0,3.46 G
2019-06-13 02:06:54,3.0,3.46 G
2019-06-13 02:06:56,2.0,3.46 G
2019-06-13 02:06:58,2.0,3.46 G
2019-06-13 02:07:00,3.0,3.46 G
2019-06-13 02:07:03,3.0,3.46 G
2019-06-13 02:07:05,3.0,3.46 G
2019-06-13 02:07:07,3.0,3.46 G
2019-06-13 02:07:09,2.0,3.46 G
2019-06-13 02:07:11,1.0,3.46 G
2019-06-13 02:07:13,2.0,3.46 G
2019-06-13 02:07:15,3.0,3.46 G
2019-06-13 02:07:17,3.0,3.46 G
2019-06-13 02:07:19,3.0,3.46 G
2019-06-13 02:07:21,3.0,3.46 G
2019-06-13 02:07:23,2.0,3.46 G
2019-06-13 02:07:25,1.0,3.46 G
2019-06-13 02:07:27,3.0,3.46 G
2019-06-13 02:07:29,2.0,3.46 G
2019-06-13 02:07:31,3.0,3.46 G
2019-06-13 02:07:33,1.0,3.46 G
2019-06-13 02:07:35,2.0,3.46 G
2019-06-13 02:07:37,89.9,3.46 G
2019-06-13 02:07:39,102.9,3.47 G
2019-06-13 02:07:41,103.9,3.46 G
2019-06-13 02:07:43,101.9,3.47 G
2019-06-13 02:07:45,102.0,3.47 G
2019-06-13 02:07:47,99.9,3.47 G
2019-06-13 02:07:49,102.9,3.47 G
2019-06-13 02:07:51,101.9,3.47 G
2019-06-13 02:07:53,100.9,3.47 G
2019-06-13 02:07:55,101.9,3.48 G
2019-06-13 02:07:57,100.9,3.48 G
2019-06-13 02:07:59,102.9,3.48 G
2019-06-13 02:08:01,100.9,3.48 G
2019-06-13 02:08:03,102.9,3.49 G
2019-06-13 02:08:05,99.9,3.49 G
2019-06-13 02:08:07,103.9,3.49 G
2019-06-13 02:08:09,101.9,3.49 G
2019-06-13 02:08:11,102.9,3.49 G
2019-06-13 02:08:13,101.9,3.49 G
2019-06-13 02:08:15,102.0,3.50 G
2019-06-13 02:08:17,101.9,3.50 G
2019-06-13 02:08:19,102.9,3.50 G
2019-06-13 02:08:21,101.9,3.50 G
2019-06-13 02:08:23,100.9,3.50 G
2019-06-13 02:08:25,100.9,3.50 G
2019-06-13 02:08:27,101.9,3.51 G
2019-06-13 02:08:29,102.9,3.51 G
2019-06-13 02:08:31,101.9,3.51 G
2019-06-13 02:08:33,102.9,3.51 G
2019-06-13 02:08:35,101.9,3.51 G
2019-06-13 02:08:37,102.9,3.52 G
2019-06-13 02:08:39,100.9,3.52 G
2019-06-13 02:08:41,101.9,3.52 G
2019-06-13 02:08:43,101.9,3.52 G
2019-06-13 02:08:45,100.9,3.52 G
2019-06-13 02:08:47,751.6,3.52 G
2019-06-13 02:08:49,765.6,3.52 G
2019-06-13 02:08:51,765.6,3.51 G
2019-06-13 02:08:53,3.0,3.46 G
2019-06-13 02:08:55,30.0,3.46 G
2019-06-13 02:08:57,41.0,3.46 G
2019-06-13 02:08:59,36.0,3.46 G
2019-06-13 02:09:01,756.3,3.46 G
2019-06-13 02:09:03,755.5,3.46 G
2019-06-13 02:09:05,414.7,3.44 G
2019-06-13 02:09:07,4.0,3.44 G
2019-06-13 02:09:09,3.0,3.44 G
2019-06-13 02:09:11,2.0,3.44 G
2019-06-13 02:09:13,3.0,3.44 G
2019-06-13 02:09:15,2.0,3.44 G
2019-06-13 02:09:17,4.0,3.44 G
2019-06-13 02:09:19,2.0,3.44 G
2019-06-13 02:09:21,3.0,3.44 G
2019-06-13 02:09:23,2.0,3.44 G
2019-06-13 02:09:25,2.0,3.44 G
2019-06-13 02:09:27,3.0,3.44 G
2019-06-13 02:09:29,2.0,3.44 G
2019-06-13 02:09:31,2.0,3.44 G
2019-06-13 02:09:33,1.0,3.44 G
2019-06-13 02:09:35,1.0,3.44 G
2019-06-13 02:09:37,2.0,3.44 G
2019-06-13 02:09:39,2.0,3.44 G
2019-06-13 02:09:41,1.0,3.44 G
2019-06-13 02:09:43,2.0,3.44 G
2019-06-13 02:09:45,2.0,3.44 G
2019-06-13 02:09:47,3.0,3.44 G
2019-06-13 02:09:49,2.0,3.44 G
2019-06-13 02:09:51,1.0,3.44 G
2019-06-13 02:09:53,1.0,3.44 G
2019-06-13 02:09:55,2.0,3.44 G
2019-06-13 02:09:57,1.0,3.44 G
2019-06-13 02:09:59,2.0,3.44 G
2019-06-13 02:10:01,1.0,3.44 G
2019-06-13 02:10:03,2.0,3.44 G
2019-06-13 02:10:05,1.0,3.44 G
2019-06-13 02:10:07,1.0,3.44 G
2019-06-13 02:10:09,2.0,3.44 G
2019-06-13 02:10:11,2.0,3.44 G
2019-06-13 02:10:13,1.0,3.44 G
2019-06-13 02:10:15,1.0,3.44 G
2019-06-13 02:10:17,2.0,3.44 G
2019-06-13 02:10:19,1.0,3.44 G
2019-06-13 02:10:21,2.0,3.44 G
2019-06-13 02:10:23,2.0,3.44 G
2019-06-13 02:10:25,1.0,3.44 G
2019-06-13 02:10:27,1.0,3.44 G
2019-06-13 02:10:29,1.0,3.44 G
2019-06-13 02:10:31,1.0,3.44 G
2019-06-13 02:10:33,1.0,3.44 G
2019-06-13 02:10:35,82.9,3.47 G
2019-06-13 02:10:37,484.9,3.52 G
2019-06-13 02:10:39,766.4,3.52 G
2019-06-13 02:10:41,762.6,3.51 G
2019-06-13 02:10:43,2.0,3.45 G
2019-06-13 02:10:45,464.6,3.46 G
2019-06-13 02:10:47,762.4,3.46 G
2019-06-13 02:10:49,757.5,3.45 G
2019-06-13 02:10:51,2.0,3.44 G
2019-06-13 02:10:53,3.0,3.44 G
2019-06-13 02:10:55,3.0,3.44 G
2019-06-13 02:10:57,2.0,3.44 G
2019-06-13 02:10:59,2.0,3.44 G
2019-06-13 02:11:01,2.0,3.44 G
2019-06-13 02:11:03,3.0,3.44 G
2019-06-13 02:11:05,2.0,3.44 G
2019-06-13 02:11:07,3.0,3.44 G
2019-06-13 02:11:10,292.9,3.47 G
2019-06-13 02:11:12,765.6,3.47 G
2019-06-13 02:11:14,765.4,3.45 G
2019-06-13 02:11:16,765.5,3.45 G
2019-06-13 02:11:18,758.8,3.44 G
2019-06-13 02:11:20,757.4,3.44 G
2019-06-13 02:11:22,2.0,3.42 G
2019-06-13 02:11:24,4.0,3.42 G
2019-06-13 02:11:26,2.0,3.42 G
2019-06-13 02:11:28,3.0,3.42 G
2019-06-13 02:11:30,3.0,3.42 G
2019-06-13 02:11:32,2.0,3.42 G
2019-06-13 02:11:34,2.0,3.42 G
2019-06-13 02:11:36,3.0,3.42 G
2019-06-13 02:11:38,2.0,3.42 G
2019-06-13 02:11:40,2.0,3.42 G
2019-06-13 02:11:42,2.0,3.42 G
2019-06-13 02:11:44,3.0,3.42 G
2019-06-13 02:11:46,3.0,3.42 G
2019-06-13 02:11:48,2.0,3.42 G
2019-06-13 02:11:50,2.0,3.42 G
2019-06-13 02:11:52,3.0,3.42 G
2019-06-13 02:11:54,3.0,3.42 G
2019-06-13 02:11:56,2.0,3.42 G
2019-06-13 02:11:58,2.0,3.42 G
2019-06-13 02:12:00,2.0,3.42 G
2019-06-13 02:12:02,1.0,3.42 G
2019-06-13 02:12:04,2.0,3.42 G
2019-06-13 02:12:06,3.0,3.42 G
2019-06-13 02:12:08,3.0,3.42 G
2019-06-13 02:12:10,3.0,3.42 G
2019-06-13 02:12:12,2.0,3.42 G
2019-06-13 02:12:14,1.0,3.42 G
2019-06-13 02:12:16,3.0,3.42 G
2019-06-13 02:12:18,3.0,3.42 G
2019-06-13 02:12:20,2.0,3.42 G
2019-06-13 02:12:22,3.0,3.42 G
2019-06-13 02:12:24,3.0,3.42 G
2019-06-13 02:12:26,1.0,3.42 G
2019-06-13 02:12:28,1.0,3.42 G
2019-06-13 02:12:30,2.0,3.42 G
2019-06-13 02:12:32,3.0,3.42 G
2019-06-13 02:12:34,3.0,3.42 G
2019-06-13 02:12:36,3.0,3.42 G
2019-06-13 02:12:38,2.0,3.42 G
2019-06-13 02:12:40,3.0,3.42 G
2019-06-13 02:12:42,4.0,3.42 G
2019-06-13 02:12:44,3.0,3.42 G
2019-06-13 02:12:46,3.0,3.42 G
2019-06-13 02:12:48,3.0,3.42 G
2019-06-13 02:12:50,2.0,3.42 G
2019-06-13 02:12:52,2.0,3.42 G
2019-06-13 02:12:54,2.0,3.42 G
2019-06-13 02:12:56,2.0,3.42 G
2019-06-13 02:12:58,2.0,3.42 G
2019-06-13 02:13:00,59.0,3.51 G
2019-06-13 02:13:02,73.9,3.51 G
2019-06-13 02:13:04,71.9,3.52 G
2019-06-13 02:13:06,72.0,3.53 G
2019-06-13 02:13:08,71.9,3.53 G
2019-06-13 02:13:10,72.9,3.53 G
2019-06-13 02:13:12,71.9,3.54 G
2019-06-13 02:13:14,55.9,3.54 G
2019-06-13 02:13:16,71.9,3.54 G
2019-06-13 02:13:18,766.5,3.54 G
2019-06-13 02:13:20,764.5,3.54 G
2019-06-13 02:13:22,623.3,3.44 G
2019-06-13 02:13:24,2.0,3.44 G
2019-06-13 02:13:26,3.0,3.44 G
2019-06-13 02:13:28,3.0,3.44 G
2019-06-13 02:13:30,766.5,3.44 G
2019-06-13 02:13:32,764.5,3.44 G
2019-06-13 02:13:34,612.3,3.44 G
2019-06-13 02:13:36,3.0,3.44 G
2019-06-13 02:13:38,2.0,3.44 G
2019-06-13 02:13:40,3.0,3.44 G
2019-06-13 02:13:42,2.0,3.44 G
2019-06-13 02:13:44,4.0,3.44 G
2019-06-13 02:13:46,3.0,3.44 G
2019-06-13 02:13:48,3.0,3.44 G
2019-06-13 02:13:50,2.0,3.44 G
2019-06-13 02:13:52,2.0,3.44 G
2019-06-13 02:13:54,2.0,3.44 G
2019-06-13 02:13:56,2.0,3.44 G
2019-06-13 02:13:58,3.0,3.44 G
2019-06-13 02:14:00,3.0,3.44 G
2019-06-13 02:14:02,3.0,3.44 G
2019-06-13 02:14:04,3.0,3.44 G
2019-06-13 02:14:06,3.0,3.44 G
2019-06-13 02:14:08,3.0,3.44 G
2019-06-13 02:14:10,2.0,3.44 G
2019-06-13 02:14:12,2.0,3.44 G
2019-06-13 02:14:14,2.0,3.44 G
2019-06-13 02:14:16,1.0,3.44 G
2019-06-13 02:14:18,2.0,3.44 G
2019-06-13 02:14:20,2.0,3.44 G
2019-06-13 02:14:22,3.0,3.44 G
2019-06-13 02:14:24,3.0,3.44 G
2019-06-13 02:14:26,2.0,3.44 G
2019-06-13 02:14:28,2.0,3.44 G
2019-06-13 02:14:30,1.0,3.44 G
2019-06-13 02:14:32,2.0,3.44 G
2019-06-13 02:14:34,2.0,3.44 G
2019-06-13 02:14:36,2.0,3.44 G
2019-06-13 02:14:38,1.0,3.44 G
2019-06-13 02:14:40,3.0,3.44 G
2019-06-13 02:14:42,3.0,3.44 G
2019-06-13 02:14:44,2.0,3.44 G
2019-06-13 02:14:46,3.0,3.44 G
2019-06-13 02:14:48,2.0,3.44 G
2019-06-13 02:14:50,2.0,3.44 G
2019-06-13 02:14:52,2.0,3.44 G
2019-06-13 02:14:54,103.9,3.56 G
2019-06-13 02:14:57,103.9,3.56 G
2019-06-13 02:14:59,102.9,3.57 G
2019-06-13 02:15:01,101.9,3.57 G
2019-06-13 02:15:03,101.9,3.58 G
2019-06-13 02:15:05,102.9,3.58 G
2019-06-13 02:15:07,102.9,3.58 G
2019-06-13 02:15:09,759.5,3.58 G
2019-06-13 02:15:11,754.5,3.58 G
2019-06-13 02:15:13,477.5,3.57 G
2019-06-13 02:15:15,2.0,3.57 G
2019-06-13 02:15:17,2.0,3.57 G
2019-06-13 02:15:19,3.0,3.57 G
2019-06-13 02:15:21,2.0,3.57 G
2019-06-13 02:15:23,2.0,3.57 G
2019-06-13 02:15:25,736.2,3.57 G
2019-06-13 02:15:27,756.4,3.57 G
2019-06-13 02:15:29,695.3,3.44 G
2019-06-13 02:15:31,2.0,3.44 G
2019-06-13 02:15:33,12.0,3.44 G
2019-06-13 02:15:35,37.0,3.45 G
2019-06-13 02:15:37,39.0,3.45 G
2019-06-13 02:15:39,34.0,3.45 G
2019-06-13 02:15:41,38.0,3.45 G
2019-06-13 02:15:43,34.0,3.45 G
2019-06-13 02:15:45,39.0,3.45 G
2019-06-13 02:15:47,37.0,3.45 G
2019-06-13 02:15:49,36.0,3.45 G
2019-06-13 02:15:51,36.0,3.45 G
2019-06-13 02:15:53,35.0,3.45 G
2019-06-13 02:15:55,577.9,3.45 G
2019-06-13 02:15:57,758.6,3.45 G
2019-06-13 02:15:59,757.3,3.44 G
2019-06-13 02:16:01,395.6,3.44 G
2019-06-13 02:16:03,3.0,3.44 G
2019-06-13 02:16:05,2.0,3.44 G
2019-06-13 02:16:07,2.0,3.44 G
2019-06-13 02:16:09,3.0,3.44 G
2019-06-13 02:16:11,3.0,3.44 G
2019-06-13 02:16:13,2.0,3.44 G
2019-06-13 02:16:15,2.0,3.44 G
2019-06-13 02:16:17,2.0,3.44 G
2019-06-13 02:16:19,2.0,3.44 G
2019-06-13 02:16:21,2.0,3.44 G
2019-06-13 02:16:23,2.0,3.44 G
2019-06-13 02:16:25,3.0,3.44 G
2019-06-13 02:16:27,2.0,3.44 G
2019-06-13 02:16:29,2.0,3.44 G
2019-06-13 02:16:31,2.0,3.44 G
2019-06-13 02:16:33,2.0,3.44 G
2019-06-13 02:16:35,3.0,3.44 G
2019-06-13 02:16:37,2.0,3.44 G
2019-06-13 02:16:39,3.0,3.44 G
2019-06-13 02:16:41,2.0,3.44 G
2019-06-13 02:16:43,2.0,3.44 G
2019-06-13 02:16:45,2.0,3.44 G
2019-06-13 02:16:47,2.0,3.44 G
2019-06-13 02:16:49,2.0,3.44 G
2019-06-13 02:16:51,3.0,3.44 G
2019-06-13 02:16:53,1.0,3.44 G
2019-06-13 02:16:55,2.0,3.44 G
2019-06-13 02:16:57,2.0,3.44 G
2019-06-13 02:16:59,3.0,3.44 G
2019-06-13 02:17:01,1.0,3.44 G
2019-06-13 02:17:03,2.0,3.44 G
2019-06-13 02:17:05,2.0,3.44 G
2019-06-13 02:17:07,1.0,3.44 G
2019-06-13 02:17:09,1.0,3.44 G
2019-06-13 02:17:11,1.0,3.44 G
2019-06-13 02:17:13,2.0,3.44 G
2019-06-13 02:17:15,2.0,3.44 G
2019-06-13 02:17:17,3.0,3.44 G
2019-06-13 02:17:19,2.0,3.44 G
2019-06-13 02:17:21,2.0,3.45 G
2019-06-13 02:17:23,2.0,3.45 G
2019-06-13 02:17:25,2.0,3.45 G
2019-06-13 02:17:27,2.0,3.45 G
2019-06-13 02:17:29,2.0,3.45 G
2019-06-13 02:17:31,2.0,3.45 G
2019-06-13 02:17:33,2.0,3.45 G
2019-06-13 02:17:35,3.0,3.45 G
2019-06-13 02:17:37,2.0,3.45 G
2019-06-13 02:17:39,2.0,3.45 G
2019-06-13 02:17:41,1.0,3.45 G
2019-06-13 02:17:43,2.0,3.45 G
2019-06-13 02:17:45,2.0,3.45 G
2019-06-13 02:17:47,3.0,3.45 G
2019-06-13 02:17:49,3.0,3.45 G
2019-06-13 02:17:51,3.0,3.45 G
2019-06-13 02:17:53,2.0,3.45 G
2019-06-13 02:17:55,2.0,3.45 G
2019-06-13 02:17:57,1.0,3.45 G
2019-06-13 02:17:59,1.0,3.45 G
2019-06-13 02:18:01,1.0,3.45 G
2019-06-13 02:18:03,1.0,3.45 G
2019-06-13 02:18:05,2.0,3.45 G
2019-06-13 02:18:07,2.0,3.45 G
2019-06-13 02:18:09,3.0,3.45 G
2019-06-13 02:18:11,3.0,3.45 G
2019-06-13 02:18:13,2.0,3.45 G
2019-06-13 02:18:15,3.0,3.45 G
2019-06-13 02:18:17,2.0,3.45 G
2019-06-13 02:18:19,2.0,3.45 G
2019-06-13 02:18:21,2.0,3.45 G
2019-06-13 02:18:23,3.0,3.45 G
2019-06-13 02:18:25,3.0,3.45 G
2019-06-13 02:18:27,2.0,3.45 G
2019-06-13 02:18:29,2.0,3.45 G
2019-06-13 02:18:31,2.0,3.45 G
2019-06-13 02:18:33,2.0,3.45 G
2019-06-13 02:18:35,2.0,3.45 G
2019-06-13 02:18:37,2.0,3.45 G
2019-06-13 02:18:39,1.0,3.45 G
2019-06-13 02:18:41,1.0,3.45 G
2019-06-13 02:18:43,2.0,3.45 G
2019-06-13 02:18:46,2.0,3.45 G
2019-06-13 02:18:48,2.0,3.45 G
2019-06-13 02:18:50,1.0,3.45 G
2019-06-13 02:18:52,2.0,3.45 G
2019-06-13 02:18:54,2.0,3.45 G
2019-06-13 02:18:56,3.0,3.45 G
2019-06-13 02:18:58,1.0,3.45 G
2019-06-13 02:19:00,1.0,3.45 G
2019-06-13 02:19:02,17.0,3.45 G
2019-06-13 02:19:04,2.0,3.45 G
2019-06-13 02:19:06,2.0,3.45 G
2019-06-13 02:19:08,2.0,3.45 G
2019-06-13 02:19:10,1.0,3.45 G
2019-06-13 02:19:12,1.0,3.45 G
2019-06-13 02:19:14,2.0,3.45 G
2019-06-13 02:19:16,2.0,3.45 G
2019-06-13 02:19:18,1.0,3.45 G
2019-06-13 02:19:20,2.0,3.45 G
2019-06-13 02:19:22,2.0,3.45 G
2019-06-13 02:19:24,2.0,3.45 G
2019-06-13 02:19:26,2.0,3.45 G
2019-06-13 02:19:28,2.0,3.45 G
2019-06-13 02:19:30,2.0,3.45 G
2019-06-13 02:19:32,2.0,3.45 G
2019-06-13 02:19:34,1.0,3.45 G
2019-06-13 02:19:36,2.0,3.45 G
2019-06-13 02:19:38,2.0,3.45 G
2019-06-13 02:19:40,2.0,3.45 G
2019-06-13 02:19:42,1.0,3.45 G
2019-06-13 02:19:44,2.0,3.45 G
2019-06-13 02:19:46,2.0,3.45 G
2019-06-13 02:19:48,2.0,3.45 G
2019-06-13 02:19:50,3.0,3.45 G
2019-06-13 02:19:52,3.0,3.45 G
2019-06-13 02:19:54,3.0,3.45 G
2019-06-13 02:19:56,3.0,3.45 G
2019-06-13 02:19:58,3.0,3.45 G
2019-06-13 02:20:00,2.0,3.45 G
2019-06-13 02:20:02,1.0,3.45 G
2019-06-13 02:20:04,1.0,3.45 G
2019-06-13 02:20:06,2.0,3.45 G
2019-06-13 02:20:08,2.0,3.45 G
2019-06-13 02:20:10,2.0,3.45 G
2019-06-13 02:20:12,2.0,3.45 G
2019-06-13 02:20:14,2.0,3.45 G
2019-06-13 02:20:16,2.0,3.45 G
2019-06-13 02:20:18,2.0,3.45 G
2019-06-13 02:20:20,1.0,3.45 G
2019-06-13 02:20:22,1.0,3.45 G
2019-06-13 02:20:24,2.0,3.45 G
2019-06-13 02:20:26,2.0,3.45 G
2019-06-13 02:20:28,2.0,3.45 G
2019-06-13 02:20:30,2.0,3.45 G
2019-06-13 02:20:32,2.0,3.45 G
2019-06-13 02:20:34,2.0,3.45 G
2019-06-13 02:20:36,2.0,3.45 G
2019-06-13 02:20:38,2.0,3.45 G
2019-06-13 02:20:40,40.0,3.47 G
2019-06-13 02:20:42,115.9,3.50 G
2019-06-13 02:20:44,105.9,3.54 G
2019-06-13 02:20:46,104.9,3.57 G
2019-06-13 02:20:48,105.9,3.60 G
2019-06-13 02:20:50,748.5,3.61 G
2019-06-13 02:20:52,765.5,3.61 G
2019-06-13 02:20:54,763.6,3.60 G
2019-06-13 02:20:56,759.5,3.55 G
2019-06-13 02:20:58,755.5,3.55 G
2019-06-13 02:21:00,757.5,3.54 G
2019-06-13 02:21:02,758.5,3.54 G
2019-06-13 02:21:04,758.5,3.52 G
2019-06-13 02:21:06,754.5,3.51 G
2019-06-13 02:21:08,757.5,3.51 G
2019-06-13 02:21:10,765.5,3.51 G
2019-06-13 02:21:12,3.0,3.43 G
2019-06-13 02:21:14,2.0,3.43 G
2019-06-13 02:21:16,2.0,3.43 G
2019-06-13 02:21:18,3.0,3.43 G
2019-06-13 02:21:20,3.0,3.43 G
2019-06-13 02:21:22,2.0,3.43 G
2019-06-13 02:21:24,2.0,3.43 G
2019-06-13 02:21:26,3.0,3.43 G
2019-06-13 02:21:28,2.0,3.43 G
2019-06-13 02:21:30,3.0,3.43 G
2019-06-13 02:21:32,2.0,3.43 G
2019-06-13 02:21:34,2.0,3.43 G
2019-06-13 02:21:36,2.0,3.43 G
2019-06-13 02:21:38,1.0,3.43 G
2019-06-13 02:21:40,2.0,3.43 G
2019-06-13 02:21:42,2.0,3.43 G
2019-06-13 02:21:44,1.0,3.43 G
2019-06-13 02:21:46,2.0,3.43 G
2019-06-13 02:21:48,2.0,3.43 G
2019-06-13 02:21:50,2.0,3.43 G
2019-06-13 02:21:52,2.0,3.43 G
2019-06-13 02:21:54,2.0,3.43 G
2019-06-13 02:21:56,1.0,3.43 G
2019-06-13 02:21:58,1.0,3.43 G
2019-06-13 02:22:00,2.0,3.43 G
2019-06-13 02:22:02,3.0,3.43 G
2019-06-13 02:22:04,3.0,3.43 G
2019-06-13 02:22:06,44.0,3.44 G
2019-06-13 02:22:08,50.9,3.45 G
2019-06-13 02:22:10,45.0,3.46 G
2019-06-13 02:22:12,45.0,3.47 G
2019-06-13 02:22:14,40.0,3.47 G
2019-06-13 02:22:16,38.0,3.47 G
2019-06-13 02:22:18,52.9,3.48 G
2019-06-13 02:22:20,43.0,3.48 G
2019-06-13 02:22:22,47.9,3.49 G
2019-06-13 02:22:24,56.9,3.49 G
2019-06-13 02:22:26,44.0,3.49 G
2019-06-13 02:22:29,43.9,3.50 G
2019-06-13 02:22:31,55.9,3.50 G
2019-06-13 02:22:33,58.9,3.50 G
2019-06-13 02:22:35,32.0,3.51 G
2019-06-13 02:22:37,38.0,3.51 G
2019-06-13 02:22:39,283.9,3.51 G
2019-06-13 02:22:41,755.5,3.51 G
2019-06-13 02:22:43,764.4,3.50 G
2019-06-13 02:22:45,765.6,3.47 G
2019-06-13 02:22:47,755.6,3.44 G
2019-06-13 02:22:49,756.5,3.42 G
2019-06-13 02:22:51,5.0,3.36 G
2019-06-13 02:22:53,2.0,3.36 G
2019-06-13 02:22:55,36.0,3.36 G
2019-06-13 02:22:57,36.0,3.37 G
2019-06-13 02:22:59,36.0,3.37 G
2019-06-13 02:23:01,39.0,3.37 G
2019-06-13 02:23:03,39.0,3.37 G
2019-06-13 02:23:05,36.0,3.37 G
2019-06-13 02:23:07,36.0,3.37 G
2019-06-13 02:23:09,34.0,3.37 G
2019-06-13 02:23:11,36.0,3.37 G
2019-06-13 02:23:13,35.0,3.37 G
2019-06-13 02:23:15,36.0,3.37 G
2019-06-13 02:23:17,35.0,3.37 G
2019-06-13 02:23:19,37.0,3.37 G
2019-06-13 02:23:21,38.0,3.37 G
2019-06-13 02:23:23,39.0,3.37 G
2019-06-13 02:23:25,36.0,3.37 G
2019-06-13 02:23:27,35.0,3.37 G
2019-06-13 02:23:29,37.0,3.37 G
2019-06-13 02:23:31,36.0,3.37 G
2019-06-13 02:23:33,36.0,3.37 G
2019-06-13 02:23:35,35.0,3.37 G
2019-06-13 02:23:37,39.0,3.37 G
2019-06-13 02:23:39,41.0,3.37 G
2019-06-13 02:23:41,39.0,3.37 G
2019-06-13 02:23:43,86.9,3.46 G
2019-06-13 02:23:45,523.8,3.46 G
2019-06-13 02:23:47,764.5,3.46 G
2019-06-13 02:23:49,762.4,3.46 G
2019-06-13 02:23:51,764.4,3.45 G
2019-06-13 02:23:53,12.0,3.44 G
2019-06-13 02:23:55,28.0,3.45 G
2019-06-13 02:23:57,34.0,3.45 G
2019-06-13 02:23:59,39.0,3.45 G
2019-06-13 02:24:01,38.0,3.45 G
2019-06-13 02:24:03,35.0,3.45 G
2019-06-13 02:24:05,36.0,3.45 G
2019-06-13 02:24:07,38.0,3.45 G
2019-06-13 02:24:09,71.9,3.45 G
2019-06-13 02:24:11,36.0,3.45 G
2019-06-13 02:24:13,39.0,3.45 G
2019-06-13 02:24:15,30.0,3.45 G
2019-06-13 02:24:17,35.0,3.45 G
2019-06-13 02:24:19,37.0,3.45 G
2019-06-13 02:24:21,36.0,3.45 G
2019-06-13 02:24:23,38.0,3.45 G
2019-06-13 02:24:25,577.4,3.49 G
2019-06-13 02:24:27,35.0,3.49 G
2019-06-13 02:24:29,34.0,3.49 G
2019-06-13 02:24:31,37.0,3.49 G
2019-06-13 02:24:33,40.0,3.49 G
2019-06-13 02:24:35,766.5,3.49 G
2019-06-13 02:24:37,759.5,3.49 G
2019-06-13 02:24:39,766.6,3.44 G
2019-06-13 02:24:41,3.0,3.44 G
2019-06-13 02:24:43,91.9,3.44 G
2019-06-13 02:24:45,112.9,3.47 G
2019-06-13 02:24:47,752.5,3.48 G
2019-06-13 02:24:49,758.5,3.48 G
2019-06-13 02:24:51,765.5,3.48 G
2019-06-13 02:24:53,2.0,3.47 G
2019-06-13 02:24:55,3.0,3.47 G
2019-06-13 02:24:57,2.0,3.47 G
2019-06-13 02:24:59,3.0,3.47 G
2019-06-13 02:25:01,3.0,3.47 G
2019-06-13 02:25:03,2.0,3.47 G
2019-06-13 02:25:05,3.0,3.47 G
2019-06-13 02:25:07,3.0,3.47 G
2019-06-13 02:25:09,2.0,3.47 G
2019-06-13 02:25:11,2.0,3.47 G
2019-06-13 02:25:13,2.0,3.47 G
2019-06-13 02:25:15,1.0,3.47 G
2019-06-13 02:25:17,3.0,3.47 G
2019-06-13 02:25:19,1.0,3.47 G
2019-06-13 02:25:21,1.0,3.47 G
2019-06-13 02:25:23,1.0,3.47 G
2019-06-13 02:25:25,1.0,3.47 G
2019-06-13 02:25:27,2.0,3.47 G
2019-06-13 02:25:29,2.0,3.47 G
2019-06-13 02:25:31,1.0,3.47 G
2019-06-13 02:25:33,2.0,3.47 G
2019-06-13 02:25:35,2.0,3.47 G
2019-06-13 02:25:37,2.0,3.47 G
2019-06-13 02:25:39,2.0,3.47 G
2019-06-13 02:25:41,2.0,3.47 G
2019-06-13 02:25:43,2.0,3.47 G
2019-06-13 02:25:45,2.0,3.47 G
2019-06-13 02:25:47,2.0,3.47 G
2019-06-13 02:25:49,1.0,3.47 G
2019-06-13 02:25:51,2.0,3.47 G
2019-06-13 02:25:53,1.0,3.47 G
2019-06-13 02:25:55,1.0,3.47 G
2019-06-13 02:25:57,761.4,3.48 G
2019-06-13 02:25:59,762.4,3.47 G
2019-06-13 02:26:02,762.2,3.46 G
2019-06-13 02:26:04,766.4,3.45 G
2019-06-13 02:26:06,766.3,3.45 G
2019-06-13 02:26:08,2.0,3.45 G
2019-06-13 02:26:10,3.0,3.45 G
2019-06-13 02:26:12,2.0,3.45 G
2019-06-13 02:26:14,3.0,3.45 G
2019-06-13 02:26:16,3.0,3.45 G
2019-06-13 02:26:18,2.0,3.45 G
2019-06-13 02:26:20,3.0,3.45 G
2019-06-13 02:26:22,2.0,3.45 G
2019-06-13 02:26:24,2.0,3.45 G
2019-06-13 02:26:26,3.0,3.45 G
2019-06-13 02:26:28,3.0,3.45 G
2019-06-13 02:26:30,3.0,3.45 G
2019-06-13 02:26:32,2.0,3.45 G
2019-06-13 02:26:34,3.0,3.45 G
2019-06-13 02:26:36,3.0,3.45 G
2019-06-13 02:26:38,3.0,3.45 G
2019-06-13 02:26:40,4.0,3.45 G
2019-06-13 02:26:42,3.0,3.45 G
2019-06-13 02:26:44,4.0,3.45 G
2019-06-13 02:26:46,4.0,3.45 G
2019-06-13 02:26:48,2.0,3.45 G
2019-06-13 02:26:50,1.0,3.45 G
2019-06-13 02:26:52,3.0,3.45 G
2019-06-13 02:26:54,1.0,3.45 G
2019-06-13 02:26:56,2.0,3.45 G
2019-06-13 02:26:58,2.0,3.45 G
2019-06-13 02:27:00,3.0,3.45 G
2019-06-13 02:27:02,3.0,3.45 G
2019-06-13 02:27:04,2.0,3.45 G
2019-06-13 02:27:06,2.0,3.45 G
2019-06-13 02:27:08,2.0,3.45 G
2019-06-13 02:27:10,2.0,3.45 G
2019-06-13 02:27:12,2.0,3.45 G
2019-06-13 02:27:14,2.0,3.45 G
2019-06-13 02:27:16,759.5,3.46 G
2019-06-13 02:27:18,760.5,3.46 G
2019-06-13 02:27:20,744.2,3.46 G
2019-06-13 02:27:22,3.0,3.46 G
2019-06-13 02:27:24,38.0,3.46 G
2019-06-13 02:27:26,38.0,3.46 G
2019-06-13 02:27:28,41.0,3.46 G
2019-06-13 02:27:30,39.0,3.46 G
2019-06-13 02:27:32,38.0,3.46 G
2019-06-13 02:27:34,36.0,3.46 G
2019-06-13 02:27:36,41.0,3.46 G
2019-06-13 02:27:38,38.0,3.46 G
2019-06-13 02:27:40,38.0,3.46 G
2019-06-13 02:27:42,38.0,3.46 G
2019-06-13 02:27:44,43.0,3.46 G
2019-06-13 02:27:46,32.0,3.46 G
2019-06-13 02:27:48,33.0,3.46 G
2019-06-13 02:27:50,38.0,3.46 G
2019-06-13 02:27:52,37.0,3.46 G
2019-06-13 02:27:54,40.0,3.46 G
2019-06-13 02:27:56,92.9,3.50 G
2019-06-13 02:27:58,39.0,3.50 G
2019-06-13 02:28:00,38.0,3.50 G
2019-06-13 02:28:02,38.0,3.50 G
2019-06-13 02:28:04,38.0,3.50 G
2019-06-13 02:28:06,39.0,3.50 G
2019-06-13 02:28:08,37.0,3.50 G
2019-06-13 02:28:10,39.0,3.50 G
2019-06-13 02:28:12,40.0,3.50 G
2019-06-13 02:28:14,40.0,3.50 G
2019-06-13 02:28:16,40.0,3.50 G
2019-06-13 02:28:18,42.0,3.50 G
2019-06-13 02:28:20,41.0,3.50 G
2019-06-13 02:28:22,41.0,3.50 G
2019-06-13 02:28:24,41.0,3.50 G
2019-06-13 02:28:26,39.0,3.50 G
2019-06-13 02:28:28,38.0,3.50 G
2019-06-13 02:28:30,97.0,3.54 G
2019-06-13 02:28:32,37.0,3.54 G
2019-06-13 02:28:34,36.0,3.54 G
2019-06-13 02:28:36,40.0,3.54 G
2019-06-13 02:28:38,38.0,3.54 G
2019-06-13 02:28:40,38.0,3.54 G
2019-06-13 02:28:42,39.0,3.54 G
2019-06-13 02:28:44,42.0,3.54 G
2019-06-13 02:28:46,767.5,3.66 G
2019-06-13 02:28:48,769.3,3.66 G
2019-06-13 02:28:50,762.5,3.66 G
2019-06-13 02:28:52,774.3,3.66 G
2019-06-13 02:28:54,769.6,3.66 G
2019-06-13 02:28:56,3.0,3.65 G
2019-06-13 02:28:58,3.0,3.65 G
2019-06-13 02:29:00,3.0,3.65 G
2019-06-13 02:29:02,2.0,3.65 G
2019-06-13 02:29:04,1.0,3.65 G
2019-06-13 02:29:06,3.0,3.65 G
2019-06-13 02:29:08,3.0,3.65 G
2019-06-13 02:29:10,2.0,3.65 G
2019-06-13 02:29:12,3.0,3.65 G
2019-06-13 02:29:14,3.0,3.65 G
2019-06-13 02:29:16,3.0,3.65 G
2019-06-13 02:29:18,2.0,3.65 G
2019-06-13 02:29:20,3.0,3.65 G
2019-06-13 02:29:22,2.0,3.65 G
2019-06-13 02:29:24,1.0,3.65 G
2019-06-13 02:29:26,3.0,3.65 G
2019-06-13 02:29:28,3.0,3.65 G
2019-06-13 02:29:30,2.0,3.65 G
2019-06-13 02:29:32,2.0,3.65 G
2019-06-13 02:29:34,2.0,3.65 G
2019-06-13 02:29:36,2.0,3.65 G
2019-06-13 02:29:39,2.0,3.65 G
2019-06-13 02:29:41,3.0,3.65 G
2019-06-13 02:29:43,3.0,3.65 G
2019-06-13 02:29:45,2.0,3.65 G
2019-06-13 02:29:47,2.0,3.65 G
2019-06-13 02:29:49,2.0,3.65 G
2019-06-13 02:29:51,1.0,3.65 G
2019-06-13 02:29:53,2.0,3.65 G
2019-06-13 02:29:55,2.0,3.65 G
2019-06-13 02:29:57,2.0,3.65 G
2019-06-13 02:29:59,2.0,3.65 G
2019-06-13 02:30:01,3.0,3.65 G
2019-06-13 02:30:03,2.0,3.65 G
2019-06-13 02:30:05,1.0,3.65 G
2019-06-13 02:30:07,2.0,3.65 G
2019-06-13 02:30:09,3.0,3.65 G
2019-06-13 02:30:11,3.0,3.65 G
2019-06-13 02:30:13,3.0,3.65 G
2019-06-13 02:30:15,3.0,3.65 G
2019-06-13 02:30:17,2.0,3.65 G
2019-06-13 02:30:19,1.0,3.65 G
2019-06-13 02:30:21,2.0,3.65 G
2019-06-13 02:30:23,2.0,3.65 G
2019-06-13 02:30:25,8.0,3.65 G
2019-06-13 02:30:27,109.9,3.65 G
2019-06-13 02:30:29,109.9,3.68 G
2019-06-13 02:30:31,107.9,3.72 G
2019-06-13 02:30:33,398.7,3.73 G
2019-06-13 02:30:35,755.5,3.73 G
2019-06-13 02:30:37,758.2,3.71 G
2019-06-13 02:30:39,18.0,3.65 G
2019-06-13 02:30:41,3.0,3.65 G
2019-06-13 02:30:43,2.0,3.65 G
2019-06-13 02:30:45,3.0,3.65 G
2019-06-13 02:30:47,3.0,3.65 G
2019-06-13 02:30:49,2.0,3.65 G
2019-06-13 02:30:51,3.0,3.65 G
2019-06-13 02:30:53,2.0,3.65 G
2019-06-13 02:30:55,2.0,3.65 G
2019-06-13 02:30:57,2.0,3.65 G
2019-06-13 02:30:59,3.0,3.65 G
2019-06-13 02:31:01,3.0,3.65 G
2019-06-13 02:31:03,3.0,3.65 G
2019-06-13 02:31:05,2.0,3.65 G
2019-06-13 02:31:07,2.0,3.65 G
2019-06-13 02:31:09,3.0,3.65 G
2019-06-13 02:31:11,3.0,3.65 G
2019-06-13 02:31:13,3.0,3.65 G
2019-06-13 02:31:15,3.0,3.65 G
2019-06-13 02:31:17,2.0,3.65 G
2019-06-13 02:31:19,2.0,3.65 G
2019-06-13 02:31:21,3.0,3.65 G
2019-06-13 02:31:23,2.0,3.65 G
2019-06-13 02:31:25,3.0,3.65 G
2019-06-13 02:31:27,2.0,3.65 G
2019-06-13 02:31:29,2.0,3.65 G
2019-06-13 02:31:31,2.0,3.65 G
2019-06-13 02:31:33,3.0,3.65 G
2019-06-13 02:31:35,3.0,3.65 G
2019-06-13 02:31:37,2.0,3.65 G
2019-06-13 02:31:39,2.0,3.65 G
2019-06-13 02:31:41,2.0,3.65 G
2019-06-13 02:31:43,3.0,3.65 G
2019-06-13 02:31:45,2.0,3.65 G
2019-06-13 02:31:47,3.0,3.65 G
2019-06-13 02:31:49,1.0,3.65 G
2019-06-13 02:31:51,2.0,3.65 G
2019-06-13 02:31:53,2.0,3.65 G
2019-06-13 02:31:55,2.0,3.65 G
2019-06-13 02:31:57,3.0,3.65 G
2019-06-13 02:31:59,408.6,3.75 G
2019-06-13 02:32:01,754.4,3.74 G
2019-06-13 02:32:03,760.3,3.73 G
2019-06-13 02:32:05,3.0,3.60 G
2019-06-13 02:32:07,2.0,3.60 G
2019-06-13 02:32:09,3.0,3.60 G
2019-06-13 02:32:11,512.7,3.60 G
2019-06-13 02:32:13,766.4,3.60 G
2019-06-13 02:32:15,764.3,3.59 G
2019-06-13 02:32:17,3.0,3.59 G
2019-06-13 02:32:19,4.0,3.59 G
2019-06-13 02:32:21,2.0,3.59 G
2019-06-13 02:32:23,3.0,3.59 G
2019-06-13 02:32:25,3.0,3.59 G
2019-06-13 02:32:27,3.0,3.59 G
2019-06-13 02:32:29,2.0,3.59 G
2019-06-13 02:32:31,3.0,3.59 G
2019-06-13 02:32:33,3.0,3.59 G
2019-06-13 02:32:35,2.0,3.59 G
2019-06-13 02:32:37,145.9,3.59 G
2019-06-13 02:32:39,757.4,3.59 G
2019-06-13 02:32:41,757.3,3.59 G
2019-06-13 02:32:43,152.8,3.59 G
2019-06-13 02:32:45,3.0,3.59 G
2019-06-13 02:32:47,3.0,3.59 G
2019-06-13 02:32:49,3.0,3.59 G
2019-06-13 02:32:51,2.0,3.59 G
2019-06-13 02:32:53,3.0,3.59 G
2019-06-13 02:32:55,3.0,3.59 G
2019-06-13 02:32:57,3.0,3.59 G
2019-06-13 02:32:59,4.0,3.59 G
2019-06-13 02:33:01,2.0,3.59 G
2019-06-13 02:33:03,2.0,3.59 G
2019-06-13 02:33:05,2.0,3.59 G
2019-06-13 02:33:07,2.0,3.59 G
2019-06-13 02:33:09,2.0,3.59 G
2019-06-13 02:33:11,3.0,3.59 G
2019-06-13 02:33:13,2.0,3.59 G
2019-06-13 02:33:15,1.0,3.59 G
2019-06-13 02:33:17,2.0,3.59 G
2019-06-13 02:33:19,2.0,3.59 G
2019-06-13 02:33:21,3.0,3.59 G
2019-06-13 02:33:23,2.0,3.59 G
2019-06-13 02:33:25,3.0,3.59 G
2019-06-13 02:33:27,4.0,3.59 G
2019-06-13 02:33:29,5.0,3.59 G
2019-06-13 02:33:32,4.0,3.59 G
2019-06-13 02:33:34,3.0,3.59 G
2019-06-13 02:33:36,3.0,3.59 G
2019-06-13 02:33:38,2.0,3.59 G
2019-06-13 02:33:40,2.0,3.59 G
2019-06-13 02:33:42,2.0,3.59 G
2019-06-13 02:33:44,2.0,3.59 G
2019-06-13 02:33:46,2.0,3.59 G
2019-06-13 02:33:48,103.9,3.66 G
2019-06-13 02:33:50,102.9,3.67 G
2019-06-13 02:33:52,102.9,3.68 G
2019-06-13 02:33:54,105.9,3.68 G
2019-06-13 02:33:56,101.9,3.69 G
2019-06-13 02:33:58,102.0,3.70 G
2019-06-13 02:34:00,100.9,3.70 G
2019-06-13 02:34:02,104.9,3.71 G
2019-06-13 02:34:04,101.9,3.72 G
2019-06-13 02:34:06,101.9,3.72 G
2019-06-13 02:34:08,103.9,3.73 G
2019-06-13 02:34:10,420.8,3.73 G
2019-06-13 02:34:12,756.5,3.73 G
2019-06-13 02:34:14,755.4,3.69 G
2019-06-13 02:34:16,2.0,3.69 G
2019-06-13 02:34:18,3.0,3.69 G
2019-06-13 02:34:20,3.0,3.69 G
2019-06-13 02:34:22,3.0,3.69 G
2019-06-13 02:34:24,3.0,3.69 G
2019-06-13 02:34:26,2.0,3.69 G
2019-06-13 02:34:28,757.5,3.69 G
2019-06-13 02:34:30,757.5,3.69 G
2019-06-13 02:34:32,378.9,3.67 G
2019-06-13 02:34:34,3.0,3.67 G
2019-06-13 02:34:36,3.0,3.67 G
2019-06-13 02:34:38,3.0,3.67 G
2019-06-13 02:34:40,2.0,3.67 G
2019-06-13 02:34:42,3.0,3.67 G
2019-06-13 02:34:44,759.8,3.67 G
2019-06-13 02:34:46,765.5,3.67 G
2019-06-13 02:34:48,765.6,3.67 G
2019-06-13 02:34:50,2.0,3.67 G
2019-06-13 02:34:52,749.5,3.67 G
2019-06-13 02:34:54,756.2,3.67 G
2019-06-13 02:34:56,684.3,3.67 G
2019-06-13 02:34:58,3.0,3.67 G
2019-06-13 02:35:00,2.0,3.67 G
2019-06-13 02:35:02,4.0,3.67 G
2019-06-13 02:35:04,2.0,3.67 G
2019-06-13 02:35:06,2.0,3.67 G
2019-06-13 02:35:08,3.0,3.67 G
2019-06-13 02:35:10,2.0,3.67 G
2019-06-13 02:35:12,3.0,3.67 G
2019-06-13 02:35:14,3.0,3.67 G
2019-06-13 02:35:16,3.0,3.67 G
2019-06-13 02:35:18,2.0,3.67 G
2019-06-13 02:35:20,2.0,3.67 G
2019-06-13 02:35:22,1.0,3.67 G
2019-06-13 02:35:24,2.0,3.67 G
2019-06-13 02:35:26,2.0,3.67 G
2019-06-13 02:35:28,3.0,3.67 G
2019-06-13 02:35:30,2.0,3.67 G
2019-06-13 02:35:32,4.0,3.67 G
2019-06-13 02:35:34,3.0,3.67 G
2019-06-13 02:35:36,3.0,3.67 G
2019-06-13 02:35:38,2.0,3.67 G
2019-06-13 02:35:40,4.0,3.67 G
2019-06-13 02:35:42,2.0,3.67 G
2019-06-13 02:35:44,2.0,3.67 G
2019-06-13 02:35:46,2.0,3.67 G
2019-06-13 02:35:48,1.0,3.67 G
2019-06-13 02:35:50,2.0,3.67 G
2019-06-13 02:35:52,2.0,3.67 G
2019-06-13 02:35:54,1.0,3.67 G
2019-06-13 02:35:56,2.0,3.67 G
2019-06-13 02:35:58,1.0,3.67 G
2019-06-13 02:36:00,1.0,3.67 G
2019-06-13 02:36:02,1.0,3.67 G
2019-06-13 02:36:04,2.0,3.67 G
2019-06-13 02:36:06,2.0,3.67 G
2019-06-13 02:36:08,3.0,3.67 G
2019-06-13 02:36:10,2.0,3.67 G
2019-06-13 02:36:12,1.0,3.67 G
2019-06-13 02:36:14,2.0,3.67 G
2019-06-13 02:36:16,2.0,3.67 G
2019-06-13 02:36:18,3.0,3.67 G
2019-06-13 02:36:20,2.0,3.67 G
2019-06-13 02:36:22,2.0,3.67 G
2019-06-13 02:36:24,2.0,3.67 G
2019-06-13 02:36:26,2.0,3.67 G
2019-06-13 02:36:28,2.0,3.67 G
2019-06-13 02:36:30,1.0,3.67 G
2019-06-13 02:36:32,2.0,3.67 G
2019-06-13 02:36:34,1.0,3.67 G
2019-06-13 02:36:36,3.0,3.67 G
2019-06-13 02:36:38,2.0,3.67 G
2019-06-13 02:36:40,1.0,3.67 G
2019-06-13 02:36:42,2.0,3.67 G
2019-06-13 02:36:44,2.0,3.67 G
2019-06-13 02:36:46,2.0,3.67 G
2019-06-13 02:36:48,2.0,3.67 G
2019-06-13 02:36:50,2.0,3.67 G
2019-06-13 02:36:52,2.0,3.67 G
2019-06-13 02:36:54,2.0,3.67 G
2019-06-13 02:36:56,1.0,3.67 G
2019-06-13 02:36:58,2.0,3.67 G
2019-06-13 02:37:00,2.0,3.67 G
2019-06-13 02:37:02,2.0,3.67 G
2019-06-13 02:37:04,2.0,3.67 G
2019-06-13 02:37:06,2.0,3.67 G
2019-06-13 02:37:08,2.0,3.67 G
2019-06-13 02:37:10,1.0,3.67 G
2019-06-13 02:37:12,3.0,3.67 G
2019-06-13 02:37:14,2.0,3.67 G
2019-06-13 02:37:16,2.0,3.67 G
2019-06-13 02:37:18,2.0,3.67 G
2019-06-13 02:37:20,1.0,3.67 G
2019-06-13 02:37:22,2.0,3.67 G
2019-06-13 02:37:24,2.0,3.67 G
2019-06-13 02:37:27,2.0,3.67 G
2019-06-13 02:37:29,1.0,3.67 G
2019-06-13 02:37:31,1.0,3.67 G
2019-06-13 02:37:33,2.0,3.67 G
2019-06-13 02:37:35,2.0,3.67 G
2019-06-13 02:37:37,2.0,3.67 G
2019-06-13 02:37:39,271.8,3.70 G
2019-06-13 02:37:41,760.5,3.70 G
2019-06-13 02:37:43,757.4,3.70 G
2019-06-13 02:37:45,28.0,3.69 G
2019-06-13 02:37:47,3.0,3.69 G
2019-06-13 02:37:49,2.0,3.69 G
2019-06-13 02:37:51,1.0,3.69 G
2019-06-13 02:37:53,2.0,3.69 G
2019-06-13 02:37:55,3.0,3.69 G
2019-06-13 02:37:57,2.0,3.69 G
2019-06-13 02:37:59,3.0,3.69 G
2019-06-13 02:38:01,2.0,3.69 G
2019-06-13 02:38:03,3.0,3.69 G
2019-06-13 02:38:05,1.0,3.69 G
2019-06-13 02:38:07,1.0,3.69 G
2019-06-13 02:38:09,3.0,3.69 G
2019-06-13 02:38:11,3.0,3.69 G
2019-06-13 02:38:13,3.0,3.69 G
2019-06-13 02:38:15,3.0,3.69 G
2019-06-13 02:38:17,1.0,3.69 G
2019-06-13 02:38:19,3.0,3.69 G
2019-06-13 02:38:21,3.0,3.69 G
2019-06-13 02:38:23,538.7,3.69 G
2019-06-13 02:38:25,759.3,3.69 G
2019-06-13 02:38:27,757.5,3.69 G
2019-06-13 02:38:29,3.0,3.67 G
2019-06-13 02:38:31,5.0,3.67 G
2019-06-13 02:38:33,2.0,3.67 G
2019-06-13 02:38:35,3.0,3.67 G
2019-06-13 02:38:37,72.0,3.68 G
2019-06-13 02:38:39,767.4,3.68 G
2019-06-13 02:38:41,757.5,3.68 G
2019-06-13 02:38:43,256.8,3.67 G
2019-06-13 02:38:45,3.0,3.67 G
2019-06-13 02:38:47,282.8,3.67 G
2019-06-13 02:38:49,764.5,3.67 G
2019-06-13 02:38:51,760.5,3.67 G
2019-06-13 02:38:53,108.9,3.67 G
2019-06-13 02:38:55,21.0,3.67 G
2019-06-13 02:38:57,37.0,3.67 G
2019-06-13 02:38:59,47.0,3.67 G
2019-06-13 02:39:01,164.9,3.67 G
2019-06-13 02:39:03,763.3,3.67 G
2019-06-13 02:39:05,756.4,3.67 G
2019-06-13 02:39:07,10.0,3.67 G
2019-06-13 02:39:09,2.0,3.67 G
2019-06-13 02:39:11,2.0,3.67 G
2019-06-13 02:39:13,1.0,3.67 G
2019-06-13 02:39:15,2.0,3.67 G
2019-06-13 02:39:17,2.0,3.67 G
2019-06-13 02:39:19,1.0,3.67 G
2019-06-13 02:39:21,2.0,3.67 G
2019-06-13 02:39:23,3.0,3.67 G
2019-06-13 02:39:25,3.0,3.67 G
2019-06-13 02:39:27,3.0,3.67 G
2019-06-13 02:39:29,764.2,3.67 G
2019-06-13 02:39:31,755.4,3.67 G
2019-06-13 02:39:33,365.6,3.67 G
2019-06-13 02:39:35,4.0,3.67 G
2019-06-13 02:39:37,4.0,3.67 G
2019-06-13 02:39:39,2.0,3.67 G
2019-06-13 02:39:41,3.0,3.67 G
2019-06-13 02:39:43,3.0,3.67 G
2019-06-13 02:39:45,3.0,3.67 G
2019-06-13 02:39:47,3.0,3.67 G
2019-06-13 02:39:49,3.0,3.67 G
2019-06-13 02:39:51,3.0,3.67 G
2019-06-13 02:39:53,3.0,3.67 G
2019-06-13 02:39:55,4.0,3.67 G
2019-06-13 02:39:57,3.0,3.67 G
2019-06-13 02:39:59,2.0,3.67 G
2019-06-13 02:40:01,2.0,3.67 G
2019-06-13 02:40:03,3.0,3.67 G
2019-06-13 02:40:05,3.0,3.67 G
2019-06-13 02:40:07,2.0,3.67 G
2019-06-13 02:40:09,2.0,3.67 G
2019-06-13 02:40:11,3.0,3.67 G
2019-06-13 02:40:13,2.0,3.67 G
2019-06-13 02:40:15,3.0,3.67 G
2019-06-13 02:40:17,2.0,3.67 G
2019-06-13 02:40:19,3.0,3.67 G
2019-06-13 02:40:21,2.0,3.67 G
2019-06-13 02:40:23,2.0,3.67 G
2019-06-13 02:40:25,2.0,3.67 G
2019-06-13 02:40:27,2.0,3.67 G
2019-06-13 02:40:29,2.0,3.67 G
2019-06-13 02:40:31,2.0,3.67 G
2019-06-13 02:40:33,2.0,3.67 G
2019-06-13 02:40:35,1.0,3.67 G
2019-06-13 02:40:37,2.0,3.67 G
2019-06-13 02:40:39,2.0,3.67 G
2019-06-13 02:40:41,2.0,3.67 G
2019-06-13 02:40:43,3.0,3.67 G
2019-06-13 02:40:45,3.0,3.67 G
2019-06-13 02:40:47,3.0,3.67 G
2019-06-13 02:40:49,4.0,3.67 G
2019-06-13 02:40:51,2.0,3.67 G
2019-06-13 02:40:53,2.0,3.67 G
2019-06-13 02:40:55,2.0,3.67 G
2019-06-13 02:40:57,2.0,3.67 G
2019-06-13 02:40:59,2.0,3.67 G
2019-06-13 02:41:01,3.0,3.67 G
2019-06-13 02:41:03,3.0,3.67 G
2019-06-13 02:41:05,3.0,3.67 G
2019-06-13 02:41:07,3.0,3.67 G
2019-06-13 02:41:10,3.0,3.67 G
2019-06-13 02:41:12,3.0,3.67 G
2019-06-13 02:41:14,3.0,3.67 G
2019-06-13 02:41:16,4.0,3.67 G
2019-06-13 02:41:18,3.0,3.67 G
2019-06-13 02:41:20,2.0,3.67 G
2019-06-13 02:41:22,4.0,3.67 G
2019-06-13 02:41:24,3.0,3.67 G
2019-06-13 02:41:26,3.0,3.67 G
2019-06-13 02:41:28,2.0,3.67 G
2019-06-13 02:41:30,3.0,3.67 G
2019-06-13 02:41:32,3.0,3.67 G
2019-06-13 02:41:34,3.0,3.67 G
2019-06-13 02:41:36,3.0,3.67 G
2019-06-13 02:41:38,2.0,3.67 G
2019-06-13 02:41:40,1.0,3.67 G
2019-06-13 02:41:42,2.0,3.67 G
2019-06-13 02:41:44,2.0,3.67 G
2019-06-13 02:41:46,2.0,3.67 G
2019-06-13 02:41:48,2.0,3.67 G
2019-06-13 02:41:50,3.0,3.67 G
2019-06-13 02:41:52,3.0,3.67 G
2019-06-13 02:41:54,1.0,3.67 G
2019-06-13 02:41:56,2.0,3.67 G
2019-06-13 02:41:58,2.0,3.67 G
2019-06-13 02:42:00,2.0,3.67 G
2019-06-13 02:42:02,3.0,3.67 G
2019-06-13 02:42:04,2.0,3.67 G
2019-06-13 02:42:06,2.0,3.67 G
2019-06-13 02:42:08,2.0,3.67 G
2019-06-13 02:42:10,3.0,3.67 G
2019-06-13 02:42:12,3.0,3.67 G
2019-06-13 02:42:14,3.0,3.67 G
2019-06-13 02:42:16,2.0,3.67 G
2019-06-13 02:42:18,3.0,3.67 G
2019-06-13 02:42:20,2.0,3.67 G
2019-06-13 02:42:22,3.0,3.67 G
2019-06-13 02:42:24,3.0,3.67 G
2019-06-13 02:42:26,2.0,3.67 G
2019-06-13 02:42:28,2.0,3.67 G
2019-06-13 02:42:30,2.0,3.67 G
2019-06-13 02:42:32,755.6,3.67 G
2019-06-13 02:42:34,763.5,3.67 G
2019-06-13 02:42:36,695.2,3.67 G
2019-06-13 02:42:38,3.0,3.67 G
2019-06-13 02:42:40,2.0,3.67 G
2019-06-13 02:42:42,2.0,3.67 G
2019-06-13 02:42:44,3.0,3.67 G
2019-06-13 02:42:46,3.0,3.67 G
2019-06-13 02:42:48,4.0,3.67 G
2019-06-13 02:42:50,3.0,3.67 G
2019-06-13 02:42:52,3.0,3.67 G
2019-06-13 02:42:54,2.0,3.67 G
2019-06-13 02:42:56,5.0,3.67 G
2019-06-13 02:42:58,2.0,3.67 G
2019-06-13 02:43:00,2.0,3.67 G
2019-06-13 02:43:02,1.0,3.67 G
2019-06-13 02:43:04,2.0,3.67 G
2019-06-13 02:43:06,3.0,3.67 G
2019-06-13 02:43:08,2.0,3.67 G
2019-06-13 02:43:10,2.0,3.67 G
2019-06-13 02:43:12,2.0,3.67 G
2019-06-13 02:43:14,2.0,3.67 G
2019-06-13 02:43:16,3.0,3.67 G
2019-06-13 02:43:18,3.0,3.67 G
2019-06-13 02:43:20,3.0,3.67 G
2019-06-13 02:43:22,3.0,3.67 G
2019-06-13 02:43:24,2.0,3.67 G
2019-06-13 02:43:26,2.0,3.67 G
2019-06-13 02:43:28,3.0,3.67 G
2019-06-13 02:43:30,1.0,3.67 G
2019-06-13 02:43:32,1.0,3.67 G
2019-06-13 02:43:34,2.0,3.67 G
2019-06-13 02:43:36,3.0,3.67 G
2019-06-13 02:43:38,2.0,3.67 G
2019-06-13 02:43:40,2.0,3.67 G
2019-06-13 02:43:42,2.0,3.67 G
2019-06-13 02:43:44,1.0,3.67 G
2019-06-13 02:43:46,2.0,3.67 G
2019-06-13 02:43:48,2.0,3.67 G
2019-06-13 02:43:50,2.0,3.67 G
2019-06-13 02:43:52,3.0,3.67 G
2019-06-13 02:43:54,2.0,3.67 G
2019-06-13 02:43:56,2.0,3.67 G
2019-06-13 02:43:58,2.0,3.67 G
2019-06-13 02:44:00,3.0,3.67 G
2019-06-13 02:44:02,2.0,3.67 G
2019-06-13 02:44:04,2.0,3.67 G
2019-06-13 02:44:06,2.0,3.67 G
2019-06-13 02:44:08,1.0,3.67 G
2019-06-13 02:44:10,2.0,3.67 G
2019-06-13 02:44:12,3.0,3.67 G
2019-06-13 02:44:14,2.0,3.67 G
2019-06-13 02:44:16,3.0,3.67 G
2019-06-13 02:44:18,2.0,3.67 G
2019-06-13 02:44:20,1.0,3.67 G
2019-06-13 02:44:22,2.0,3.67 G
2019-06-13 02:44:24,764.6,3.77 G
2019-06-13 02:44:26,760.6,3.77 G
2019-06-13 02:44:28,765.5,3.76 G
2019-06-13 02:44:30,765.5,3.75 G
2019-06-13 02:44:32,765.5,3.75 G
2019-06-13 02:44:34,9.0,3.67 G
2019-06-13 02:44:36,2.0,3.67 G
2019-06-13 02:44:38,42.0,3.67 G
2019-06-13 02:44:40,40.0,3.67 G
2019-06-13 02:44:42,41.0,3.67 G
2019-06-13 02:44:44,43.0,3.67 G
2019-06-13 02:44:46,45.9,3.67 G
2019-06-13 02:44:48,43.0,3.67 G
2019-06-13 02:44:50,333.7,3.67 G
2019-06-13 02:44:53,751.5,3.67 G
2019-06-13 02:44:55,756.5,3.67 G
2019-06-13 02:44:57,349.6,3.67 G
2019-06-13 02:44:59,2.0,3.67 G
2019-06-13 02:45:01,1.0,3.67 G
2019-06-13 02:45:03,3.0,3.67 G
2019-06-13 02:45:05,2.0,3.67 G
2019-06-13 02:45:07,2.0,3.67 G
2019-06-13 02:45:09,3.0,3.67 G
2019-06-13 02:45:11,3.0,3.67 G
2019-06-13 02:45:13,4.0,3.67 G
2019-06-13 02:45:15,2.0,3.67 G
2019-06-13 02:45:17,3.0,3.67 G
2019-06-13 02:45:19,3.0,3.67 G
2019-06-13 02:45:21,3.0,3.67 G
2019-06-13 02:45:23,4.0,3.67 G
2019-06-13 02:45:25,3.0,3.67 G
2019-06-13 02:45:27,2.0,3.67 G
2019-06-13 02:45:29,3.0,3.67 G
2019-06-13 02:45:31,3.0,3.67 G
2019-06-13 02:45:33,3.0,3.67 G
2019-06-13 02:45:35,3.0,3.67 G
2019-06-13 02:45:37,2.0,3.67 G
2019-06-13 02:45:39,2.0,3.67 G
2019-06-13 02:45:41,3.0,3.67 G
2019-06-13 02:45:43,3.0,3.67 G
2019-06-13 02:45:45,3.0,3.67 G
2019-06-13 02:45:47,3.0,3.67 G
2019-06-13 02:45:49,4.0,3.67 G
2019-06-13 02:45:51,3.0,3.67 G
2019-06-13 02:45:53,2.0,3.67 G
2019-06-13 02:45:55,2.0,3.67 G
2019-06-13 02:45:57,2.0,3.67 G
2019-06-13 02:45:59,3.0,3.67 G
2019-06-13 02:46:01,18.0,3.68 G
2019-06-13 02:46:03,750.5,3.74 G
2019-06-13 02:46:05,756.4,3.74 G
2019-06-13 02:46:07,757.5,3.73 G
2019-06-13 02:46:09,3.0,3.67 G
2019-06-13 02:46:11,3.0,3.67 G
2019-06-13 02:46:13,3.0,3.67 G
2019-06-13 02:46:15,1.0,3.67 G
2019-06-13 02:46:17,1.0,3.67 G
2019-06-13 02:46:19,2.0,3.67 G
2019-06-13 02:46:21,2.0,3.67 G
2019-06-13 02:46:23,1.0,3.67 G
2019-06-13 02:46:25,1.0,3.67 G
2019-06-13 02:46:27,2.0,3.67 G
2019-06-13 02:46:29,2.0,3.67 G
2019-06-13 02:46:31,1.0,3.67 G
2019-06-13 02:46:33,2.0,3.67 G
2019-06-13 02:46:35,2.0,3.67 G
2019-06-13 02:46:37,1.0,3.67 G
2019-06-13 02:46:39,2.0,3.67 G
2019-06-13 02:46:41,1.0,3.67 G
2019-06-13 02:46:43,2.0,3.67 G
2019-06-13 02:46:45,2.0,3.67 G
2019-06-13 02:46:47,3.0,3.67 G
2019-06-13 02:46:49,2.0,3.67 G
2019-06-13 02:46:51,1.0,3.67 G
2019-06-13 02:46:53,1.0,3.67 G
2019-06-13 02:46:55,2.0,3.67 G
2019-06-13 02:46:57,2.0,3.67 G
2019-06-13 02:46:59,2.0,3.67 G
2019-06-13 02:47:01,1.0,3.67 G
2019-06-13 02:47:03,2.0,3.67 G
2019-06-13 02:47:05,1.0,3.67 G
2019-06-13 02:47:07,2.0,3.67 G
2019-06-13 02:47:09,2.0,3.67 G
2019-06-13 02:47:11,1.0,3.67 G
2019-06-13 02:47:13,2.0,3.67 G
2019-06-13 02:47:15,3.0,3.67 G
2019-06-13 02:47:17,2.0,3.67 G
2019-06-13 02:47:19,1.0,3.67 G
2019-06-13 02:47:21,2.0,3.67 G
2019-06-13 02:47:23,3.0,3.67 G
2019-06-13 02:47:25,2.0,3.67 G
2019-06-13 02:47:27,1.0,3.67 G
2019-06-13 02:47:29,2.0,3.67 G
2019-06-13 02:47:31,2.0,3.67 G
2019-06-13 02:47:33,2.0,3.67 G
2019-06-13 02:47:35,2.0,3.67 G
2019-06-13 02:47:37,763.5,3.67 G
2019-06-13 02:47:39,759.3,3.67 G
2019-06-13 02:47:41,730.5,3.67 G
2019-06-13 02:47:43,2.0,3.67 G
2019-06-13 02:47:45,1.0,3.67 G
2019-06-13 02:47:47,3.0,3.67 G
2019-06-13 02:47:49,2.0,3.67 G
2019-06-13 02:47:51,2.0,3.67 G
2019-06-13 02:47:53,1.0,3.67 G
2019-06-13 02:47:55,2.0,3.67 G
2019-06-13 02:47:57,2.0,3.67 G
2019-06-13 02:47:59,2.0,3.67 G
2019-06-13 02:48:01,2.0,3.67 G
2019-06-13 02:48:03,3.0,3.67 G
2019-06-13 02:48:05,3.0,3.67 G
2019-06-13 02:48:07,2.0,3.67 G
2019-06-13 02:48:09,3.0,3.67 G
2019-06-13 02:48:11,2.0,3.67 G
2019-06-13 02:48:13,2.0,3.67 G
2019-06-13 02:48:15,2.0,3.67 G
2019-06-13 02:48:17,689.3,3.68 G
2019-06-13 02:48:19,754.5,3.68 G
2019-06-13 02:48:21,757.5,3.68 G
2019-06-13 02:48:23,10.0,3.67 G
2019-06-13 02:48:25,36.0,3.67 G
2019-06-13 02:48:27,40.0,3.67 G
2019-06-13 02:48:29,40.0,3.67 G
2019-06-13 02:48:31,37.0,3.67 G
2019-06-13 02:48:33,36.0,3.67 G
2019-06-13 02:48:36,27.0,3.67 G
2019-06-13 02:48:38,2.0,3.67 G
2019-06-13 02:48:40,2.0,3.67 G
2019-06-13 02:48:42,2.0,3.67 G
2019-06-13 02:48:44,3.0,3.67 G
2019-06-13 02:48:46,3.0,3.67 G
2019-06-13 02:48:48,2.0,3.67 G
2019-06-13 02:48:50,2.0,3.67 G
2019-06-13 02:48:52,1.0,3.67 G
2019-06-13 02:48:54,2.0,3.67 G
2019-06-13 02:48:56,1.0,3.67 G
2019-06-13 02:48:58,2.0,3.67 G
2019-06-13 02:49:00,3.0,3.67 G
2019-06-13 02:49:02,3.0,3.67 G
2019-06-13 02:49:04,2.0,3.67 G
2019-06-13 02:49:06,2.0,3.67 G
2019-06-13 02:49:08,1.0,3.67 G
2019-06-13 02:49:10,1.0,3.67 G
2019-06-13 02:49:12,2.0,3.67 G
2019-06-13 02:49:14,4.0,3.67 G
2019-06-13 02:49:16,1.0,3.67 G
2019-06-13 02:49:18,2.0,3.67 G
2019-06-13 02:49:20,2.0,3.67 G
2019-06-13 02:49:22,2.0,3.67 G
2019-06-13 02:49:24,2.0,3.67 G
2019-06-13 02:49:26,2.0,3.67 G
2019-06-13 02:49:28,3.0,3.67 G
2019-06-13 02:49:30,2.0,3.67 G
2019-06-13 02:49:32,1.0,3.67 G
2019-06-13 02:49:34,2.0,3.67 G
2019-06-13 02:49:36,3.0,3.67 G
2019-06-13 02:49:38,2.0,3.67 G
2019-06-13 02:49:40,2.0,3.67 G
2019-06-13 02:49:42,2.0,3.67 G
2019-06-13 02:49:44,2.0,3.67 G
2019-06-13 02:49:46,2.0,3.67 G
2019-06-13 02:49:48,2.0,3.67 G
2019-06-13 02:49:50,3.0,3.67 G
2019-06-13 02:49:52,3.0,3.67 G
2019-06-13 02:49:54,2.0,3.67 G
2019-06-13 02:49:56,1.0,3.67 G
2019-06-13 02:49:58,1.0,3.67 G
2019-06-13 02:50:00,2.0,3.67 G
2019-06-13 02:50:02,1.0,3.67 G
2019-06-13 02:50:04,2.0,3.67 G
2019-06-13 02:50:06,2.0,3.67 G
2019-06-13 02:50:08,2.0,3.67 G
2019-06-13 02:50:10,1.0,3.67 G
2019-06-13 02:50:12,2.0,3.67 G
2019-06-13 02:50:14,2.0,3.67 G
2019-06-13 02:50:16,2.0,3.67 G
2019-06-13 02:50:18,2.0,3.67 G
2019-06-13 02:50:20,1.0,3.67 G
2019-06-13 02:50:22,2.0,3.67 G
2019-06-13 02:50:24,3.0,3.67 G
2019-06-13 02:50:26,2.0,3.67 G
2019-06-13 02:50:28,3.0,3.67 G
2019-06-13 02:50:30,2.0,3.67 G
2019-06-13 02:50:32,2.0,3.67 G
2019-06-13 02:50:34,2.0,3.67 G
2019-06-13 02:50:36,3.0,3.67 G
2019-06-13 02:50:38,2.0,3.67 G
2019-06-13 02:50:40,2.0,3.67 G
2019-06-13 02:50:42,3.0,3.67 G
2019-06-13 02:50:44,3.0,3.67 G
2019-06-13 02:50:46,3.0,3.67 G
2019-06-13 02:50:48,3.0,3.67 G
2019-06-13 02:50:50,3.0,3.67 G
2019-06-13 02:50:52,1.0,3.67 G
2019-06-13 02:50:54,3.0,3.67 G
2019-06-13 02:50:56,3.0,3.67 G
2019-06-13 02:50:58,2.0,3.67 G
2019-06-13 02:51:00,3.0,3.67 G
2019-06-13 02:51:02,3.0,3.67 G
2019-06-13 02:51:04,2.0,3.67 G
2019-06-13 02:51:06,2.0,3.67 G
2019-06-13 02:51:08,2.0,3.67 G
2019-06-13 02:51:10,2.0,3.67 G
2019-06-13 02:51:12,2.0,3.67 G
2019-06-13 02:51:14,2.0,3.67 G
2019-06-13 02:51:16,2.0,3.67 G
2019-06-13 02:51:18,2.0,3.67 G
2019-06-13 02:51:20,21.0,3.68 G
2019-06-13 02:51:22,42.0,3.68 G
2019-06-13 02:51:24,88.9,3.68 G
2019-06-13 02:51:26,38.0,3.69 G
2019-06-13 02:51:28,37.0,3.69 G
2019-06-13 02:51:30,764.5,3.69 G
2019-06-13 02:51:32,764.4,3.69 G
2019-06-13 02:51:34,765.6,3.69 G
2019-06-13 02:51:36,762.5,3.69 G
2019-06-13 02:51:38,762.6,3.69 G
2019-06-13 02:51:40,752.4,3.67 G
2019-06-13 02:51:42,3.0,3.67 G
2019-06-13 02:51:44,2.0,3.67 G
2019-06-13 02:51:46,3.0,3.67 G
2019-06-13 02:51:48,3.0,3.67 G
2019-06-13 02:51:50,2.0,3.67 G
2019-06-13 02:51:52,2.0,3.67 G
2019-06-13 02:51:54,1.0,3.67 G
2019-06-13 02:51:56,1.0,3.67 G
2019-06-13 02:51:58,2.0,3.67 G
2019-06-13 02:52:00,2.0,3.67 G
2019-06-13 02:52:02,2.0,3.67 G
2019-06-13 02:52:04,1.0,3.67 G
2019-06-13 02:52:06,2.0,3.67 G
2019-06-13 02:52:08,2.0,3.67 G
2019-06-13 02:52:10,2.0,3.67 G
2019-06-13 02:52:12,1.0,3.67 G
2019-06-13 02:52:14,107.9,3.68 G
2019-06-13 02:52:16,105.9,3.68 G
2019-06-13 02:52:18,104.9,3.68 G
2019-06-13 02:52:20,101.9,3.69 G
2019-06-13 02:52:23,101.9,3.69 G
2019-06-13 02:52:25,101.9,3.70 G
2019-06-13 02:52:27,101.9,3.70 G
2019-06-13 02:52:29,763.5,3.70 G
2019-06-13 02:52:31,754.4,3.70 G
2019-06-13 02:52:33,761.5,3.69 G
2019-06-13 02:52:35,2.0,3.67 G
2019-06-13 02:52:37,2.0,3.67 G
2019-06-13 02:52:39,2.0,3.67 G
2019-06-13 02:52:41,2.0,3.67 G
2019-06-13 02:52:43,2.0,3.67 G
2019-06-13 02:52:45,5.0,3.68 G
2019-06-13 02:52:47,3.0,3.68 G
2019-06-13 02:52:49,3.0,3.68 G
2019-06-13 02:52:51,2.0,3.68 G
2019-06-13 02:52:53,2.0,3.68 G
2019-06-13 02:52:55,2.0,3.68 G
2019-06-13 02:52:57,2.0,3.68 G
2019-06-13 02:52:59,3.0,3.68 G
2019-06-13 02:53:01,2.0,3.68 G
2019-06-13 02:53:03,2.0,3.68 G
2019-06-13 02:53:05,50.9,3.70 G
2019-06-13 02:53:07,41.0,3.71 G
2019-06-13 02:53:09,39.0,3.73 G
2019-06-13 02:53:11,55.0,3.73 G
2019-06-13 02:53:13,45.9,3.73 G
2019-06-13 02:53:15,60.9,3.73 G
2019-06-13 02:53:17,62.0,3.73 G
2019-06-13 02:53:19,765.6,3.73 G
2019-06-13 02:53:21,762.4,3.70 G
2019-06-13 02:53:23,757.2,3.69 G
2019-06-13 02:53:25,760.2,3.67 G
2019-06-13 02:53:27,765.6,3.66 G
2019-06-13 02:53:29,353.6,3.62 G
2019-06-13 02:53:31,1.0,3.62 G
2019-06-13 02:53:33,2.0,3.62 G
2019-06-13 02:53:35,37.0,3.63 G
2019-06-13 02:53:37,36.0,3.63 G
2019-06-13 02:53:39,33.0,3.63 G
2019-06-13 02:53:41,38.0,3.63 G
2019-06-13 02:53:43,36.0,3.63 G
2019-06-13 02:53:45,36.0,3.63 G
2019-06-13 02:53:47,758.4,3.63 G
2019-06-13 02:53:49,756.5,3.63 G
2019-06-13 02:53:51,758.6,3.63 G
2019-06-13 02:53:53,2.0,3.62 G
2019-06-13 02:53:55,1.0,3.62 G
2019-06-13 02:53:57,2.0,3.62 G
2019-06-13 02:53:59,1.0,3.62 G
2019-06-13 02:54:01,3.0,3.62 G
2019-06-13 02:54:03,3.0,3.62 G
2019-06-13 02:54:05,2.0,3.62 G
2019-06-13 02:54:07,2.0,3.62 G
2019-06-13 02:54:09,2.0,3.62 G
2019-06-13 02:54:11,2.0,3.62 G
2019-06-13 02:54:13,2.0,3.62 G
2019-06-13 02:54:15,3.0,3.62 G
2019-06-13 02:54:17,3.0,3.62 G
2019-06-13 02:54:19,3.0,3.62 G
2019-06-13 02:54:21,3.0,3.62 G
2019-06-13 02:54:23,3.0,3.62 G
2019-06-13 02:54:25,3.0,3.62 G
2019-06-13 02:54:27,3.0,3.62 G
2019-06-13 02:54:29,3.0,3.62 G
2019-06-13 02:54:31,2.0,3.62 G
2019-06-13 02:54:33,3.0,3.62 G
2019-06-13 02:54:35,1.0,3.62 G
2019-06-13 02:54:37,1.0,3.62 G
2019-06-13 02:54:39,1.0,3.62 G
2019-06-13 02:54:41,3.0,3.62 G
2019-06-13 02:54:43,2.0,3.62 G
2019-06-13 02:54:45,3.0,3.62 G
2019-06-13 02:54:47,3.0,3.62 G
2019-06-13 02:54:49,2.0,3.62 G
2019-06-13 02:54:51,2.0,3.62 G
2019-06-13 02:54:53,3.0,3.62 G
2019-06-13 02:54:55,3.0,3.62 G
2019-06-13 02:54:57,2.0,3.62 G
2019-06-13 02:54:59,2.0,3.62 G
2019-06-13 02:55:01,749.4,3.64 G
2019-06-13 02:55:03,757.5,3.62 G
2019-06-13 02:55:05,468.7,3.62 G
2019-06-13 02:55:07,3.0,3.62 G
2019-06-13 02:55:09,3.0,3.62 G
2019-06-13 02:55:11,2.0,3.62 G
2019-06-13 02:55:13,3.0,3.62 G
2019-06-13 02:55:15,2.0,3.62 G
2019-06-13 02:55:17,3.0,3.62 G
2019-06-13 02:55:19,2.0,3.62 G
2019-06-13 02:55:21,3.0,3.62 G
2019-06-13 02:55:23,2.0,3.62 G
2019-06-13 02:55:25,3.0,3.62 G
2019-06-13 02:55:27,2.0,3.62 G
2019-06-13 02:55:29,3.0,3.62 G
2019-06-13 02:55:31,3.0,3.62 G
2019-06-13 02:55:33,3.0,3.62 G
2019-06-13 02:55:35,3.0,3.62 G
2019-06-13 02:55:37,3.0,3.62 G
2019-06-13 02:55:39,3.0,3.62 G
2019-06-13 02:55:41,2.0,3.62 G
2019-06-13 02:55:43,2.0,3.62 G
2019-06-13 02:55:45,2.0,3.62 G
2019-06-13 02:55:47,2.0,3.62 G
2019-06-13 02:55:49,2.0,3.62 G
2019-06-13 02:55:51,3.0,3.62 G
2019-06-13 02:55:53,2.0,3.62 G
2019-06-13 02:55:55,2.0,3.62 G
2019-06-13 02:55:57,2.0,3.62 G
2019-06-13 02:55:59,2.0,3.62 G
2019-06-13 02:56:01,3.0,3.62 G
2019-06-13 02:56:04,2.0,3.62 G
2019-06-13 02:56:06,2.0,3.62 G
2019-06-13 02:56:08,3.0,3.62 G
2019-06-13 02:56:10,2.0,3.62 G
2019-06-13 02:56:12,1.0,3.62 G
2019-06-13 02:56:14,1.0,3.62 G
2019-06-13 02:56:16,1.0,3.62 G
2019-06-13 02:56:18,4.0,3.62 G
2019-06-13 02:56:20,2.0,3.62 G
2019-06-13 02:56:22,716.5,3.70 G
2019-06-13 02:56:24,762.5,3.70 G
2019-06-13 02:56:26,761.8,3.65 G
2019-06-13 02:56:28,25.0,3.60 G
2019-06-13 02:56:30,2.0,3.60 G
2019-06-13 02:56:32,2.0,3.60 G
2019-06-13 02:56:34,3.0,3.60 G
2019-06-13 02:56:36,2.0,3.60 G
2019-06-13 02:56:38,2.0,3.60 G
2019-06-13 02:56:40,3.0,3.60 G
2019-06-13 02:56:42,3.0,3.60 G
2019-06-13 02:56:44,3.0,3.60 G
2019-06-13 02:56:46,2.0,3.60 G
2019-06-13 02:56:48,2.0,3.60 G
2019-06-13 02:56:50,81.9,3.61 G
2019-06-13 02:56:52,761.6,3.61 G
2019-06-13 02:56:54,765.6,3.61 G
2019-06-13 02:56:56,390.6,3.60 G
2019-06-13 02:56:58,2.0,3.60 G
2019-06-13 02:57:00,3.0,3.60 G
2019-06-13 02:57:02,1.0,3.60 G
2019-06-13 02:57:04,3.0,3.60 G
2019-06-13 02:57:06,703.8,3.61 G
2019-06-13 02:57:08,763.5,3.61 G
2019-06-13 02:57:10,765.6,3.61 G
2019-06-13 02:57:12,4.0,3.60 G
2019-06-13 02:57:14,4.0,3.60 G
2019-06-13 02:57:16,3.0,3.60 G
2019-06-13 02:57:18,3.0,3.60 G
2019-06-13 02:57:20,2.0,3.60 G
2019-06-13 02:57:22,2.0,3.60 G
2019-06-13 02:57:24,2.0,3.60 G
2019-06-13 02:57:26,2.0,3.60 G
2019-06-13 02:57:28,3.0,3.60 G
2019-06-13 02:57:30,3.0,3.60 G
2019-06-13 02:57:32,3.0,3.60 G
2019-06-13 02:57:34,3.0,3.60 G
2019-06-13 02:57:36,2.0,3.60 G
2019-06-13 02:57:38,3.0,3.60 G
2019-06-13 02:57:40,2.0,3.60 G
2019-06-13 02:57:42,2.0,3.60 G
2019-06-13 02:57:44,2.0,3.60 G
2019-06-13 02:57:46,3.0,3.60 G
2019-06-13 02:57:48,2.0,3.60 G
2019-06-13 02:57:50,2.0,3.60 G
2019-06-13 02:57:52,3.0,3.60 G
2019-06-13 02:57:54,2.0,3.60 G
2019-06-13 02:57:56,1.0,3.60 G
2019-06-13 02:57:58,2.0,3.60 G
2019-06-13 02:58:00,2.0,3.60 G
2019-06-13 02:58:02,2.0,3.60 G
2019-06-13 02:58:04,759.5,3.64 G
2019-06-13 02:58:06,757.3,3.64 G
2019-06-13 02:58:08,755.4,3.64 G
2019-06-13 02:58:10,2.0,3.63 G
2019-06-13 02:58:12,2.0,3.63 G
2019-06-13 02:58:14,3.0,3.63 G
2019-06-13 02:58:16,3.0,3.63 G
2019-06-13 02:58:18,3.0,3.63 G
2019-06-13 02:58:20,2.0,3.63 G
2019-06-13 02:58:22,3.0,3.63 G
2019-06-13 02:58:24,2.0,3.63 G
2019-06-13 02:58:26,1.0,3.63 G
2019-06-13 02:58:28,3.0,3.63 G
2019-06-13 02:58:30,208.8,3.63 G
2019-06-13 02:58:32,758.5,3.60 G
2019-06-13 02:58:34,764.6,3.60 G
2019-06-13 02:58:36,264.7,3.60 G
2019-06-13 02:58:38,2.0,3.60 G
2019-06-13 02:58:40,3.0,3.60 G
2019-06-13 02:58:42,3.0,3.60 G
2019-06-13 02:58:44,3.0,3.60 G
2019-06-13 02:58:46,2.0,3.60 G
2019-06-13 02:58:48,2.0,3.60 G
2019-06-13 02:58:50,3.0,3.60 G
2019-06-13 02:58:52,2.0,3.60 G
2019-06-13 02:58:54,2.0,3.60 G
2019-06-13 02:58:56,1.0,3.60 G
2019-06-13 02:58:58,2.0,3.60 G
2019-06-13 02:59:00,1.0,3.60 G
2019-06-13 02:59:02,2.0,3.60 G
2019-06-13 02:59:04,2.0,3.60 G
2019-06-13 02:59:06,3.0,3.60 G
2019-06-13 02:59:08,2.0,3.60 G
2019-06-13 02:59:10,3.0,3.60 G
2019-06-13 02:59:12,2.0,3.60 G
2019-06-13 02:59:14,2.0,3.60 G
2019-06-13 02:59:16,2.0,3.60 G
2019-06-13 02:59:18,1.0,3.60 G
2019-06-13 02:59:20,1.0,3.60 G
2019-06-13 02:59:22,2.0,3.60 G
2019-06-13 02:59:24,2.0,3.60 G
2019-06-13 02:59:26,3.0,3.60 G
2019-06-13 02:59:28,3.0,3.60 G
2019-06-13 02:59:30,2.0,3.60 G
2019-06-13 02:59:32,3.0,3.60 G
2019-06-13 02:59:34,3.0,3.60 G
2019-06-13 02:59:36,2.0,3.60 G
2019-06-13 02:59:38,2.0,3.60 G
2019-06-13 02:59:40,2.0,3.60 G
2019-06-13 02:59:43,2.0,3.60 G
2019-06-13 02:59:45,3.0,3.60 G
2019-06-13 02:59:47,3.0,3.60 G
2019-06-13 02:59:49,3.0,3.60 G
2019-06-13 02:59:51,2.0,3.60 G
2019-06-13 02:59:53,3.0,3.60 G
2019-06-13 02:59:55,14.0,3.67 G
2019-06-13 02:59:57,105.0,3.78 G
2019-06-13 02:59:59,103.0,3.79 G
2019-06-13 03:00:01,104.9,3.79 G
2019-06-13 03:00:03,102.9,3.80 G
2019-06-13 03:00:05,101.9,3.80 G
2019-06-13 03:00:07,102.9,3.81 G
2019-06-13 03:00:09,101.9,3.81 G
2019-06-13 03:00:11,766.6,3.81 G
2019-06-13 03:00:13,755.5,3.81 G
2019-06-13 03:00:15,764.4,3.81 G
2019-06-13 03:00:17,2.0,3.79 G
2019-06-13 03:00:19,3.0,3.79 G
2019-06-13 03:00:21,2.0,3.79 G
2019-06-13 03:00:23,2.0,3.79 G
2019-06-13 03:00:25,2.0,3.79 G
2019-06-13 03:00:27,4.0,3.79 G
2019-06-13 03:00:29,2.0,3.79 G
2019-06-13 03:00:31,1.0,3.79 G
2019-06-13 03:00:33,3.0,3.79 G
2019-06-13 03:00:35,498.6,3.82 G
2019-06-13 03:00:37,765.5,3.82 G
2019-06-13 03:00:39,764.2,3.81 G
2019-06-13 03:00:41,763.6,3.81 G
2019-06-13 03:00:43,757.2,3.81 G
2019-06-13 03:00:45,757.5,3.81 G
2019-06-13 03:00:47,2.0,3.66 G
2019-06-13 03:00:49,3.0,3.66 G
2019-06-13 03:00:51,3.0,3.66 G
2019-06-13 03:00:53,2.0,3.66 G
2019-06-13 03:00:55,2.0,3.66 G
2019-06-13 03:00:57,3.0,3.66 G
2019-06-13 03:00:59,2.0,3.66 G
2019-06-13 03:01:01,2.0,3.66 G
2019-06-13 03:01:03,2.0,3.66 G
2019-06-13 03:01:05,3.0,3.66 G
2019-06-13 03:01:07,3.0,3.66 G
2019-06-13 03:01:09,3.0,3.66 G
2019-06-13 03:01:11,3.0,3.66 G
2019-06-13 03:01:13,3.0,3.66 G
2019-06-13 03:01:15,3.0,3.66 G
2019-06-13 03:01:17,2.0,3.66 G
2019-06-13 03:01:19,3.0,3.66 G
2019-06-13 03:01:21,2.0,3.66 G
2019-06-13 03:01:23,3.0,3.66 G
2019-06-13 03:01:25,3.0,3.66 G
2019-06-13 03:01:27,2.0,3.66 G
2019-06-13 03:01:29,3.0,3.66 G
2019-06-13 03:01:31,3.0,3.66 G
2019-06-13 03:01:33,2.0,3.66 G
2019-06-13 03:01:35,2.0,3.66 G
2019-06-13 03:01:37,2.0,3.66 G
2019-06-13 03:01:39,4.0,3.66 G
2019-06-13 03:01:41,4.0,3.66 G
2019-06-13 03:01:43,2.0,3.66 G
2019-06-13 03:01:45,3.0,3.66 G
2019-06-13 03:01:47,2.0,3.66 G
2019-06-13 03:01:49,2.0,3.66 G
2019-06-13 03:01:51,2.0,3.66 G
2019-06-13 03:01:53,2.0,3.66 G
2019-06-13 03:01:55,2.0,3.66 G
2019-06-13 03:01:57,3.0,3.66 G
2019-06-13 03:01:59,2.0,3.66 G
2019-06-13 03:02:01,103.0,3.74 G
2019-06-13 03:02:03,760.5,3.74 G
2019-06-13 03:02:05,757.4,3.74 G
2019-06-13 03:02:07,765.5,3.74 G
2019-06-13 03:02:09,764.6,3.73 G
2019-06-13 03:02:11,756.3,3.73 G
2019-06-13 03:02:13,755.6,3.73 G
2019-06-13 03:02:15,2.0,3.66 G
2019-06-13 03:02:17,3.0,3.66 G
2019-06-13 03:02:19,3.0,3.66 G
2019-06-13 03:02:21,3.0,3.66 G
2019-06-13 03:02:23,3.0,3.66 G
2019-06-13 03:02:25,2.0,3.66 G
2019-06-13 03:02:27,3.0,3.66 G
2019-06-13 03:02:29,3.0,3.66 G
2019-06-13 03:02:31,2.0,3.66 G
2019-06-13 03:02:33,2.0,3.66 G
2019-06-13 03:02:35,2.0,3.66 G
2019-06-13 03:02:37,2.0,3.66 G
2019-06-13 03:02:39,2.0,3.66 G
2019-06-13 03:02:41,3.0,3.66 G
2019-06-13 03:02:43,2.0,3.66 G
2019-06-13 03:02:45,2.0,3.66 G
2019-06-13 03:02:47,3.0,3.66 G
2019-06-13 03:02:49,3.0,3.66 G
2019-06-13 03:02:51,2.0,3.66 G
2019-06-13 03:02:53,3.0,3.66 G
2019-06-13 03:02:55,2.0,3.66 G
2019-06-13 03:02:57,2.0,3.66 G
2019-06-13 03:02:59,3.0,3.66 G
2019-06-13 03:03:01,3.0,3.66 G
2019-06-13 03:03:03,3.0,3.66 G
2019-06-13 03:03:05,2.0,3.66 G
2019-06-13 03:03:07,2.0,3.66 G
2019-06-13 03:03:09,1.0,3.66 G
2019-06-13 03:03:11,2.0,3.66 G
2019-06-13 03:03:13,2.0,3.66 G
2019-06-13 03:03:15,3.0,3.66 G
2019-06-13 03:03:17,3.0,3.66 G
2019-06-13 03:03:19,2.0,3.66 G
2019-06-13 03:03:21,3.0,3.66 G
2019-06-13 03:03:23,3.0,3.66 G
2019-06-13 03:03:25,3.0,3.66 G
2019-06-13 03:03:28,2.0,3.66 G
2019-06-13 03:03:30,4.0,3.66 G
2019-06-13 03:03:32,2.0,3.66 G
2019-06-13 03:03:34,2.0,3.66 G
2019-06-13 03:03:36,2.0,3.66 G
2019-06-13 03:03:38,2.0,3.66 G
2019-06-13 03:03:40,3.0,3.66 G
2019-06-13 03:03:42,2.0,3.66 G
2019-06-13 03:03:44,1.0,3.66 G
2019-06-13 03:03:46,1.0,3.66 G
2019-06-13 03:03:48,2.0,3.66 G
2019-06-13 03:03:50,1.0,3.66 G
2019-06-13 03:03:52,2.0,3.66 G
2019-06-13 03:03:54,3.0,3.66 G
2019-06-13 03:03:56,3.0,3.66 G
2019-06-13 03:03:58,2.0,3.66 G
2019-06-13 03:04:00,2.0,3.66 G
2019-06-13 03:04:02,2.0,3.66 G
2019-06-13 03:04:04,2.0,3.66 G
2019-06-13 03:04:06,2.0,3.66 G
2019-06-13 03:04:08,2.0,3.66 G
2019-06-13 03:04:10,2.0,3.66 G
2019-06-13 03:04:12,2.0,3.66 G
2019-06-13 03:04:14,2.0,3.66 G
2019-06-13 03:04:16,3.0,3.66 G
2019-06-13 03:04:18,3.0,3.66 G
2019-06-13 03:04:20,2.0,3.66 G
2019-06-13 03:04:22,2.0,3.66 G
2019-06-13 03:04:24,3.0,3.66 G
2019-06-13 03:04:26,3.0,3.66 G
2019-06-13 03:04:28,3.0,3.66 G
2019-06-13 03:04:30,3.0,3.66 G
2019-06-13 03:04:32,3.0,3.66 G
2019-06-13 03:04:34,2.0,3.66 G
2019-06-13 03:04:36,2.0,3.66 G
2019-06-13 03:04:38,2.0,3.66 G
2019-06-13 03:04:40,1.0,3.66 G
2019-06-13 03:04:42,2.0,3.66 G
2019-06-13 03:04:44,3.0,3.66 G
2019-06-13 03:04:46,4.0,3.66 G
2019-06-13 03:04:48,3.0,3.66 G
2019-06-13 03:04:50,2.0,3.66 G
2019-06-13 03:04:52,2.0,3.66 G
2019-06-13 03:04:54,2.0,3.66 G
2019-06-13 03:04:56,3.0,3.66 G
2019-06-13 03:04:58,2.0,3.66 G
2019-06-13 03:05:00,2.0,3.66 G
2019-06-13 03:05:02,2.0,3.66 G
2019-06-13 03:05:04,2.0,3.66 G
2019-06-13 03:05:06,2.0,3.66 G
2019-06-13 03:05:08,3.0,3.66 G
2019-06-13 03:05:10,2.0,3.66 G
2019-06-13 03:05:12,3.0,3.66 G
2019-06-13 03:05:14,3.0,3.66 G
2019-06-13 03:05:16,2.0,3.66 G
2019-06-13 03:05:18,3.0,3.66 G
2019-06-13 03:05:20,1.0,3.66 G
2019-06-13 03:05:22,2.0,3.66 G
2019-06-13 03:05:24,2.0,3.66 G
2019-06-13 03:05:26,3.0,3.66 G
2019-06-13 03:05:28,3.0,3.66 G
2019-06-13 03:05:30,3.0,3.66 G
2019-06-13 03:05:32,4.0,3.66 G
2019-06-13 03:05:34,3.0,3.66 G
2019-06-13 03:05:36,3.0,3.66 G
2019-06-13 03:05:38,3.0,3.66 G
2019-06-13 03:05:40,2.0,3.66 G
2019-06-13 03:05:42,3.0,3.66 G
2019-06-13 03:05:44,1.0,3.66 G
2019-06-13 03:05:46,3.0,3.66 G
2019-06-13 03:05:48,2.0,3.66 G
2019-06-13 03:05:50,2.0,3.66 G
2019-06-13 03:05:52,2.0,3.66 G
2019-06-13 03:05:54,3.0,3.66 G
2019-06-13 03:05:56,3.0,3.66 G
2019-06-13 03:05:58,2.0,3.66 G
2019-06-13 03:06:00,2.0,3.66 G
2019-06-13 03:06:02,2.0,3.66 G
2019-06-13 03:06:04,3.0,3.66 G
2019-06-13 03:06:06,2.0,3.66 G
2019-06-13 03:06:08,2.0,3.66 G
2019-06-13 03:06:10,2.0,3.66 G
2019-06-13 03:06:12,2.0,3.66 G
2019-06-13 03:06:14,2.0,3.66 G
2019-06-13 03:06:16,3.0,3.66 G
2019-06-13 03:06:18,2.0,3.66 G
2019-06-13 03:06:20,1.0,3.66 G
2019-06-13 03:06:22,2.0,3.66 G
2019-06-13 03:06:24,3.0,3.66 G
2019-06-13 03:06:26,2.0,3.66 G
2019-06-13 03:06:28,2.0,3.66 G
2019-06-13 03:06:30,2.0,3.66 G
2019-06-13 03:06:32,3.0,3.66 G
2019-06-13 03:06:34,2.0,3.66 G
2019-06-13 03:06:36,2.0,3.66 G
2019-06-13 03:06:38,2.0,3.66 G
2019-06-13 03:06:40,2.0,3.66 G
2019-06-13 03:06:42,2.0,3.66 G
2019-06-13 03:06:44,2.0,3.66 G
2019-06-13 03:06:46,2.0,3.66 G
2019-06-13 03:06:48,2.0,3.66 G
2019-06-13 03:06:50,3.0,3.66 G
2019-06-13 03:06:52,2.0,3.66 G
2019-06-13 03:06:54,2.0,3.66 G
2019-06-13 03:06:56,2.0,3.66 G
2019-06-13 03:06:58,3.0,3.66 G
2019-06-13 03:07:00,2.0,3.66 G
2019-06-13 03:07:02,3.0,3.66 G
2019-06-13 03:07:04,2.0,3.66 G
2019-06-13 03:07:06,1.0,3.66 G
2019-06-13 03:07:08,30.0,3.81 G
2019-06-13 03:07:10,103.9,4.09 G
2019-06-13 03:07:12,103.9,4.09 G
2019-06-13 03:07:14,532.5,4.09 G
2019-06-13 03:07:16,756.5,4.09 G
2019-06-13 03:07:18,766.7,4.09 G
2019-06-13 03:07:21,50.9,4.09 G
2019-06-13 03:07:23,3.0,4.09 G
2019-06-13 03:07:25,2.0,4.09 G
2019-06-13 03:07:27,2.0,4.09 G
2019-06-13 03:07:29,2.0,4.09 G
2019-06-13 03:07:31,3.0,4.09 G
2019-06-13 03:07:33,2.0,4.09 G
2019-06-13 03:07:35,3.0,4.09 G
2019-06-13 03:07:37,3.0,4.09 G
2019-06-13 03:07:39,1.0,4.09 G
2019-06-13 03:07:41,1.0,4.09 G
2019-06-13 03:07:43,1.0,4.09 G
2019-06-13 03:07:45,3.0,4.09 G
2019-06-13 03:07:47,2.0,4.09 G
2019-06-13 03:07:49,3.0,4.09 G
2019-06-13 03:07:51,3.0,4.09 G
2019-06-13 03:07:53,2.0,4.09 G
2019-06-13 03:07:55,2.0,4.09 G
2019-06-13 03:07:57,2.0,4.09 G
2019-06-13 03:07:59,2.0,4.09 G
2019-06-13 03:08:01,2.0,4.09 G
2019-06-13 03:08:03,2.0,4.09 G
2019-06-13 03:08:05,3.0,4.09 G
2019-06-13 03:08:07,3.0,4.09 G
2019-06-13 03:08:09,3.0,4.09 G
2019-06-13 03:08:11,2.0,4.09 G
2019-06-13 03:08:13,3.0,4.09 G
2019-06-13 03:08:15,2.0,4.09 G
2019-06-13 03:08:17,3.0,4.09 G
2019-06-13 03:08:19,3.0,4.09 G
2019-06-13 03:08:21,2.0,4.09 G
2019-06-13 03:08:23,2.0,4.09 G
2019-06-13 03:08:25,3.0,4.09 G
2019-06-13 03:08:27,2.0,4.09 G
2019-06-13 03:08:29,3.0,4.09 G
2019-06-13 03:08:31,2.0,4.09 G
2019-06-13 03:08:33,1.0,4.09 G
2019-06-13 03:08:35,2.0,4.09 G
2019-06-13 03:08:37,2.0,4.09 G
2019-06-13 03:08:39,2.0,4.09 G
2019-06-13 03:08:41,2.0,4.09 G
2019-06-13 03:08:43,4.0,4.09 G
2019-06-13 03:08:45,2.0,4.09 G
2019-06-13 03:08:47,3.0,4.09 G
2019-06-13 03:08:49,3.0,4.09 G
2019-06-13 03:08:51,3.0,4.09 G
2019-06-13 03:08:53,2.0,4.09 G
2019-06-13 03:08:55,3.0,4.09 G
2019-06-13 03:08:57,2.0,4.09 G
2019-06-13 03:08:59,4.0,4.09 G
2019-06-13 03:09:01,2.0,4.09 G
2019-06-13 03:09:03,2.0,4.09 G
2019-06-13 03:09:05,2.0,4.09 G
2019-06-13 03:09:07,50.0,4.18 G
2019-06-13 03:09:09,763.5,4.16 G
2019-06-13 03:09:11,763.5,4.16 G
2019-06-13 03:09:13,764.5,4.15 G
2019-06-13 03:09:15,763.2,4.15 G
2019-06-13 03:09:17,764.6,4.15 G
2019-06-13 03:09:19,4.0,3.66 G
2019-06-13 03:09:21,2.0,3.66 G
2019-06-13 03:09:23,3.0,3.66 G
2019-06-13 03:09:25,3.0,3.66 G
2019-06-13 03:09:27,2.0,3.66 G
2019-06-13 03:09:29,2.0,3.66 G
2019-06-13 03:09:31,2.0,3.66 G
2019-06-13 03:09:33,3.0,3.66 G
2019-06-13 03:09:35,3.0,3.66 G
2019-06-13 03:09:37,264.9,3.69 G
2019-06-13 03:09:39,758.3,3.69 G
2019-06-13 03:09:41,765.4,3.69 G
2019-06-13 03:09:43,766.6,3.68 G
2019-06-13 03:09:45,762.9,3.68 G
2019-06-13 03:09:47,755.4,3.68 G
2019-06-13 03:09:49,6.0,3.66 G
2019-06-13 03:09:51,3.0,3.66 G
2019-06-13 03:09:53,2.0,3.66 G
2019-06-13 03:09:55,2.0,3.66 G
2019-06-13 03:09:57,2.0,3.66 G
2019-06-13 03:09:59,2.0,3.66 G
2019-06-13 03:10:01,3.0,3.66 G
2019-06-13 03:10:03,3.0,3.66 G
2019-06-13 03:10:05,3.0,3.66 G
2019-06-13 03:10:07,2.0,3.66 G
2019-06-13 03:10:09,3.0,3.66 G
2019-06-13 03:10:11,3.0,3.66 G
2019-06-13 03:10:13,3.0,3.66 G
2019-06-13 03:10:15,3.0,3.66 G
2019-06-13 03:10:17,2.0,3.66 G
2019-06-13 03:10:19,2.0,3.66 G
2019-06-13 03:10:21,2.0,3.66 G
2019-06-13 03:10:23,2.0,3.66 G
2019-06-13 03:10:25,3.0,3.66 G
2019-06-13 03:10:27,3.0,3.66 G
2019-06-13 03:10:29,3.0,3.66 G
2019-06-13 03:10:31,2.0,3.66 G
2019-06-13 03:10:33,3.0,3.66 G
2019-06-13 03:10:35,2.0,3.66 G
2019-06-13 03:10:37,3.0,3.66 G
2019-06-13 03:10:39,3.0,3.66 G
2019-06-13 03:10:41,3.0,3.66 G
2019-06-13 03:10:43,2.0,3.66 G
2019-06-13 03:10:45,3.0,3.66 G
2019-06-13 03:10:47,2.0,3.66 G
2019-06-13 03:10:49,2.0,3.66 G
2019-06-13 03:10:51,2.0,3.66 G
2019-06-13 03:10:53,2.0,3.66 G
2019-06-13 03:10:55,3.0,3.66 G
2019-06-13 03:10:57,3.0,3.66 G
2019-06-13 03:10:59,2.0,3.66 G
2019-06-13 03:11:01,2.0,3.66 G
2019-06-13 03:11:03,2.0,3.66 G
2019-06-13 03:11:06,2.0,3.66 G
2019-06-13 03:11:08,1.0,3.66 G
2019-06-13 03:11:10,4.0,3.66 G
2019-06-13 03:11:12,3.0,3.66 G
2019-06-13 03:11:14,3.0,3.66 G
2019-06-13 03:11:16,2.0,3.66 G
2019-06-13 03:11:18,3.0,3.66 G
2019-06-13 03:11:20,4.0,3.66 G
2019-06-13 03:11:22,2.0,3.66 G
2019-06-13 03:11:24,3.0,3.66 G
2019-06-13 03:11:26,2.0,3.66 G
2019-06-13 03:11:28,2.0,3.66 G
2019-06-13 03:11:30,1.0,3.66 G
2019-06-13 03:11:32,2.0,3.66 G
2019-06-13 03:11:34,2.0,3.66 G
2019-06-13 03:11:36,3.0,3.66 G
2019-06-13 03:11:38,3.0,3.66 G
2019-06-13 03:11:40,2.0,3.66 G
2019-06-13 03:11:42,3.0,3.66 G
2019-06-13 03:11:44,2.0,3.66 G
2019-06-13 03:11:46,2.0,3.66 G
2019-06-13 03:11:48,3.0,3.66 G
2019-06-13 03:11:50,3.0,3.66 G
2019-06-13 03:11:52,4.0,3.66 G
2019-06-13 03:11:54,3.0,3.66 G
2019-06-13 03:11:56,2.0,3.66 G
2019-06-13 03:11:58,2.0,3.66 G
2019-06-13 03:12:00,1.0,3.66 G
2019-06-13 03:12:02,2.0,3.66 G
2019-06-13 03:12:04,2.0,3.66 G
2019-06-13 03:12:06,2.0,3.66 G
2019-06-13 03:12:08,2.0,3.66 G
2019-06-13 03:12:10,3.0,3.66 G
2019-06-13 03:12:12,3.0,3.66 G
2019-06-13 03:12:14,1.0,3.66 G
2019-06-13 03:12:16,2.0,3.66 G
2019-06-13 03:12:18,2.0,3.66 G
2019-06-13 03:12:20,3.0,3.66 G
2019-06-13 03:12:22,2.0,3.66 G
2019-06-13 03:12:24,2.0,3.66 G
2019-06-13 03:12:26,3.0,3.66 G
2019-06-13 03:12:28,2.0,3.66 G
2019-06-13 03:12:30,1.0,3.66 G
2019-06-13 03:12:32,1.0,3.66 G
2019-06-13 03:12:34,1.0,3.66 G
2019-06-13 03:12:36,2.0,3.66 G
2019-06-13 03:12:38,1.0,3.66 G
2019-06-13 03:12:40,1.0,3.66 G
2019-06-13 03:12:42,2.0,3.66 G
2019-06-13 03:12:44,3.0,3.66 G
2019-06-13 03:12:46,2.0,3.66 G
2019-06-13 03:12:48,2.0,3.66 G
2019-06-13 03:12:50,3.0,3.66 G
2019-06-13 03:12:52,2.0,3.66 G
2019-06-13 03:12:54,3.0,3.66 G
2019-06-13 03:12:56,2.0,3.66 G
2019-06-13 03:12:58,3.0,3.66 G
2019-06-13 03:13:00,3.0,3.66 G
2019-06-13 03:13:02,2.0,3.66 G
2019-06-13 03:13:04,3.0,3.66 G
2019-06-13 03:13:06,2.0,3.66 G
2019-06-13 03:13:08,2.0,3.66 G
2019-06-13 03:13:10,3.0,3.66 G
2019-06-13 03:13:12,2.0,3.66 G
2019-06-13 03:13:14,3.0,3.66 G
2019-06-13 03:13:16,2.0,3.66 G
2019-06-13 03:13:18,3.0,3.66 G
2019-06-13 03:13:20,3.0,3.66 G
2019-06-13 03:13:22,3.0,3.66 G
2019-06-13 03:13:24,3.0,3.66 G
2019-06-13 03:13:26,3.0,3.66 G
2019-06-13 03:13:28,2.0,3.66 G
2019-06-13 03:13:30,3.0,3.66 G
2019-06-13 03:13:32,2.0,3.66 G
2019-06-13 03:13:34,2.0,3.66 G
2019-06-13 03:13:36,3.0,3.66 G
2019-06-13 03:13:38,3.0,3.66 G
2019-06-13 03:13:40,2.0,3.66 G
2019-06-13 03:13:42,2.0,3.66 G
2019-06-13 03:13:44,2.0,3.66 G
2019-06-13 03:13:46,2.0,3.66 G
2019-06-13 03:13:48,2.0,3.66 G
2019-06-13 03:13:50,3.0,3.66 G
2019-06-13 03:13:52,2.0,3.66 G
2019-06-13 03:13:54,2.0,3.66 G
2019-06-13 03:13:56,3.0,3.66 G
2019-06-13 03:13:58,2.0,3.66 G
2019-06-13 03:14:00,2.0,3.66 G
2019-06-13 03:14:02,3.0,3.66 G
2019-06-13 03:14:04,2.0,3.66 G
2019-06-13 03:14:06,2.0,3.66 G
2019-06-13 03:14:08,3.0,3.66 G
2019-06-13 03:14:10,3.0,3.66 G
2019-06-13 03:14:12,3.0,3.66 G
2019-06-13 03:14:14,3.0,3.66 G
2019-06-13 03:14:16,3.0,3.66 G
2019-06-13 03:14:18,2.0,3.66 G
2019-06-13 03:14:20,2.0,3.66 G
2019-06-13 03:14:22,2.0,3.66 G
2019-06-13 03:14:24,2.0,3.66 G
2019-06-13 03:14:26,3.0,3.66 G
2019-06-13 03:14:28,2.0,3.66 G
2019-06-13 03:14:30,2.0,3.66 G
2019-06-13 03:14:32,2.0,3.66 G
2019-06-13 03:14:34,3.0,3.66 G
2019-06-13 03:14:36,3.0,3.66 G
2019-06-13 03:14:38,2.0,3.66 G
2019-06-13 03:14:40,757.5,3.85 G
2019-06-13 03:14:42,728.7,3.83 G
2019-06-13 03:14:44,762.5,3.83 G
2019-06-13 03:14:46,763.6,3.83 G
2019-06-13 03:14:48,764.7,3.83 G
2019-06-13 03:14:50,97.9,3.66 G
2019-06-13 03:14:52,3.0,3.66 G
2019-06-13 03:14:54,2.0,3.66 G
2019-06-13 03:14:57,2.0,3.66 G
2019-06-13 03:14:59,2.0,3.66 G
2019-06-13 03:15:01,3.0,3.66 G
2019-06-13 03:15:03,2.0,3.66 G
2019-06-13 03:15:05,3.0,3.66 G
2019-06-13 03:15:07,3.0,3.66 G
2019-06-13 03:15:09,1.0,3.66 G
2019-06-13 03:15:11,2.0,3.66 G
2019-06-13 03:15:13,1.0,3.66 G
2019-06-13 03:15:15,2.0,3.66 G
2019-06-13 03:15:17,2.0,3.66 G
2019-06-13 03:15:19,3.0,3.66 G
2019-06-13 03:15:21,2.0,3.66 G
2019-06-13 03:15:23,2.0,3.66 G
2019-06-13 03:15:25,2.0,3.66 G
2019-06-13 03:15:27,2.0,3.66 G
2019-06-13 03:15:29,3.0,3.66 G
2019-06-13 03:15:31,2.0,3.66 G
2019-06-13 03:15:33,1.0,3.66 G
2019-06-13 03:15:35,1.0,3.66 G
2019-06-13 03:15:37,3.0,3.66 G
2019-06-13 03:15:39,2.0,3.66 G
2019-06-13 03:15:41,2.0,3.66 G
2019-06-13 03:15:43,3.0,3.66 G
2019-06-13 03:15:45,2.0,3.66 G
2019-06-13 03:15:47,2.0,3.66 G
2019-06-13 03:15:49,2.0,3.66 G
2019-06-13 03:15:51,2.0,3.66 G
2019-06-13 03:15:53,2.0,3.66 G
2019-06-13 03:15:55,3.0,3.66 G
2019-06-13 03:15:57,4.0,3.66 G
2019-06-13 03:15:59,2.0,3.66 G
2019-06-13 03:16:01,3.0,3.66 G
2019-06-13 03:16:03,2.0,3.66 G
2019-06-13 03:16:05,3.0,3.66 G
2019-06-13 03:16:07,2.0,3.66 G
2019-06-13 03:16:09,2.0,3.66 G
2019-06-13 03:16:11,2.0,3.66 G
2019-06-13 03:16:13,2.0,3.66 G
2019-06-13 03:16:15,3.0,3.66 G
2019-06-13 03:16:17,3.0,3.66 G
2019-06-13 03:16:19,3.0,3.66 G
2019-06-13 03:16:21,2.0,3.66 G
2019-06-13 03:16:23,2.0,3.66 G
2019-06-13 03:16:25,3.0,3.66 G
2019-06-13 03:16:27,2.0,3.66 G
2019-06-13 03:16:29,2.0,3.66 G
2019-06-13 03:16:31,2.0,3.66 G
2019-06-13 03:16:33,2.0,3.66 G
2019-06-13 03:16:35,3.0,3.66 G
2019-06-13 03:16:37,3.0,3.66 G
2019-06-13 03:16:39,2.0,3.66 G
2019-06-13 03:16:41,2.0,3.66 G
2019-06-13 03:16:43,3.0,3.66 G
2019-06-13 03:16:45,2.0,3.66 G
2019-06-13 03:16:47,2.0,3.66 G
2019-06-13 03:16:49,2.0,3.66 G
2019-06-13 03:16:51,2.0,3.66 G
2019-06-13 03:16:53,3.0,3.66 G
2019-06-13 03:16:55,2.0,3.66 G
2019-06-13 03:16:57,2.0,3.66 G
2019-06-13 03:16:59,2.0,3.66 G
2019-06-13 03:17:01,6.0,3.66 G
2019-06-13 03:17:03,2.0,3.66 G
2019-06-13 03:17:05,1.0,3.66 G
2019-06-13 03:17:07,3.0,3.66 G
2019-06-13 03:17:09,2.0,3.66 G
2019-06-13 03:17:11,3.0,3.66 G
2019-06-13 03:17:13,3.0,3.66 G
2019-06-13 03:17:15,3.0,3.66 G
2019-06-13 03:17:17,2.0,3.66 G
2019-06-13 03:17:19,2.0,3.66 G
2019-06-13 03:17:21,2.0,3.66 G
2019-06-13 03:17:23,2.0,3.66 G
2019-06-13 03:17:25,1.0,3.66 G
2019-06-13 03:17:27,1.0,3.66 G
2019-06-13 03:17:29,2.0,3.66 G
2019-06-13 03:17:31,3.0,3.66 G
2019-06-13 03:17:33,101.9,3.93 G
2019-06-13 03:17:35,759.5,3.94 G
2019-06-13 03:17:37,755.3,3.94 G
2019-06-13 03:17:39,757.5,3.94 G
2019-06-13 03:17:41,756.2,3.91 G
2019-06-13 03:17:43,763.5,3.91 G
2019-06-13 03:17:45,263.8,3.67 G
2019-06-13 03:17:47,4.0,3.67 G
2019-06-13 03:17:49,3.0,3.67 G
2019-06-13 03:17:51,11.0,3.68 G
2019-06-13 03:17:53,766.6,3.68 G
2019-06-13 03:17:55,763.6,3.68 G
2019-06-13 03:17:57,353.7,3.67 G
2019-06-13 03:17:59,2.0,3.67 G
2019-06-13 03:18:01,2.0,3.67 G
2019-06-13 03:18:03,3.0,3.67 G
2019-06-13 03:18:05,4.0,3.67 G
2019-06-13 03:18:07,692.2,3.68 G
2019-06-13 03:18:09,765.4,3.68 G
2019-06-13 03:18:11,764.6,3.67 G
2019-06-13 03:18:13,11.0,3.66 G
2019-06-13 03:18:15,2.0,3.66 G
2019-06-13 03:18:17,3.0,3.66 G
2019-06-13 03:18:19,2.0,3.66 G
2019-06-13 03:18:21,3.0,3.66 G
2019-06-13 03:18:23,3.0,3.66 G
2019-06-13 03:18:25,2.0,3.66 G
2019-06-13 03:18:27,3.0,3.66 G
2019-06-13 03:18:29,3.0,3.66 G
2019-06-13 03:18:31,3.0,3.66 G
2019-06-13 03:18:33,3.0,3.66 G
2019-06-13 03:18:35,2.0,3.66 G
2019-06-13 03:18:38,3.0,3.66 G
2019-06-13 03:18:40,2.0,3.66 G
2019-06-13 03:18:42,3.0,3.66 G
2019-06-13 03:18:44,3.0,3.66 G
2019-06-13 03:18:46,2.0,3.66 G
2019-06-13 03:18:48,3.0,3.66 G
2019-06-13 03:18:50,3.0,3.66 G
2019-06-13 03:18:52,760.2,3.66 G
2019-06-13 03:18:54,763.5,3.66 G
2019-06-13 03:18:56,763.5,3.66 G
2019-06-13 03:18:58,3.0,3.66 G
2019-06-13 03:19:00,2.0,3.66 G
2019-06-13 03:19:02,2.0,3.66 G
2019-06-13 03:19:04,3.0,3.66 G
2019-06-13 03:19:06,3.0,3.66 G
2019-06-13 03:19:08,3.0,3.66 G
2019-06-13 03:19:10,3.0,3.66 G
2019-06-13 03:19:12,3.0,3.66 G
2019-06-13 03:19:14,2.0,3.66 G
2019-06-13 03:19:16,3.0,3.66 G
2019-06-13 03:19:18,3.0,3.66 G
2019-06-13 03:19:20,3.0,3.66 G
2019-06-13 03:19:22,2.0,3.66 G
2019-06-13 03:19:24,3.0,3.66 G
2019-06-13 03:19:26,10.0,3.66 G
2019-06-13 03:19:28,40.0,3.68 G
2019-06-13 03:19:30,26.0,3.69 G
2019-06-13 03:19:32,42.0,3.70 G
2019-06-13 03:19:34,40.0,3.70 G
2019-06-13 03:19:36,38.0,3.71 G
2019-06-13 03:19:38,37.0,3.71 G
2019-06-13 03:19:40,36.0,3.71 G
2019-06-13 03:19:42,40.0,3.71 G
2019-06-13 03:19:44,37.0,3.71 G
2019-06-13 03:19:46,37.0,3.71 G
2019-06-13 03:19:48,38.0,3.71 G
2019-06-13 03:19:50,37.0,3.71 G
2019-06-13 03:19:52,36.0,3.72 G
2019-06-13 03:19:54,37.0,3.72 G
2019-06-13 03:19:56,73.9,3.73 G
2019-06-13 03:19:58,37.0,3.73 G
2019-06-13 03:20:00,36.0,3.73 G
2019-06-13 03:20:02,42.0,3.73 G
2019-06-13 03:20:04,42.0,3.73 G
2019-06-13 03:20:06,41.0,3.73 G
2019-06-13 03:20:08,42.0,3.73 G
2019-06-13 03:20:10,41.0,3.73 G
2019-06-13 03:20:12,42.0,3.73 G
2019-06-13 03:20:14,43.0,3.73 G
2019-06-13 03:20:16,44.9,3.73 G
2019-06-13 03:20:18,45.9,3.73 G
2019-06-13 03:20:20,42.0,3.73 G
2019-06-13 03:20:22,89.9,3.73 G
2019-06-13 03:20:24,40.0,3.73 G
2019-06-13 03:20:26,42.0,3.73 G
2019-06-13 03:20:28,44.9,3.73 G
2019-06-13 03:20:30,42.0,3.73 G
2019-06-13 03:20:32,42.0,3.73 G
2019-06-13 03:20:34,80.0,3.73 G
2019-06-13 03:20:36,42.0,3.73 G
2019-06-13 03:20:38,42.9,3.73 G
2019-06-13 03:20:40,42.0,3.73 G
2019-06-13 03:20:42,43.0,3.73 G
2019-06-13 03:20:44,42.0,3.73 G
2019-06-13 03:20:46,45.9,3.73 G
2019-06-13 03:20:48,43.9,3.73 G
2019-06-13 03:20:50,43.0,3.73 G
2019-06-13 03:20:52,42.0,3.73 G
2019-06-13 03:20:54,42.0,3.73 G
2019-06-13 03:20:56,42.0,3.73 G
2019-06-13 03:20:58,105.0,3.73 G
2019-06-13 03:21:00,45.0,3.73 G
2019-06-13 03:21:02,44.9,3.73 G
2019-06-13 03:21:04,42.0,3.73 G
2019-06-13 03:21:06,42.0,3.73 G
2019-06-13 03:21:08,41.0,3.73 G
2019-06-13 03:21:10,104.9,3.73 G
2019-06-13 03:21:12,38.0,3.73 G
2019-06-13 03:21:14,37.0,3.73 G
2019-06-13 03:21:16,44.0,3.73 G
2019-06-13 03:21:18,43.9,3.73 G
2019-06-13 03:21:20,45.9,3.73 G
2019-06-13 03:21:22,32.0,3.73 G
2019-06-13 03:21:24,39.0,3.73 G
2019-06-13 03:21:26,43.0,3.73 G
2019-06-13 03:21:28,43.0,3.73 G
2019-06-13 03:21:30,43.0,3.73 G
2019-06-13 03:21:32,102.9,3.73 G
2019-06-13 03:21:34,45.9,3.73 G
2019-06-13 03:21:36,44.0,3.73 G
2019-06-13 03:21:38,44.9,3.73 G
2019-06-13 03:21:40,43.0,3.73 G
2019-06-13 03:21:42,43.0,3.73 G
2019-06-13 03:21:44,44.0,3.73 G
2019-06-13 03:21:46,43.9,3.73 G
2019-06-13 03:21:48,41.9,3.73 G
2019-06-13 03:21:50,41.0,3.73 G
2019-06-13 03:21:52,42.0,3.73 G
2019-06-13 03:21:54,102.9,3.73 G
2019-06-13 03:21:56,43.0,3.73 G
2019-06-13 03:21:58,46.0,3.73 G
2019-06-13 03:22:00,36.0,3.73 G
2019-06-13 03:22:02,45.9,3.73 G
2019-06-13 03:22:04,47.9,3.73 G
2019-06-13 03:22:06,42.9,3.73 G
2019-06-13 03:22:08,41.0,3.73 G
2019-06-13 03:22:10,40.0,3.73 G
2019-06-13 03:22:12,41.0,3.73 G
2019-06-13 03:22:14,42.0,3.73 G
2019-06-13 03:22:16,101.9,3.73 G
2019-06-13 03:22:18,44.9,3.73 G
2019-06-13 03:22:20,41.0,3.73 G
2019-06-13 03:22:22,47.0,3.73 G
2019-06-13 03:22:24,42.0,3.73 G
2019-06-13 03:22:26,44.0,3.73 G
2019-06-13 03:22:28,40.0,3.73 G
2019-06-13 03:22:31,40.0,3.73 G
2019-06-13 03:22:33,40.0,3.73 G
2019-06-13 03:22:35,41.0,3.73 G
2019-06-13 03:22:37,769.5,3.72 G
2019-06-13 03:22:39,738.9,3.72 G
2019-06-13 03:22:41,762.4,3.70 G
2019-06-13 03:22:43,767.5,3.67 G
2019-06-13 03:22:45,760.5,3.60 G
2019-06-13 03:22:47,14.0,3.52 G
2019-06-13 03:22:49,2.0,3.52 G
2019-06-13 03:22:51,580.5,3.48 G
2019-06-13 03:22:53,753.5,3.37 G
2019-06-13 03:22:55,751.6,3.30 G
2019-06-13 03:22:57,3.0,3.30 G
2019-06-13 03:22:59,3.0,3.30 G
2019-06-13 03:23:01,3.0,3.30 G
2019-06-13 03:23:03,2.0,3.30 G
2019-06-13 03:23:05,4.0,3.30 G
2019-06-13 03:23:07,2.0,3.30 G
2019-06-13 03:23:09,2.0,3.30 G
2019-06-13 03:23:11,2.0,3.30 G
2019-06-13 03:23:13,4.0,3.30 G
2019-06-13 03:23:15,3.0,3.30 G
2019-06-13 03:23:17,2.0,3.30 G
2019-06-13 03:23:19,3.0,3.30 G
2019-06-13 03:23:21,2.0,3.30 G
2019-06-13 03:23:23,3.0,3.30 G
2019-06-13 03:23:25,4.0,3.30 G
2019-06-13 03:23:27,4.0,3.30 G
2019-06-13 03:23:29,3.0,3.30 G
2019-06-13 03:23:31,3.0,3.30 G
2019-06-13 03:23:33,3.0,3.30 G
2019-06-13 03:23:35,1.0,3.30 G
2019-06-13 03:23:37,2.0,3.30 G
2019-06-13 03:23:39,3.0,3.30 G
2019-06-13 03:23:41,2.0,3.30 G
2019-06-13 03:23:43,3.0,3.30 G
2019-06-13 03:23:45,3.0,3.30 G
2019-06-13 03:23:47,2.0,3.30 G
2019-06-13 03:23:49,2.0,3.30 G
2019-06-13 03:23:51,3.0,3.30 G
2019-06-13 03:23:53,3.0,3.30 G
2019-06-13 03:23:55,1.0,3.30 G
2019-06-13 03:23:57,3.0,3.30 G
2019-06-13 03:23:59,3.0,3.30 G
2019-06-13 03:24:01,3.0,3.30 G
2019-06-13 03:24:03,1.0,3.30 G
2019-06-13 03:24:05,754.5,3.27 G
2019-06-13 03:24:07,755.5,3.23 G
2019-06-13 03:24:09,395.7,3.21 G
2019-06-13 03:24:11,2.0,3.21 G
2019-06-13 03:24:13,3.0,3.21 G
2019-06-13 03:24:15,2.0,3.21 G
2019-06-13 03:24:17,2.0,3.21 G
2019-06-13 03:24:19,3.0,3.21 G
2019-06-13 03:24:21,3.0,3.21 G
2019-06-13 03:24:23,3.0,3.21 G
2019-06-13 03:24:25,2.0,3.21 G
2019-06-13 03:24:27,2.0,3.21 G
2019-06-13 03:24:29,3.0,3.21 G
2019-06-13 03:24:31,2.0,3.21 G
2019-06-13 03:24:33,2.0,3.21 G
2019-06-13 03:24:35,3.0,3.21 G
2019-06-13 03:24:37,3.0,3.21 G
2019-06-13 03:24:39,3.0,3.21 G
2019-06-13 03:24:41,3.0,3.21 G
2019-06-13 03:24:43,2.0,3.21 G
2019-06-13 03:24:45,2.0,3.21 G
2019-06-13 03:24:47,3.0,3.21 G
2019-06-13 03:24:49,3.0,3.21 G
2019-06-13 03:24:51,2.0,3.21 G
2019-06-13 03:24:53,3.0,3.21 G
2019-06-13 03:24:55,2.0,3.21 G
2019-06-13 03:24:57,3.0,3.21 G
2019-06-13 03:24:59,3.0,3.21 G
2019-06-13 03:25:01,3.0,3.21 G
2019-06-13 03:25:03,3.0,3.21 G
2019-06-13 03:25:05,2.0,3.21 G
2019-06-13 03:25:07,3.0,3.21 G
2019-06-13 03:25:09,2.0,3.21 G
2019-06-13 03:25:11,2.0,3.21 G
2019-06-13 03:25:13,2.0,3.21 G
2019-06-13 03:25:15,2.0,3.21 G
2019-06-13 03:25:17,2.0,3.21 G
2019-06-13 03:25:19,2.0,3.21 G
2019-06-13 03:25:21,4.0,3.21 G
2019-06-13 03:25:23,3.0,3.21 G
2019-06-13 03:25:25,3.0,3.21 G
2019-06-13 03:25:27,3.0,3.21 G
2019-06-13 03:25:29,3.0,3.21 G
2019-06-13 03:25:31,2.0,3.21 G
2019-06-13 03:25:33,3.0,3.21 G
2019-06-13 03:25:35,1.0,3.21 G
2019-06-13 03:25:37,1.0,3.21 G
2019-06-13 03:25:39,1.0,3.21 G
2019-06-13 03:25:41,1.0,3.21 G
2019-06-13 03:25:43,3.0,3.21 G
2019-06-13 03:25:45,3.0,3.21 G
2019-06-13 03:25:47,2.0,3.21 G
2019-06-13 03:25:49,3.0,3.21 G
2019-06-13 03:25:51,2.0,3.21 G
2019-06-13 03:25:53,1.0,3.21 G
2019-06-13 03:25:55,1.0,3.21 G
2019-06-13 03:25:57,2.0,3.21 G
2019-06-13 03:25:59,3.0,3.21 G
2019-06-13 03:26:01,1.0,3.21 G
2019-06-13 03:26:03,3.0,3.21 G
2019-06-13 03:26:05,2.0,3.21 G
2019-06-13 03:26:07,2.0,3.21 G
2019-06-13 03:26:09,2.0,3.21 G
2019-06-13 03:26:11,2.0,3.21 G
2019-06-13 03:26:13,1.0,3.21 G
2019-06-13 03:26:16,2.0,3.21 G
2019-06-13 03:26:18,2.0,3.21 G
2019-06-13 03:26:20,2.0,3.21 G
2019-06-13 03:26:22,3.0,3.21 G
2019-06-13 03:26:24,2.0,3.21 G
2019-06-13 03:26:26,2.0,3.21 G
2019-06-13 03:26:28,2.0,3.21 G
2019-06-13 03:26:30,2.0,3.21 G
2019-06-13 03:26:32,3.0,3.21 G
2019-06-13 03:26:34,2.0,3.21 G
2019-06-13 03:26:36,3.0,3.21 G
2019-06-13 03:26:38,2.0,3.21 G
2019-06-13 03:26:40,3.0,3.21 G
2019-06-13 03:26:42,3.0,3.21 G
2019-06-13 03:26:44,2.0,3.21 G
2019-06-13 03:26:46,1.0,3.21 G
2019-06-13 03:26:48,3.0,3.21 G
2019-06-13 03:26:50,2.0,3.21 G
2019-06-13 03:26:52,717.3,3.22 G
2019-06-13 03:26:54,755.5,3.20 G
2019-06-13 03:26:56,745.5,3.19 G
2019-06-13 03:26:58,3.0,3.18 G
2019-06-13 03:27:00,749.6,3.18 G
2019-06-13 03:27:02,763.4,3.17 G
2019-06-13 03:27:04,765.5,3.16 G
2019-06-13 03:27:06,2.0,3.15 G
2019-06-13 03:27:08,2.0,3.15 G
2019-06-13 03:27:10,3.0,3.15 G
2019-06-13 03:27:12,2.0,3.15 G
2019-06-13 03:27:14,211.8,3.16 G
2019-06-13 03:27:16,757.4,3.16 G
2019-06-13 03:27:18,757.5,3.16 G
2019-06-13 03:27:20,4.0,3.15 G
2019-06-13 03:27:22,4.0,3.15 G
2019-06-13 03:27:24,3.0,3.15 G
2019-06-13 03:27:26,2.0,3.15 G
2019-06-13 03:27:28,3.0,3.15 G
2019-06-13 03:27:30,4.0,3.15 G
2019-06-13 03:27:32,1.0,3.15 G
2019-06-13 03:27:34,2.0,3.15 G
2019-06-13 03:27:36,2.0,3.15 G
2019-06-13 03:27:38,5.0,3.15 G
2019-06-13 03:27:40,2.0,3.15 G
2019-06-13 03:27:42,2.0,3.15 G
2019-06-13 03:27:44,3.0,3.15 G
2019-06-13 03:27:46,3.0,3.15 G
2019-06-13 03:27:48,3.0,3.15 G
2019-06-13 03:27:50,2.0,3.15 G
2019-06-13 03:27:52,3.0,3.15 G
2019-06-13 03:27:54,2.0,3.15 G
2019-06-13 03:27:56,1.0,3.15 G
2019-06-13 03:27:58,2.0,3.15 G
2019-06-13 03:28:00,2.0,3.15 G
2019-06-13 03:28:02,1.0,3.15 G
2019-06-13 03:28:04,1.0,3.15 G
2019-06-13 03:28:06,2.0,3.15 G
2019-06-13 03:28:08,2.0,3.15 G
2019-06-13 03:28:10,2.0,3.15 G
2019-06-13 03:28:12,2.0,3.15 G
2019-06-13 03:28:14,1.0,3.15 G
2019-06-13 03:28:16,2.0,3.15 G
2019-06-13 03:28:18,3.0,3.15 G
2019-06-13 03:28:20,2.0,3.15 G
2019-06-13 03:28:22,2.0,3.15 G
2019-06-13 03:28:24,2.0,3.15 G
2019-06-13 03:28:26,2.0,3.15 G
2019-06-13 03:28:28,2.0,3.15 G
2019-06-13 03:28:30,1.0,3.15 G
2019-06-13 03:28:32,3.0,3.15 G
2019-06-13 03:28:34,2.0,3.15 G
2019-06-13 03:28:36,2.0,3.15 G
2019-06-13 03:28:38,2.0,3.15 G
2019-06-13 03:28:40,2.0,3.15 G
2019-06-13 03:28:42,2.0,3.15 G
2019-06-13 03:28:44,3.0,3.15 G
2019-06-13 03:28:46,3.0,3.15 G
2019-06-13 03:28:48,3.0,3.15 G
2019-06-13 03:28:50,3.0,3.15 G
2019-06-13 03:28:52,2.0,3.15 G
2019-06-13 03:28:54,2.0,3.15 G
2019-06-13 03:28:56,2.0,3.15 G
2019-06-13 03:28:58,2.0,3.15 G
2019-06-13 03:29:00,2.0,3.15 G
2019-06-13 03:29:02,3.0,3.15 G
2019-06-13 03:29:04,2.0,3.15 G
2019-06-13 03:29:06,563.7,3.25 G
2019-06-13 03:29:08,755.5,3.25 G
2019-06-13 03:29:10,755.4,3.25 G
2019-06-13 03:29:12,756.4,3.24 G
2019-06-13 03:29:14,763.0,3.24 G
2019-06-13 03:29:16,342.6,3.21 G
2019-06-13 03:29:18,3.0,3.21 G
2019-06-13 03:29:20,2.0,3.21 G
2019-06-13 03:29:22,3.0,3.21 G
2019-06-13 03:29:24,2.0,3.21 G
2019-06-13 03:29:26,2.0,3.21 G
2019-06-13 03:29:28,3.0,3.21 G
2019-06-13 03:29:30,3.0,3.21 G
2019-06-13 03:29:32,3.0,3.21 G
2019-06-13 03:29:34,3.0,3.21 G
2019-06-13 03:29:36,2.0,3.21 G
2019-06-13 03:29:38,2.0,3.21 G
2019-06-13 03:29:40,2.0,3.21 G
2019-06-13 03:29:42,3.0,3.21 G
2019-06-13 03:29:44,1.0,3.21 G
2019-06-13 03:29:46,3.0,3.21 G
2019-06-13 03:29:48,3.0,3.21 G
2019-06-13 03:29:50,3.0,3.21 G
2019-06-13 03:29:52,2.0,3.21 G
2019-06-13 03:29:54,3.0,3.21 G
2019-06-13 03:29:57,762.2,3.18 G
2019-06-13 03:29:59,757.3,3.18 G
2019-06-13 03:30:01,445.7,3.14 G
2019-06-13 03:30:03,3.0,3.14 G
2019-06-13 03:30:05,2.0,3.14 G
2019-06-13 03:30:07,2.0,3.14 G
2019-06-13 03:30:09,2.0,3.14 G
2019-06-13 03:30:11,3.0,3.14 G
2019-06-13 03:30:13,3.0,3.14 G
2019-06-13 03:30:15,2.0,3.14 G
2019-06-13 03:30:17,2.0,3.14 G
2019-06-13 03:30:19,3.0,3.14 G
2019-06-13 03:30:21,3.0,3.14 G
2019-06-13 03:30:23,2.0,3.14 G
2019-06-13 03:30:25,3.0,3.14 G
2019-06-13 03:30:27,1.0,3.14 G
2019-06-13 03:30:29,2.0,3.14 G
2019-06-13 03:30:31,43.0,3.15 G
2019-06-13 03:30:33,39.0,3.16 G
2019-06-13 03:30:35,39.0,3.18 G
2019-06-13 03:30:37,42.0,3.18 G
2019-06-13 03:30:39,37.0,3.18 G
2019-06-13 03:30:41,73.9,3.19 G
2019-06-13 03:30:43,43.0,3.19 G
2019-06-13 03:30:45,39.0,3.19 G
2019-06-13 03:30:47,39.0,3.19 G
2019-06-13 03:30:49,44.9,3.19 G
2019-06-13 03:30:51,44.0,3.19 G
2019-06-13 03:30:53,38.0,3.22 G
2019-06-13 03:30:55,39.0,3.23 G
2019-06-13 03:30:57,44.0,3.23 G
2019-06-13 03:30:59,42.0,3.23 G
2019-06-13 03:31:01,40.0,3.23 G
2019-06-13 03:31:03,86.9,3.27 G
2019-06-13 03:31:05,40.0,3.27 G
2019-06-13 03:31:07,39.0,3.27 G
2019-06-13 03:31:09,40.0,3.27 G
2019-06-13 03:31:11,41.0,3.27 G
2019-06-13 03:31:13,43.0,3.27 G
2019-06-13 03:31:15,40.0,3.34 G
2019-06-13 03:31:17,40.0,3.34 G
2019-06-13 03:31:19,40.0,3.34 G
2019-06-13 03:31:21,42.0,3.34 G
2019-06-13 03:31:23,40.0,3.34 G
2019-06-13 03:31:25,91.9,3.35 G
2019-06-13 03:31:27,33.0,3.35 G
2019-06-13 03:31:29,40.0,3.35 G
2019-06-13 03:31:31,38.0,3.35 G
2019-06-13 03:31:33,39.0,3.35 G
2019-06-13 03:31:35,43.9,3.35 G
2019-06-13 03:31:37,30.0,3.44 G
2019-06-13 03:31:39,31.0,3.44 G
2019-06-13 03:31:41,44.0,3.44 G
2019-06-13 03:31:43,43.0,3.44 G
2019-06-13 03:31:45,40.0,3.44 G
2019-06-13 03:31:47,100.9,3.44 G
2019-06-13 03:31:49,41.0,3.44 G
2019-06-13 03:31:51,40.0,3.44 G
2019-06-13 03:31:53,43.9,3.44 G
2019-06-13 03:31:55,36.0,3.44 G
2019-06-13 03:31:57,42.0,3.44 G
2019-06-13 03:31:59,41.0,3.52 G
2019-06-13 03:32:01,43.0,3.52 G
2019-06-13 03:32:03,41.0,3.52 G
2019-06-13 03:32:05,41.0,3.52 G
2019-06-13 03:32:07,41.0,3.52 G
2019-06-13 03:32:09,109.9,3.52 G
2019-06-13 03:32:11,41.0,3.52 G
2019-06-13 03:32:13,36.0,3.52 G
2019-06-13 03:32:15,40.0,3.52 G
2019-06-13 03:32:17,41.0,3.52 G
2019-06-13 03:32:19,99.9,3.55 G
2019-06-13 03:32:21,41.0,3.55 G
2019-06-13 03:32:23,43.0,3.55 G
2019-06-13 03:32:25,39.0,3.55 G
2019-06-13 03:32:27,40.0,3.55 G
2019-06-13 03:32:29,41.0,3.55 G
2019-06-13 03:32:31,39.0,3.55 G
2019-06-13 03:32:33,44.9,3.55 G
2019-06-13 03:32:35,43.9,3.55 G
2019-06-13 03:32:37,44.9,3.55 G
2019-06-13 03:32:39,45.0,3.55 G
2019-06-13 03:32:41,100.9,3.58 G
2019-06-13 03:32:43,41.0,3.58 G
2019-06-13 03:32:45,44.0,3.58 G
2019-06-13 03:32:47,41.0,3.58 G
2019-06-13 03:32:49,42.0,3.58 G
2019-06-13 03:32:51,41.0,3.58 G
2019-06-13 03:32:53,42.0,3.58 G
2019-06-13 03:32:55,41.0,3.58 G
2019-06-13 03:32:57,44.0,3.58 G
2019-06-13 03:32:59,43.0,3.58 G
2019-06-13 03:33:01,42.0,3.58 G
2019-06-13 03:33:03,100.9,3.61 G
2019-06-13 03:33:05,41.0,3.61 G
2019-06-13 03:33:07,40.0,3.61 G
2019-06-13 03:33:09,41.0,3.61 G
2019-06-13 03:33:11,41.0,3.61 G
2019-06-13 03:33:13,40.0,3.61 G
2019-06-13 03:33:15,27.0,3.61 G
2019-06-13 03:33:17,44.0,3.61 G
2019-06-13 03:33:19,40.0,3.61 G
2019-06-13 03:33:21,40.0,3.61 G
2019-06-13 03:33:23,41.0,3.61 G
2019-06-13 03:33:25,99.9,3.62 G
2019-06-13 03:33:27,41.0,3.62 G
2019-06-13 03:33:29,41.0,3.62 G
2019-06-13 03:33:31,37.0,3.62 G
2019-06-13 03:33:33,40.0,3.62 G
2019-06-13 03:33:35,38.0,3.62 G
2019-06-13 03:33:37,41.0,3.62 G
2019-06-13 03:33:39,39.0,3.62 G
2019-06-13 03:33:41,761.5,3.62 G
2019-06-13 03:33:43,766.6,3.62 G
2019-06-13 03:33:46,771.5,3.62 G
2019-06-13 03:33:48,763.2,3.58 G
2019-06-13 03:33:50,4.0,3.52 G
2019-06-13 03:33:52,2.0,3.52 G
2019-06-13 03:33:54,3.0,3.52 G
2019-06-13 03:33:56,26.0,3.52 G
2019-06-13 03:33:58,41.0,3.52 G
2019-06-13 03:34:00,40.0,3.52 G
2019-06-13 03:34:02,41.0,3.52 G
2019-06-13 03:34:04,40.0,3.52 G
2019-06-13 03:34:06,40.0,3.52 G
2019-06-13 03:34:08,39.0,3.52 G
2019-06-13 03:34:10,59.9,3.51 G
2019-06-13 03:34:12,40.0,3.51 G
2019-06-13 03:34:14,42.0,3.51 G
2019-06-13 03:34:16,42.0,3.51 G
2019-06-13 03:34:18,56.9,3.51 G
2019-06-13 03:34:20,36.0,3.51 G
2019-06-13 03:34:22,40.0,3.51 G
2019-06-13 03:34:24,39.0,3.51 G
2019-06-13 03:34:26,43.0,3.50 G
2019-06-13 03:34:28,38.0,3.50 G
2019-06-13 03:34:30,39.0,3.50 G
2019-06-13 03:34:32,41.0,3.50 G
2019-06-13 03:34:34,39.0,3.50 G
2019-06-13 03:34:36,34.0,3.50 G
2019-06-13 03:34:38,42.0,3.50 G
2019-06-13 03:34:40,42.0,3.50 G
2019-06-13 03:34:42,39.0,3.49 G
2019-06-13 03:34:44,31.0,3.49 G
2019-06-13 03:34:46,42.0,3.49 G
2019-06-13 03:34:48,58.9,3.49 G
2019-06-13 03:34:50,39.0,3.49 G
2019-06-13 03:34:52,39.0,3.49 G
2019-06-13 03:34:54,40.0,3.49 G
2019-06-13 03:34:56,61.0,3.48 G
2019-06-13 03:34:58,38.0,3.48 G
2019-06-13 03:35:00,39.0,3.48 G
2019-06-13 03:35:02,39.0,3.48 G
2019-06-13 03:35:04,59.9,3.48 G
2019-06-13 03:35:06,44.0,3.48 G
2019-06-13 03:35:08,42.0,3.48 G
2019-06-13 03:35:10,41.0,3.48 G
2019-06-13 03:35:12,62.0,3.47 G
2019-06-13 03:35:14,39.0,3.47 G
2019-06-13 03:35:16,39.0,3.47 G
2019-06-13 03:35:18,38.0,3.47 G
2019-06-13 03:35:20,41.0,3.47 G
2019-06-13 03:35:22,38.0,3.47 G
2019-06-13 03:35:24,40.0,3.47 G
2019-06-13 03:35:26,38.0,3.47 G
2019-06-13 03:35:28,41.0,3.46 G
2019-06-13 03:35:30,43.0,3.46 G
2019-06-13 03:35:32,39.0,3.46 G
2019-06-13 03:35:34,43.0,3.46 G
2019-06-13 03:35:36,40.0,3.46 G
2019-06-13 03:35:38,39.0,3.46 G
2019-06-13 03:35:40,38.0,3.46 G
2019-06-13 03:35:42,41.0,3.46 G
2019-06-13 03:35:44,42.0,3.46 G
2019-06-13 03:35:46,40.0,3.46 G
2019-06-13 03:35:48,40.0,3.46 G
2019-06-13 03:35:50,40.0,3.46 G
2019-06-13 03:35:52,40.0,3.46 G
2019-06-13 03:35:54,39.0,3.46 G
2019-06-13 03:35:56,39.0,3.46 G
2019-06-13 03:35:58,41.0,3.46 G
2019-06-13 03:36:00,39.0,3.45 G
2019-06-13 03:36:02,40.0,3.45 G
2019-06-13 03:36:04,40.0,3.45 G
2019-06-13 03:36:06,40.0,3.45 G
2019-06-13 03:36:08,40.0,3.45 G
2019-06-13 03:36:10,40.0,3.45 G
2019-06-13 03:36:12,39.0,3.45 G
2019-06-13 03:36:14,56.0,3.45 G
2019-06-13 03:36:16,41.0,3.45 G
2019-06-13 03:36:18,39.0,3.45 G
2019-06-13 03:36:20,41.0,3.45 G
2019-06-13 03:36:22,59.9,3.45 G
2019-06-13 03:36:24,40.0,3.45 G
2019-06-13 03:36:26,39.0,3.45 G
2019-06-13 03:36:28,42.0,3.45 G
2019-06-13 03:36:30,39.0,3.44 G
2019-06-13 03:36:32,40.0,3.44 G
2019-06-13 03:36:34,42.0,3.44 G
2019-06-13 03:36:36,44.0,3.44 G
2019-06-13 03:36:38,40.0,3.44 G
2019-06-13 03:36:40,43.0,3.44 G
2019-06-13 03:36:42,41.0,3.44 G
2019-06-13 03:36:44,41.0,3.44 G
2019-06-13 03:36:46,36.0,3.44 G
2019-06-13 03:36:48,407.6,3.44 G
2019-06-13 03:36:50,764.5,3.44 G
2019-06-13 03:36:52,763.4,3.43 G
2019-06-13 03:36:54,282.7,3.42 G
2019-06-13 03:36:56,4.0,3.42 G
2019-06-13 03:36:58,2.0,3.42 G
2019-06-13 03:37:00,3.0,3.42 G
2019-06-13 03:37:02,4.0,3.42 G
2019-06-13 03:37:04,3.0,3.42 G
2019-06-13 03:37:06,3.0,3.42 G
2019-06-13 03:37:08,2.0,3.42 G
2019-06-13 03:37:10,2.0,3.42 G
2019-06-13 03:37:12,2.0,3.42 G
2019-06-13 03:37:14,2.0,3.42 G
2019-06-13 03:37:16,2.0,3.42 G
2019-06-13 03:37:18,2.0,3.42 G
2019-06-13 03:37:20,2.0,3.42 G
2019-06-13 03:37:22,2.0,3.42 G
2019-06-13 03:37:24,2.0,3.42 G
2019-06-13 03:37:26,2.0,3.42 G
2019-06-13 03:37:28,2.0,3.42 G
2019-06-13 03:37:30,2.0,3.42 G
2019-06-13 03:37:32,2.0,3.42 G
2019-06-13 03:37:34,3.0,3.42 G
2019-06-13 03:37:37,2.0,3.42 G
2019-06-13 03:37:39,3.0,3.42 G
2019-06-13 03:37:41,3.0,3.42 G
2019-06-13 03:37:43,2.0,3.42 G
2019-06-13 03:37:45,4.0,3.42 G
2019-06-13 03:37:47,2.0,3.42 G
2019-06-13 03:37:49,2.0,3.42 G
2019-06-13 03:37:51,2.0,3.42 G
2019-06-13 03:37:53,2.0,3.42 G
2019-06-13 03:37:55,2.0,3.42 G
2019-06-13 03:37:57,2.0,3.42 G
2019-06-13 03:37:59,2.0,3.42 G
2019-06-13 03:38:01,2.0,3.42 G
2019-06-13 03:38:03,2.0,3.42 G
2019-06-13 03:38:05,1.0,3.42 G
2019-06-13 03:38:07,1.0,3.42 G
2019-06-13 03:38:09,2.0,3.42 G
2019-06-13 03:38:11,2.0,3.42 G
2019-06-13 03:38:13,3.0,3.42 G
2019-06-13 03:38:15,3.0,3.42 G
2019-06-13 03:38:17,2.0,3.42 G
2019-06-13 03:38:19,3.0,3.42 G
2019-06-13 03:38:21,1.0,3.42 G
2019-06-13 03:38:23,2.0,3.42 G
2019-06-13 03:38:25,1.0,3.42 G
2019-06-13 03:38:27,2.0,3.42 G
2019-06-13 03:38:29,2.0,3.42 G
2019-06-13 03:38:31,2.0,3.42 G
2019-06-13 03:38:33,2.0,3.42 G
2019-06-13 03:38:35,759.4,3.42 G
2019-06-13 03:38:37,764.4,3.39 G
2019-06-13 03:38:39,761.3,3.36 G
2019-06-13 03:38:41,2.0,3.34 G
2019-06-13 03:38:43,3.0,3.34 G
2019-06-13 03:38:45,2.0,3.34 G
2019-06-13 03:38:47,2.0,3.34 G
2019-06-13 03:38:49,2.0,3.34 G
2019-06-13 03:38:51,2.0,3.34 G
2019-06-13 03:38:53,1.0,3.34 G
2019-06-13 03:38:55,2.0,3.34 G
2019-06-13 03:38:57,3.0,3.34 G
2019-06-13 03:38:59,2.0,3.34 G
2019-06-13 03:39:01,3.0,3.34 G
2019-06-13 03:39:03,1.0,3.34 G
2019-06-13 03:39:05,3.0,3.34 G
2019-06-13 03:39:07,2.0,3.34 G
2019-06-13 03:39:09,2.0,3.34 G
2019-06-13 03:39:11,2.0,3.34 G
2019-06-13 03:39:13,1.0,3.34 G
2019-06-13 03:39:15,1.0,3.34 G
2019-06-13 03:39:17,1.0,3.34 G
2019-06-13 03:39:19,2.0,3.34 G
2019-06-13 03:39:21,1.0,3.34 G
2019-06-13 03:39:23,2.0,3.34 G
2019-06-13 03:39:25,2.0,3.34 G
2019-06-13 03:39:27,1.0,3.34 G
2019-06-13 03:39:29,2.0,3.34 G
2019-06-13 03:39:31,2.0,3.34 G
2019-06-13 03:39:33,2.0,3.34 G
2019-06-13 03:39:35,2.0,3.34 G
2019-06-13 03:39:37,2.0,3.34 G
2019-06-13 03:39:39,2.0,3.34 G
2019-06-13 03:39:41,2.0,3.34 G
2019-06-13 03:39:43,2.0,3.34 G
2019-06-13 03:39:45,2.0,3.34 G
2019-06-13 03:39:47,2.0,3.34 G
2019-06-13 03:39:49,2.0,3.34 G
2019-06-13 03:39:51,764.5,3.40 G
2019-06-13 03:39:53,764.3,3.38 G
2019-06-13 03:39:55,622.6,3.33 G
2019-06-13 03:39:57,2.0,3.33 G
2019-06-13 03:39:59,3.0,3.33 G
2019-06-13 03:40:01,3.0,3.33 G
2019-06-13 03:40:03,2.0,3.33 G
2019-06-13 03:40:05,3.0,3.33 G
2019-06-13 03:40:07,2.0,3.33 G
2019-06-13 03:40:09,3.0,3.33 G
2019-06-13 03:40:11,5.0,3.33 G
2019-06-13 03:40:13,3.0,3.33 G
2019-06-13 03:40:15,3.0,3.33 G
2019-06-13 03:40:17,3.0,3.33 G
2019-06-13 03:40:19,2.0,3.33 G
2019-06-13 03:40:21,2.0,3.33 G
2019-06-13 03:40:23,3.0,3.33 G
2019-06-13 03:40:25,1.0,3.33 G
2019-06-13 03:40:27,1.0,3.33 G
2019-06-13 03:40:29,3.0,3.33 G
2019-06-13 03:40:31,3.0,3.33 G
2019-06-13 03:40:33,2.0,3.33 G
2019-06-13 03:40:35,2.0,3.33 G
2019-06-13 03:40:37,3.0,3.33 G
2019-06-13 03:40:39,2.0,3.33 G
2019-06-13 03:40:41,3.0,3.33 G
2019-06-13 03:40:43,3.0,3.33 G
2019-06-13 03:40:45,3.0,3.33 G
2019-06-13 03:40:47,3.0,3.33 G
2019-06-13 03:40:49,1.0,3.33 G
2019-06-13 03:40:51,38.0,3.34 G
2019-06-13 03:40:53,36.0,3.34 G
2019-06-13 03:40:55,35.0,3.34 G
2019-06-13 03:40:57,38.0,3.34 G
2019-06-13 03:40:59,65.9,3.34 G
2019-06-13 03:41:01,35.0,3.34 G
2019-06-13 03:41:03,34.0,3.34 G
2019-06-13 03:41:05,34.0,3.35 G
2019-06-13 03:41:07,35.0,3.35 G
2019-06-13 03:41:09,35.0,3.35 G
2019-06-13 03:41:11,65.0,3.35 G
2019-06-13 03:41:13,35.0,3.35 G
2019-06-13 03:41:15,34.0,3.35 G
2019-06-13 03:41:17,35.0,3.36 G
2019-06-13 03:41:20,35.0,3.36 G
2019-06-13 03:41:22,70.9,3.42 G
2019-06-13 03:41:24,36.0,3.42 G
2019-06-13 03:41:26,36.0,3.42 G
2019-06-13 03:41:28,35.0,3.42 G
2019-06-13 03:41:30,35.0,3.42 G
2019-06-13 03:41:32,76.9,3.44 G
2019-06-13 03:41:34,37.0,3.44 G
2019-06-13 03:41:36,37.0,3.44 G
2019-06-13 03:41:38,36.0,3.44 G
2019-06-13 03:41:40,37.0,3.44 G
2019-06-13 03:41:42,37.0,3.44 G
2019-06-13 03:41:44,89.9,3.52 G
2019-06-13 03:41:46,36.0,3.52 G
2019-06-13 03:41:48,35.0,3.53 G
2019-06-13 03:41:50,37.0,3.53 G
2019-06-13 03:41:52,37.0,3.53 G
2019-06-13 03:41:54,36.0,3.53 G
2019-06-13 03:41:56,36.0,3.53 G
2019-06-13 03:41:58,30.0,3.53 G
2019-06-13 03:42:00,37.0,3.53 G
2019-06-13 03:42:02,37.0,3.53 G
2019-06-13 03:42:04,35.0,3.53 G
2019-06-13 03:42:06,37.0,3.60 G
2019-06-13 03:42:08,36.0,3.60 G
2019-06-13 03:42:10,35.0,3.60 G
2019-06-13 03:42:12,35.0,3.60 G
2019-06-13 03:42:14,34.0,3.60 G
2019-06-13 03:42:16,86.9,3.60 G
2019-06-13 03:42:18,37.0,3.60 G
2019-06-13 03:42:20,36.0,3.60 G
2019-06-13 03:42:22,38.0,3.60 G
2019-06-13 03:42:24,37.0,3.61 G
2019-06-13 03:42:26,88.9,3.64 G
2019-06-13 03:42:28,39.0,3.64 G
2019-06-13 03:42:30,36.0,3.64 G
2019-06-13 03:42:32,37.0,3.64 G
2019-06-13 03:42:34,39.0,3.64 G
2019-06-13 03:42:36,85.9,3.64 G
2019-06-13 03:42:38,34.0,3.64 G
2019-06-13 03:42:40,36.0,3.64 G
2019-06-13 03:42:42,36.0,3.64 G
2019-06-13 03:42:44,35.0,3.64 G
2019-06-13 03:42:46,35.0,3.64 G
2019-06-13 03:42:48,37.0,3.67 G
2019-06-13 03:42:50,36.0,3.67 G
2019-06-13 03:42:52,36.0,3.67 G
2019-06-13 03:42:54,34.0,3.67 G
2019-06-13 03:42:56,36.0,3.67 G
2019-06-13 03:42:58,36.0,3.67 G
2019-06-13 03:43:00,33.0,3.67 G
2019-06-13 03:43:02,35.0,3.67 G
2019-06-13 03:43:04,34.0,3.67 G
2019-06-13 03:43:06,35.0,3.67 G
2019-06-13 03:43:08,35.0,3.67 G
2019-06-13 03:43:10,88.9,3.67 G
2019-06-13 03:43:12,35.0,3.67 G
2019-06-13 03:43:14,37.0,3.67 G
2019-06-13 03:43:16,40.0,3.67 G
2019-06-13 03:43:18,39.0,3.67 G
2019-06-13 03:43:20,38.0,3.67 G
2019-06-13 03:43:22,90.0,3.67 G
2019-06-13 03:43:24,35.0,3.67 G
2019-06-13 03:43:26,37.0,3.67 G
2019-06-13 03:43:28,40.0,3.67 G
2019-06-13 03:43:30,39.0,3.67 G
2019-06-13 03:43:32,84.9,3.68 G
2019-06-13 03:43:34,37.0,3.68 G
2019-06-13 03:43:36,37.0,3.68 G
2019-06-13 03:43:38,36.0,3.68 G
2019-06-13 03:43:40,35.0,3.68 G
2019-06-13 03:43:42,38.0,3.68 G
2019-06-13 03:43:44,36.0,3.68 G
2019-06-13 03:43:46,34.0,3.68 G
2019-06-13 03:43:48,35.0,3.68 G
2019-06-13 03:43:50,37.0,3.68 G
2019-06-13 03:43:52,38.0,3.68 G
2019-06-13 03:43:54,80.9,3.68 G
2019-06-13 03:43:56,30.0,3.68 G
2019-06-13 03:43:58,30.0,3.68 G
2019-06-13 03:44:00,36.0,3.68 G
2019-06-13 03:44:02,36.0,3.68 G
2019-06-13 03:44:04,77.9,3.68 G
2019-06-13 03:44:06,30.0,3.68 G
2019-06-13 03:44:08,34.0,3.68 G
2019-06-13 03:44:10,35.0,3.68 G
2019-06-13 03:44:12,35.0,3.68 G
2019-06-13 03:44:14,36.0,3.68 G
2019-06-13 03:44:16,37.0,3.68 G
2019-06-13 03:44:18,37.0,3.68 G
2019-06-13 03:44:20,34.0,3.68 G
2019-06-13 03:44:22,34.0,3.68 G
2019-06-13 03:44:24,34.0,3.68 G
2019-06-13 03:44:26,34.0,3.68 G
2019-06-13 03:44:28,33.0,3.68 G
2019-06-13 03:44:30,36.0,3.68 G
2019-06-13 03:44:32,37.0,3.68 G
2019-06-13 03:44:34,78.9,3.68 G
2019-06-13 03:44:36,34.0,3.68 G
2019-06-13 03:44:38,34.0,3.68 G
2019-06-13 03:44:40,36.0,3.68 G
2019-06-13 03:44:42,36.0,3.68 G
2019-06-13 03:44:44,51.9,3.68 G
2019-06-13 03:44:46,31.0,3.68 G
2019-06-13 03:44:48,36.0,3.68 G
2019-06-13 03:44:50,36.0,3.68 G
2019-06-13 03:44:52,39.0,3.68 G
2019-06-13 03:44:54,35.0,3.68 G
2019-06-13 03:44:56,556.9,3.68 G
2019-06-13 03:44:58,765.5,3.68 G
2019-06-13 03:45:00,765.5,3.68 G
2019-06-13 03:45:02,760.5,3.64 G
2019-06-13 03:45:04,763.5,3.57 G
2019-06-13 03:45:06,771.7,3.53 G
2019-06-13 03:45:09,763.5,3.48 G
2019-06-13 03:45:11,767.4,3.44 G
2019-06-13 03:45:13,91.9,3.38 G
2019-06-13 03:45:15,4.0,3.38 G
2019-06-13 03:45:17,3.0,3.38 G
2019-06-13 03:45:19,3.0,3.38 G
2019-06-13 03:45:21,3.0,3.38 G
2019-06-13 03:45:23,3.0,3.38 G
2019-06-13 03:45:25,3.0,3.38 G
2019-06-13 03:45:27,3.0,3.38 G
2019-06-13 03:45:29,3.0,3.38 G
2019-06-13 03:45:31,3.0,3.38 G
2019-06-13 03:45:33,3.0,3.38 G
2019-06-13 03:45:35,3.0,3.38 G
2019-06-13 03:45:37,3.0,3.38 G
2019-06-13 03:45:39,2.0,3.38 G
2019-06-13 03:45:41,3.0,3.38 G
2019-06-13 03:45:43,747.6,3.38 G
2019-06-13 03:45:45,753.5,3.35 G
2019-06-13 03:45:47,748.4,3.27 G
2019-06-13 03:45:49,3.0,3.27 G
2019-06-13 03:45:51,3.0,3.27 G
2019-06-13 03:45:53,3.0,3.27 G
2019-06-13 03:45:55,3.0,3.27 G
2019-06-13 03:45:57,3.0,3.27 G
2019-06-13 03:45:59,1.0,3.27 G
2019-06-13 03:46:01,3.0,3.27 G
2019-06-13 03:46:03,4.0,3.27 G
2019-06-13 03:46:05,2.0,3.27 G
2019-06-13 03:46:07,2.0,3.27 G
2019-06-13 03:46:09,2.0,3.27 G
2019-06-13 03:46:11,2.0,3.27 G
2019-06-13 03:46:13,3.0,3.27 G
2019-06-13 03:46:15,2.0,3.27 G
2019-06-13 03:46:17,2.0,3.27 G
2019-06-13 03:46:19,2.0,3.27 G
2019-06-13 03:46:21,1.0,3.27 G
2019-06-13 03:46:23,2.0,3.27 G
2019-06-13 03:46:25,3.0,3.27 G
2019-06-13 03:46:27,3.0,3.27 G
2019-06-13 03:46:29,2.0,3.27 G
2019-06-13 03:46:31,3.0,3.27 G
2019-06-13 03:46:33,2.0,3.27 G
2019-06-13 03:46:35,3.0,3.27 G
2019-06-13 03:46:37,2.0,3.27 G
2019-06-13 03:46:39,2.0,3.27 G
2019-06-13 03:46:41,1.0,3.27 G
2019-06-13 03:46:43,2.0,3.27 G
2019-06-13 03:46:45,2.0,3.27 G
2019-06-13 03:46:47,2.0,3.27 G
2019-06-13 03:46:49,2.0,3.27 G
2019-06-13 03:46:51,109.9,3.29 G
2019-06-13 03:46:53,109.9,3.39 G
2019-06-13 03:46:55,110.9,3.50 G
2019-06-13 03:46:57,101.9,3.57 G
2019-06-13 03:46:59,101.9,3.63 G
2019-06-13 03:47:01,100.9,3.65 G
2019-06-13 03:47:03,101.9,3.67 G
2019-06-13 03:47:05,101.9,3.68 G
2019-06-13 03:47:07,101.9,3.69 G
2019-06-13 03:47:09,102.9,3.69 G
2019-06-13 03:47:11,100.9,3.69 G
2019-06-13 03:47:13,101.9,3.70 G
2019-06-13 03:47:15,102.9,3.70 G
2019-06-13 03:47:17,100.9,3.70 G
2019-06-13 03:47:19,102.9,3.70 G
2019-06-13 03:47:21,100.9,3.70 G
2019-06-13 03:47:23,101.9,3.70 G
2019-06-13 03:47:25,101.9,3.71 G
2019-06-13 03:47:27,100.9,3.71 G
2019-06-13 03:47:29,101.9,3.71 G
2019-06-13 03:47:31,100.9,3.71 G
2019-06-13 03:47:33,102.9,3.72 G
2019-06-13 03:47:35,100.9,3.72 G
2019-06-13 03:47:37,101.9,3.72 G
2019-06-13 03:47:39,100.9,3.72 G
2019-06-13 03:47:41,101.9,3.72 G
2019-06-13 03:47:43,105.9,3.73 G
2019-06-13 03:47:45,101.9,3.73 G
2019-06-13 03:47:47,102.9,3.73 G
2019-06-13 03:47:49,100.9,3.73 G
2019-06-13 03:47:51,101.9,3.73 G
2019-06-13 03:47:53,102.9,3.73 G
2019-06-13 03:47:55,103.9,3.74 G
2019-06-13 03:47:57,102.9,3.74 G
2019-06-13 03:47:59,102.9,3.74 G
2019-06-13 03:48:01,741.6,3.74 G
2019-06-13 03:48:03,752.5,3.74 G
2019-06-13 03:48:05,763.5,3.74 G
2019-06-13 03:48:07,2.0,3.69 G
2019-06-13 03:48:09,1.0,3.69 G
2019-06-13 03:48:11,762.8,3.69 G
2019-06-13 03:48:13,764.3,3.69 G
2019-06-13 03:48:15,667.3,3.68 G
2019-06-13 03:48:17,2.0,3.68 G
2019-06-13 03:48:19,2.0,3.68 G
2019-06-13 03:48:21,2.0,3.68 G
2019-06-13 03:48:23,3.0,3.68 G
2019-06-13 03:48:25,3.0,3.68 G
2019-06-13 03:48:27,3.0,3.68 G
2019-06-13 03:48:29,2.0,3.68 G
2019-06-13 03:48:31,2.0,3.68 G
2019-06-13 03:48:33,3.0,3.68 G
2019-06-13 03:48:35,7.0,3.68 G
2019-06-13 03:48:37,1.0,3.68 G
2019-06-13 03:48:39,2.0,3.68 G
2019-06-13 03:48:41,1.0,3.68 G
2019-06-13 03:48:43,2.0,3.68 G
2019-06-13 03:48:45,2.0,3.68 G
2019-06-13 03:48:47,1.0,3.68 G
2019-06-13 03:48:49,1.0,3.68 G
2019-06-13 03:48:51,1.0,3.68 G
2019-06-13 03:48:53,1.0,3.68 G
2019-06-13 03:48:55,2.0,3.68 G
2019-06-13 03:48:57,3.0,3.68 G
2019-06-13 03:48:59,1.0,3.68 G
2019-06-13 03:49:01,2.0,3.68 G
2019-06-13 03:49:03,3.0,3.68 G
2019-06-13 03:49:05,1.0,3.68 G
2019-06-13 03:49:07,2.0,3.68 G
2019-06-13 03:49:09,2.0,3.68 G
2019-06-13 03:49:11,2.0,3.68 G
2019-06-13 03:49:13,2.0,3.68 G
2019-06-13 03:49:15,2.0,3.68 G
2019-06-13 03:49:18,2.0,3.68 G
2019-06-13 03:49:20,3.0,3.68 G
2019-06-13 03:49:22,2.0,3.68 G
2019-06-13 03:49:24,3.0,3.68 G
2019-06-13 03:49:26,2.0,3.68 G
2019-06-13 03:49:28,2.0,3.68 G
2019-06-13 03:49:30,2.0,3.68 G
2019-06-13 03:49:32,2.0,3.68 G
2019-06-13 03:49:34,1.0,3.68 G
2019-06-13 03:49:36,2.0,3.68 G
2019-06-13 03:49:38,1.0,3.68 G
2019-06-13 03:49:40,1.0,3.68 G
2019-06-13 03:49:42,2.0,3.68 G
2019-06-13 03:49:44,2.0,3.68 G
2019-06-13 03:49:46,2.0,3.68 G
2019-06-13 03:49:48,2.0,3.68 G
2019-06-13 03:49:50,2.0,3.68 G
2019-06-13 03:49:52,3.0,3.68 G
2019-06-13 03:49:54,3.0,3.68 G
2019-06-13 03:49:56,3.0,3.68 G
2019-06-13 03:49:58,1.0,3.68 G
2019-06-13 03:50:00,2.0,3.68 G
2019-06-13 03:50:02,2.0,3.68 G
2019-06-13 03:50:04,748.5,3.75 G
2019-06-13 03:50:06,756.5,3.75 G
2019-06-13 03:50:08,758.5,3.75 G
2019-06-13 03:50:10,758.5,3.75 G
2019-06-13 03:50:12,757.5,3.74 G
2019-06-13 03:50:14,185.8,3.67 G
2019-06-13 03:50:16,2.0,3.67 G
2019-06-13 03:50:18,2.0,3.67 G
2019-06-13 03:50:20,2.0,3.67 G
2019-06-13 03:50:22,40.0,3.68 G
2019-06-13 03:50:24,40.0,3.68 G
2019-06-13 03:50:26,42.0,3.68 G
2019-06-13 03:50:28,39.0,3.68 G
2019-06-13 03:50:30,68.0,3.68 G
2019-06-13 03:50:32,40.0,3.68 G
2019-06-13 03:50:34,42.0,3.68 G
2019-06-13 03:50:36,43.0,3.68 G
2019-06-13 03:50:38,43.9,3.68 G
2019-06-13 03:50:40,39.0,3.68 G
2019-06-13 03:50:42,39.0,3.68 G
2019-06-13 03:50:44,40.0,3.68 G
2019-06-13 03:50:46,40.0,3.68 G
2019-06-13 03:50:48,42.0,3.68 G
2019-06-13 03:50:50,42.0,3.68 G
2019-06-13 03:50:52,43.0,3.68 G
2019-06-13 03:50:54,39.0,3.68 G
2019-06-13 03:50:56,40.0,3.68 G
2019-06-13 03:50:58,70.9,3.68 G
2019-06-13 03:51:00,40.0,3.68 G
2019-06-13 03:51:02,41.0,3.68 G
2019-06-13 03:51:04,43.9,3.68 G
2019-06-13 03:51:06,43.9,3.68 G
2019-06-13 03:51:08,42.0,3.68 G
2019-06-13 03:51:10,43.9,3.68 G
2019-06-13 03:51:12,43.9,3.68 G
2019-06-13 03:51:14,41.0,3.68 G
2019-06-13 03:51:16,41.0,3.68 G
2019-06-13 03:51:18,39.0,3.68 G
2019-06-13 03:51:20,40.0,3.68 G
2019-06-13 03:51:22,40.0,3.68 G
2019-06-13 03:51:24,41.0,3.68 G
2019-06-13 03:51:26,39.0,3.68 G
2019-06-13 03:51:28,41.0,3.68 G
2019-06-13 03:51:30,39.0,3.68 G
2019-06-13 03:51:32,43.0,3.68 G
2019-06-13 03:51:34,85.9,3.68 G
2019-06-13 03:51:36,39.0,3.68 G
2019-06-13 03:51:38,41.0,3.68 G
2019-06-13 03:51:40,40.0,3.68 G
2019-06-13 03:51:42,39.0,3.68 G
2019-06-13 03:51:44,40.0,3.68 G
2019-06-13 03:51:46,41.0,3.68 G
2019-06-13 03:51:48,40.0,3.68 G
2019-06-13 03:51:50,40.0,3.68 G
2019-06-13 03:51:52,83.9,3.68 G
2019-06-13 03:51:54,40.0,3.68 G
2019-06-13 03:51:56,41.0,3.68 G
2019-06-13 03:51:58,39.0,3.68 G
2019-06-13 03:52:00,82.9,3.68 G
2019-06-13 03:52:02,44.0,3.68 G
2019-06-13 03:52:04,42.0,3.68 G
2019-06-13 03:52:06,40.0,3.68 G
2019-06-13 03:52:08,49.9,3.68 G
2019-06-13 03:52:10,34.0,3.68 G
2019-06-13 03:52:12,41.0,3.68 G
2019-06-13 03:52:14,42.0,3.68 G
2019-06-13 03:52:16,43.0,3.68 G
2019-06-13 03:52:18,40.0,3.68 G
2019-06-13 03:52:20,42.0,3.68 G
2019-06-13 03:52:22,43.0,3.68 G
2019-06-13 03:52:24,40.0,3.68 G
2019-06-13 03:52:26,41.0,3.68 G
2019-06-13 03:52:28,38.0,3.68 G
2019-06-13 03:52:30,41.0,3.68 G
2019-06-13 03:52:32,40.0,3.68 G
2019-06-13 03:52:34,79.9,3.68 G
2019-06-13 03:52:36,39.0,3.68 G
2019-06-13 03:52:38,38.0,3.68 G
2019-06-13 03:52:40,42.0,3.68 G
2019-06-13 03:52:42,80.9,3.68 G
2019-06-13 03:52:44,37.0,3.68 G
2019-06-13 03:52:46,39.0,3.68 G
2019-06-13 03:52:48,42.9,3.68 G
2019-06-13 03:52:50,88.0,3.68 G
2019-06-13 03:52:52,41.0,3.68 G
2019-06-13 03:52:54,40.0,3.68 G
2019-06-13 03:52:56,41.0,3.68 G
2019-06-13 03:52:58,40.0,3.68 G
2019-06-13 03:53:01,40.0,3.68 G
2019-06-13 03:53:03,39.0,3.68 G
2019-06-13 03:53:05,41.0,3.68 G
2019-06-13 03:53:07,40.0,3.68 G
2019-06-13 03:53:09,37.0,3.66 G
2019-06-13 03:53:11,43.0,3.66 G
2019-06-13 03:53:13,43.9,3.66 G
2019-06-13 03:53:15,43.0,3.66 G
2019-06-13 03:53:17,38.0,3.66 G
2019-06-13 03:53:19,40.0,3.66 G
2019-06-13 03:53:21,40.0,3.66 G
2019-06-13 03:53:23,41.9,3.66 G
2019-06-13 03:53:25,76.9,3.66 G
2019-06-13 03:53:27,42.0,3.66 G
2019-06-13 03:53:29,43.0,3.66 G
2019-06-13 03:53:31,41.0,3.66 G
2019-06-13 03:53:33,61.9,3.66 G
2019-06-13 03:53:35,760.2,3.65 G
2019-06-13 03:53:37,763.3,3.65 G
2019-06-13 03:53:39,765.3,3.63 G
2019-06-13 03:53:41,762.5,3.57 G
2019-06-13 03:53:43,3.0,3.57 G
2019-06-13 03:53:45,3.0,3.57 G
2019-06-13 03:53:47,2.0,3.57 G
2019-06-13 03:53:49,510.9,3.54 G
2019-06-13 03:53:51,758.5,3.48 G
2019-06-13 03:53:53,760.5,3.43 G
2019-06-13 03:53:55,1.0,3.42 G
2019-06-13 03:53:57,1.0,3.42 G
2019-06-13 03:53:59,2.0,3.42 G
2019-06-13 03:54:01,1.0,3.42 G
2019-06-13 03:54:03,2.0,3.42 G
2019-06-13 03:54:05,3.0,3.42 G
2019-06-13 03:54:07,3.0,3.42 G
2019-06-13 03:54:09,3.0,3.42 G
2019-06-13 03:54:11,2.0,3.42 G
2019-06-13 03:54:13,2.0,3.42 G
2019-06-13 03:54:15,2.0,3.42 G
2019-06-13 03:54:17,2.0,3.42 G
2019-06-13 03:54:19,2.0,3.42 G
2019-06-13 03:54:21,2.0,3.42 G
2019-06-13 03:54:23,2.0,3.42 G
2019-06-13 03:54:25,2.0,3.42 G
2019-06-13 03:54:27,2.0,3.42 G
2019-06-13 03:54:29,2.0,3.42 G
2019-06-13 03:54:31,4.0,3.42 G
2019-06-13 03:54:33,2.0,3.42 G
2019-06-13 03:54:35,2.0,3.42 G
2019-06-13 03:54:37,3.0,3.42 G
2019-06-13 03:54:39,2.0,3.42 G
2019-06-13 03:54:41,3.0,3.42 G
2019-06-13 03:54:43,3.0,3.42 G
2019-06-13 03:54:45,2.0,3.42 G
2019-06-13 03:54:47,3.0,3.42 G
2019-06-13 03:54:49,2.0,3.42 G
2019-06-13 03:54:51,3.0,3.42 G
2019-06-13 03:54:53,2.0,3.42 G
2019-06-13 03:54:55,2.0,3.42 G
2019-06-13 03:54:57,3.0,3.42 G
2019-06-13 03:54:59,3.0,3.42 G
2019-06-13 03:55:01,3.0,3.42 G
2019-06-13 03:55:03,2.0,3.42 G
2019-06-13 03:55:05,3.0,3.42 G
2019-06-13 03:55:07,2.0,3.42 G
2019-06-13 03:55:09,2.0,3.42 G
2019-06-13 03:55:11,1.0,3.42 G
2019-06-13 03:55:13,3.0,3.42 G
2019-06-13 03:55:15,3.0,3.42 G
2019-06-13 03:55:17,3.0,3.42 G
2019-06-13 03:55:19,3.0,3.42 G
2019-06-13 03:55:21,2.0,3.42 G
2019-06-13 03:55:23,2.0,3.42 G
2019-06-13 03:55:25,3.0,3.42 G
2019-06-13 03:55:27,2.0,3.42 G
2019-06-13 03:55:29,2.0,3.42 G
2019-06-13 03:55:31,1.0,3.42 G
2019-06-13 03:55:33,2.0,3.42 G
2019-06-13 03:55:35,2.0,3.42 G
2019-06-13 03:55:37,3.0,3.42 G
2019-06-13 03:55:39,2.0,3.42 G
2019-06-13 03:55:41,1.0,3.42 G
2019-06-13 03:55:43,2.0,3.42 G
2019-06-13 03:55:45,1.0,3.42 G
2019-06-13 03:55:47,3.0,3.42 G
2019-06-13 03:55:49,3.0,3.42 G
2019-06-13 03:55:51,2.0,3.42 G
2019-06-13 03:55:53,2.0,3.42 G
2019-06-13 03:55:55,3.0,3.42 G
2019-06-13 03:55:57,4.0,3.42 G
2019-06-13 03:55:59,3.0,3.42 G
2019-06-13 03:56:01,2.0,3.42 G
2019-06-13 03:56:03,3.0,3.42 G
2019-06-13 03:56:05,2.0,3.42 G
2019-06-13 03:56:07,1.0,3.42 G
2019-06-13 03:56:09,2.0,3.42 G
2019-06-13 03:56:11,3.0,3.42 G
2019-06-13 03:56:13,5.0,3.42 G
2019-06-13 03:56:15,36.0,3.44 G
2019-06-13 03:56:17,35.0,3.45 G
2019-06-13 03:56:19,37.0,3.45 G
2019-06-13 03:56:21,28.0,3.46 G
2019-06-13 03:56:23,35.0,3.47 G
2019-06-13 03:56:25,39.0,3.48 G
2019-06-13 03:56:27,71.0,3.49 G
2019-06-13 03:56:29,38.0,3.49 G
2019-06-13 03:56:31,36.0,3.50 G
2019-06-13 03:56:33,37.0,3.50 G
2019-06-13 03:56:35,36.0,3.51 G
2019-06-13 03:56:37,36.0,3.51 G
2019-06-13 03:56:39,39.0,3.52 G
2019-06-13 03:56:41,36.0,3.52 G
2019-06-13 03:56:43,35.0,3.59 G
2019-06-13 03:56:45,36.0,3.60 G
2019-06-13 03:56:47,36.0,3.60 G
2019-06-13 03:56:49,35.0,3.61 G
2019-06-13 03:56:51,36.0,3.61 G
2019-06-13 03:56:53,36.0,3.61 G
2019-06-13 03:56:56,37.0,3.62 G
2019-06-13 03:56:58,36.0,3.62 G
2019-06-13 03:57:00,36.0,3.62 G
2019-06-13 03:57:02,38.0,3.62 G
2019-06-13 03:57:04,37.0,3.63 G
2019-06-13 03:57:06,36.0,3.63 G
2019-06-13 03:57:08,37.0,3.63 G
2019-06-13 03:57:10,40.0,3.63 G
2019-06-13 03:57:12,100.9,3.75 G
2019-06-13 03:57:14,36.0,3.75 G
2019-06-13 03:57:16,37.0,3.75 G
2019-06-13 03:57:18,37.0,3.75 G
2019-06-13 03:57:20,36.0,3.75 G
2019-06-13 03:57:22,36.0,3.76 G
2019-06-13 03:57:24,36.0,3.76 G
2019-06-13 03:57:26,101.9,3.76 G
2019-06-13 03:57:28,37.0,3.76 G
2019-06-13 03:57:30,36.0,3.76 G
2019-06-13 03:57:32,37.0,3.76 G
2019-06-13 03:57:34,38.0,3.76 G
2019-06-13 03:57:36,40.0,3.76 G
2019-06-13 03:57:38,35.0,3.76 G
2019-06-13 03:57:40,37.0,3.76 G
2019-06-13 03:57:42,36.0,3.80 G
2019-06-13 03:57:44,37.0,3.80 G
2019-06-13 03:57:46,36.0,3.80 G
2019-06-13 03:57:48,36.0,3.80 G
2019-06-13 03:57:50,37.0,3.80 G
2019-06-13 03:57:52,37.0,3.80 G
2019-06-13 03:57:54,39.0,3.80 G
2019-06-13 03:57:56,36.0,3.80 G
2019-06-13 03:57:58,36.0,3.80 G
2019-06-13 03:58:00,38.0,3.80 G
2019-06-13 03:58:02,35.0,3.80 G
2019-06-13 03:58:04,35.0,3.80 G
2019-06-13 03:58:06,35.0,3.81 G
2019-06-13 03:58:08,39.0,3.81 G
2019-06-13 03:58:10,37.0,3.81 G
2019-06-13 03:58:12,36.0,3.81 G
2019-06-13 03:58:14,34.0,3.81 G
2019-06-13 03:58:16,36.0,3.81 G
2019-06-13 03:58:18,35.0,3.81 G
2019-06-13 03:58:20,37.0,3.81 G
2019-06-13 03:58:22,95.9,3.81 G
2019-06-13 03:58:24,38.0,3.81 G
2019-06-13 03:58:26,38.0,3.81 G
2019-06-13 03:58:28,47.9,3.81 G
2019-06-13 03:58:30,39.0,3.81 G
2019-06-13 03:58:32,43.0,3.81 G
2019-06-13 03:58:34,41.0,3.81 G
2019-06-13 03:58:36,42.0,3.81 G
2019-06-13 03:58:38,43.9,3.81 G
2019-06-13 03:58:40,41.0,3.81 G
2019-06-13 03:58:42,40.0,3.81 G
2019-06-13 03:58:44,39.0,3.81 G
2019-06-13 03:58:46,43.0,3.81 G
2019-06-13 03:58:48,41.0,3.81 G
2019-06-13 03:58:50,45.0,3.81 G
2019-06-13 03:58:52,42.0,3.81 G
2019-06-13 03:58:54,246.0,3.82 G
2019-06-13 03:58:56,770.6,3.82 G
2019-06-13 03:58:58,767.8,3.80 G
2019-06-13 03:59:00,760.5,3.71 G
2019-06-13 03:59:02,293.8,3.65 G
2019-06-13 03:59:04,515.8,3.52 G
2019-06-13 03:59:06,762.4,3.43 G
2019-06-13 03:59:08,753.4,3.35 G
2019-06-13 03:59:10,5.0,3.26 G
2019-06-13 03:59:12,3.0,3.26 G
2019-06-13 03:59:14,2.0,3.26 G
2019-06-13 03:59:16,2.0,3.26 G
2019-06-13 03:59:18,2.0,3.26 G
2019-06-13 03:59:20,3.0,3.26 G
2019-06-13 03:59:22,2.0,3.26 G
2019-06-13 03:59:24,2.0,3.26 G
2019-06-13 03:59:26,3.0,3.26 G
2019-06-13 03:59:28,2.0,3.26 G
2019-06-13 03:59:30,3.0,3.26 G
2019-06-13 03:59:32,4.0,3.26 G
2019-06-13 03:59:34,3.0,3.26 G
2019-06-13 03:59:36,2.0,3.26 G
2019-06-13 03:59:38,2.0,3.26 G
2019-06-13 03:59:40,2.0,3.26 G
2019-06-13 03:59:42,1.0,3.26 G
2019-06-13 03:59:44,2.0,3.26 G
2019-06-13 03:59:46,2.0,3.26 G
2019-06-13 03:59:48,3.0,3.26 G
2019-06-13 03:59:50,2.0,3.26 G
2019-06-13 03:59:52,1.0,3.26 G
2019-06-13 03:59:54,2.0,3.26 G
2019-06-13 03:59:56,4.0,3.26 G
2019-06-13 03:59:58,2.0,3.26 G
2019-06-13 04:00:00,4.0,3.26 G
2019-06-13 04:00:02,3.0,3.26 G
2019-06-13 04:00:04,2.0,3.26 G
2019-06-13 04:00:06,2.0,3.26 G
2019-06-13 04:00:08,2.0,3.26 G
2019-06-13 04:00:10,3.0,3.26 G
2019-06-13 04:00:12,3.0,3.26 G
2019-06-13 04:00:14,2.0,3.26 G
2019-06-13 04:00:16,33.0,3.29 G
2019-06-13 04:00:18,758.5,3.29 G
2019-06-13 04:00:20,752.4,3.24 G
2019-06-13 04:00:22,730.4,3.15 G
2019-06-13 04:00:24,3.0,3.15 G
2019-06-13 04:00:26,3.0,3.15 G
2019-06-13 04:00:28,3.0,3.15 G
2019-06-13 04:00:30,2.0,3.15 G
2019-06-13 04:00:32,2.0,3.15 G
2019-06-13 04:00:34,2.0,3.15 G
2019-06-13 04:00:36,2.0,3.15 G
2019-06-13 04:00:39,2.0,3.15 G
2019-06-13 04:00:41,2.0,3.15 G
2019-06-13 04:00:43,4.0,3.15 G
2019-06-13 04:00:45,2.0,3.15 G
2019-06-13 04:00:47,3.0,3.15 G
2019-06-13 04:00:49,3.0,3.15 G
2019-06-13 04:00:51,2.0,3.15 G
2019-06-13 04:00:53,3.0,3.15 G
2019-06-13 04:00:55,3.0,3.15 G
2019-06-13 04:00:57,2.0,3.15 G
2019-06-13 04:00:59,1.0,3.15 G
2019-06-13 04:01:01,2.0,3.15 G
2019-06-13 04:01:03,1.0,3.15 G
2019-06-13 04:01:05,3.0,3.15 G
2019-06-13 04:01:07,3.0,3.15 G
2019-06-13 04:01:09,3.0,3.15 G
2019-06-13 04:01:11,3.0,3.15 G
2019-06-13 04:01:13,2.0,3.15 G
2019-06-13 04:01:15,3.0,3.15 G
2019-06-13 04:01:17,3.0,3.15 G
2019-06-13 04:01:19,1.0,3.15 G
2019-06-13 04:01:21,1.0,3.15 G
2019-06-13 04:01:23,3.0,3.15 G
2019-06-13 04:01:25,2.0,3.15 G
2019-06-13 04:01:27,109.9,3.16 G
2019-06-13 04:01:29,110.9,3.26 G
2019-06-13 04:01:31,110.9,3.36 G
2019-06-13 04:01:33,100.9,3.43 G
2019-06-13 04:01:35,103.9,3.50 G
2019-06-13 04:01:37,101.9,3.56 G
2019-06-13 04:01:39,101.9,3.62 G
2019-06-13 04:01:41,102.9,3.67 G
2019-06-13 04:01:43,106.0,3.69 G
2019-06-13 04:01:45,102.9,3.70 G
2019-06-13 04:01:47,100.9,3.70 G
2019-06-13 04:01:49,101.9,3.70 G
2019-06-13 04:01:51,101.9,3.71 G
2019-06-13 04:01:53,101.9,3.71 G
2019-06-13 04:01:55,101.9,3.71 G
2019-06-13 04:01:57,102.9,3.71 G
2019-06-13 04:01:59,100.9,3.71 G
2019-06-13 04:02:01,101.9,3.71 G
2019-06-13 04:02:03,100.9,3.72 G
2019-06-13 04:02:05,100.9,3.72 G
2019-06-13 04:02:07,105.9,3.72 G
2019-06-13 04:02:09,101.0,3.72 G
2019-06-13 04:02:11,101.9,3.72 G
2019-06-13 04:02:13,100.9,3.72 G
2019-06-13 04:02:15,101.9,3.73 G
2019-06-13 04:02:17,101.9,3.73 G
2019-06-13 04:02:19,102.9,3.73 G
2019-06-13 04:02:21,101.9,3.73 G
2019-06-13 04:02:23,101.9,3.73 G
2019-06-13 04:02:25,101.9,3.74 G
2019-06-13 04:02:27,101.9,3.74 G
2019-06-13 04:02:29,104.9,3.74 G
2019-06-13 04:02:31,101.9,3.74 G
2019-06-13 04:02:33,102.9,3.74 G
2019-06-13 04:02:35,100.9,3.74 G
2019-06-13 04:02:37,736.5,3.74 G
2019-06-13 04:02:39,759.4,3.74 G
2019-06-13 04:02:41,762.4,3.74 G
2019-06-13 04:02:43,63.0,3.70 G
2019-06-13 04:02:45,1.0,3.70 G
2019-06-13 04:02:47,1.0,3.70 G
2019-06-13 04:02:49,3.0,3.70 G
2019-06-13 04:02:51,3.0,3.70 G
2019-06-13 04:02:53,2.0,3.70 G
2019-06-13 04:02:55,3.0,3.70 G
2019-06-13 04:02:57,2.0,3.70 G
2019-06-13 04:02:59,3.0,3.70 G
2019-06-13 04:03:01,3.0,3.70 G
2019-06-13 04:03:03,2.0,3.70 G
2019-06-13 04:03:05,2.0,3.70 G
2019-06-13 04:03:07,2.0,3.70 G
2019-06-13 04:03:09,2.0,3.70 G
2019-06-13 04:03:11,2.0,3.70 G
2019-06-13 04:03:13,2.0,3.70 G
2019-06-13 04:03:15,3.0,3.70 G
2019-06-13 04:03:17,2.0,3.70 G
2019-06-13 04:03:19,2.0,3.70 G
2019-06-13 04:03:21,3.0,3.70 G
2019-06-13 04:03:23,3.0,3.70 G
2019-06-13 04:03:25,3.0,3.70 G
2019-06-13 04:03:27,2.0,3.70 G
2019-06-13 04:03:29,3.0,3.70 G
2019-06-13 04:03:31,2.0,3.70 G
2019-06-13 04:03:33,2.0,3.70 G
2019-06-13 04:03:35,3.0,3.70 G
2019-06-13 04:03:37,2.0,3.70 G
2019-06-13 04:03:39,2.0,3.70 G
2019-06-13 04:03:41,1.0,3.70 G
2019-06-13 04:03:43,3.0,3.70 G
2019-06-13 04:03:45,2.0,3.70 G
2019-06-13 04:03:47,4.0,3.70 G
2019-06-13 04:03:49,1.0,3.70 G
2019-06-13 04:03:51,2.0,3.70 G
2019-06-13 04:03:53,2.0,3.70 G
2019-06-13 04:03:55,2.0,3.70 G
2019-06-13 04:03:57,2.0,3.70 G
2019-06-13 04:03:59,2.0,3.70 G
2019-06-13 04:04:01,3.0,3.70 G
2019-06-13 04:04:03,3.0,3.70 G
2019-06-13 04:04:05,2.0,3.70 G
2019-06-13 04:04:07,3.0,3.70 G
2019-06-13 04:04:09,3.0,3.70 G
2019-06-13 04:04:11,3.0,3.70 G
2019-06-13 04:04:13,3.0,3.70 G
2019-06-13 04:04:15,2.0,3.70 G
2019-06-13 04:04:17,1.0,3.70 G
2019-06-13 04:04:19,2.0,3.70 G
2019-06-13 04:04:21,4.0,3.70 G
2019-06-13 04:04:23,2.0,3.70 G
2019-06-13 04:04:25,2.0,3.70 G
2019-06-13 04:04:27,2.0,3.70 G
2019-06-13 04:04:29,2.0,3.70 G
2019-06-13 04:04:31,2.0,3.70 G
2019-06-13 04:04:33,1.0,3.70 G
2019-06-13 04:04:35,2.0,3.70 G
2019-06-13 04:04:37,2.0,3.70 G
2019-06-13 04:04:39,2.0,3.70 G
2019-06-13 04:04:41,1.0,3.70 G
2019-06-13 04:04:43,2.0,3.70 G
2019-06-13 04:04:45,2.0,3.70 G
2019-06-13 04:04:47,2.0,3.70 G
2019-06-13 04:04:49,2.0,3.70 G
2019-06-13 04:04:51,3.0,3.70 G
2019-06-13 04:04:53,2.0,3.70 G
2019-06-13 04:04:55,3.0,3.70 G
2019-06-13 04:04:57,35.0,3.74 G
2019-06-13 04:04:59,35.0,3.76 G
2019-06-13 04:05:02,35.0,3.78 G
2019-06-13 04:05:04,36.0,3.80 G
2019-06-13 04:05:06,37.0,3.81 G
2019-06-13 04:05:08,69.9,3.82 G
2019-06-13 04:05:10,34.0,3.82 G
2019-06-13 04:05:12,37.0,3.83 G
2019-06-13 04:05:14,36.0,3.83 G
2019-06-13 04:05:16,40.0,3.84 G
2019-06-13 04:05:18,39.0,3.85 G
2019-06-13 04:05:20,38.0,3.85 G
2019-06-13 04:05:22,46.8,3.85 G
2019-06-13 04:05:24,35.0,3.85 G
2019-06-13 04:05:26,36.0,3.86 G
2019-06-13 04:05:28,36.0,3.86 G
2019-06-13 04:05:30,35.0,3.86 G
2019-06-13 04:05:32,35.0,3.87 G
2019-06-13 04:05:34,39.0,3.87 G
2019-06-13 04:05:36,82.9,3.87 G
2019-06-13 04:05:38,36.0,3.87 G
2019-06-13 04:05:40,34.0,3.87 G
2019-06-13 04:05:42,36.0,3.87 G
2019-06-13 04:05:44,37.0,3.87 G
2019-06-13 04:05:46,35.0,3.87 G
2019-06-13 04:05:48,36.0,3.87 G
2019-06-13 04:05:50,35.0,3.87 G
2019-06-13 04:05:52,81.9,3.87 G
2019-06-13 04:05:54,34.0,3.87 G
2019-06-13 04:05:56,35.0,3.87 G
2019-06-13 04:05:58,37.0,3.87 G
2019-06-13 04:06:00,29.0,3.87 G
2019-06-13 04:06:02,35.0,3.87 G
2019-06-13 04:06:04,39.0,3.87 G
2019-06-13 04:06:06,37.0,3.87 G
2019-06-13 04:06:08,38.0,3.87 G
2019-06-13 04:06:10,37.0,3.87 G
2019-06-13 04:06:12,37.0,3.87 G
2019-06-13 04:06:14,36.0,3.87 G
2019-06-13 04:06:16,36.0,3.88 G
2019-06-13 04:06:18,38.0,3.88 G
2019-06-13 04:06:20,57.0,3.88 G
2019-06-13 04:06:22,40.0,3.88 G
2019-06-13 04:06:24,39.0,3.88 G
2019-06-13 04:06:26,38.0,3.88 G
2019-06-13 04:06:28,37.0,3.88 G
2019-06-13 04:06:30,34.0,3.88 G
2019-06-13 04:06:32,104.9,3.88 G
2019-06-13 04:06:34,36.0,3.88 G
2019-06-13 04:06:36,38.0,3.88 G
2019-06-13 04:06:38,35.0,3.88 G
2019-06-13 04:06:40,35.0,3.88 G
2019-06-13 04:06:42,35.0,3.88 G
2019-06-13 04:06:44,35.0,3.88 G
2019-06-13 04:06:46,38.0,3.88 G
2019-06-13 04:06:48,35.0,3.88 G
2019-06-13 04:06:50,36.0,3.88 G
2019-06-13 04:06:52,39.0,3.88 G
2019-06-13 04:06:54,40.0,3.88 G
2019-06-13 04:06:56,33.0,3.88 G
2019-06-13 04:06:58,36.0,3.88 G
2019-06-13 04:07:00,35.0,3.88 G
2019-06-13 04:07:02,36.0,3.88 G
2019-06-13 04:07:04,37.0,3.88 G
2019-06-13 04:07:06,38.0,3.88 G
2019-06-13 04:07:08,37.0,3.88 G
2019-06-13 04:07:10,38.0,3.88 G
2019-06-13 04:07:12,37.0,3.89 G
2019-06-13 04:07:14,33.0,3.89 G
2019-06-13 04:07:16,36.0,3.89 G
2019-06-13 04:07:18,37.0,3.89 G
2019-06-13 04:07:20,34.0,3.89 G
2019-06-13 04:07:22,38.0,3.89 G
2019-06-13 04:07:24,35.0,3.89 G
2019-06-13 04:07:26,37.0,3.89 G
2019-06-13 04:07:28,35.0,3.89 G
2019-06-13 04:07:30,34.0,3.89 G
2019-06-13 04:07:32,39.0,3.89 G
2019-06-13 04:07:34,36.0,3.89 G
2019-06-13 04:07:36,37.0,3.89 G
2019-06-13 04:07:38,40.0,3.89 G
2019-06-13 04:07:40,36.0,3.89 G
2019-06-13 04:07:42,40.0,3.89 G
2019-06-13 04:07:44,764.9,3.88 G
2019-06-13 04:07:46,762.5,3.86 G
2019-06-13 04:07:48,772.5,3.83 G
2019-06-13 04:07:50,762.5,3.75 G
2019-06-13 04:07:52,769.6,3.66 G
2019-06-13 04:07:54,761.6,3.61 G
2019-06-13 04:07:56,764.4,3.55 G
2019-06-13 04:07:58,764.9,3.51 G
2019-06-13 04:08:00,379.7,3.47 G
2019-06-13 04:08:02,4.0,3.47 G
2019-06-13 04:08:04,3.0,3.47 G
2019-06-13 04:08:06,3.0,3.47 G
2019-06-13 04:08:08,3.0,3.47 G
2019-06-13 04:08:10,3.0,3.47 G
2019-06-13 04:08:12,3.0,3.47 G
2019-06-13 04:08:14,3.0,3.47 G
2019-06-13 04:08:16,3.0,3.47 G
2019-06-13 04:08:18,3.0,3.47 G
2019-06-13 04:08:20,2.0,3.47 G
2019-06-13 04:08:22,1.0,3.47 G
2019-06-13 04:08:24,2.0,3.47 G
2019-06-13 04:08:26,2.0,3.47 G
2019-06-13 04:08:28,3.0,3.47 G
2019-06-13 04:08:30,3.0,3.47 G
2019-06-13 04:08:32,2.0,3.47 G
2019-06-13 04:08:34,4.0,3.47 G
2019-06-13 04:08:36,3.0,3.47 G
2019-06-13 04:08:38,2.0,3.47 G
2019-06-13 04:08:41,3.0,3.47 G
2019-06-13 04:08:43,2.0,3.47 G
2019-06-13 04:08:45,3.0,3.47 G
2019-06-13 04:08:47,3.0,3.47 G
2019-06-13 04:08:49,2.0,3.47 G
2019-06-13 04:08:51,2.0,3.47 G
2019-06-13 04:08:53,2.0,3.47 G
2019-06-13 04:08:55,3.0,3.47 G
2019-06-13 04:08:57,3.0,3.47 G
2019-06-13 04:08:59,3.0,3.47 G
2019-06-13 04:09:01,4.0,3.47 G
2019-06-13 04:09:03,2.0,3.47 G
2019-06-13 04:09:05,3.0,3.47 G
2019-06-13 04:09:07,2.0,3.47 G
2019-06-13 04:09:09,2.0,3.47 G
2019-06-13 04:09:11,1.0,3.47 G
2019-06-13 04:09:13,3.0,3.47 G
2019-06-13 04:09:15,3.0,3.47 G
2019-06-13 04:09:17,3.0,3.47 G
2019-06-13 04:09:19,3.0,3.47 G
2019-06-13 04:09:21,57.9,3.57 G
2019-06-13 04:09:23,756.5,3.54 G
2019-06-13 04:09:25,750.5,3.45 G
2019-06-13 04:09:27,79.9,3.26 G
2019-06-13 04:09:29,3.0,3.26 G
2019-06-13 04:09:31,2.0,3.26 G
2019-06-13 04:09:33,2.0,3.26 G
2019-06-13 04:09:35,2.0,3.26 G
2019-06-13 04:09:37,3.0,3.26 G
2019-06-13 04:09:39,3.0,3.26 G
2019-06-13 04:09:41,3.0,3.26 G
2019-06-13 04:09:43,1.0,3.26 G
2019-06-13 04:09:45,2.0,3.26 G
2019-06-13 04:09:47,2.0,3.26 G
2019-06-13 04:09:49,4.0,3.26 G
2019-06-13 04:09:51,3.0,3.26 G
2019-06-13 04:09:53,1.0,3.26 G
2019-06-13 04:09:55,2.0,3.26 G
2019-06-13 04:09:57,3.0,3.26 G
2019-06-13 04:09:59,2.0,3.26 G
2019-06-13 04:10:01,2.0,3.26 G
2019-06-13 04:10:03,2.0,3.26 G
2019-06-13 04:10:05,2.0,3.26 G
2019-06-13 04:10:07,2.0,3.26 G
2019-06-13 04:10:09,3.0,3.26 G
2019-06-13 04:10:11,2.0,3.26 G
2019-06-13 04:10:13,1.0,3.26 G
2019-06-13 04:10:15,3.0,3.26 G
2019-06-13 04:10:17,2.0,3.26 G
2019-06-13 04:10:19,3.0,3.26 G
2019-06-13 04:10:21,3.0,3.26 G
2019-06-13 04:10:23,2.0,3.26 G
2019-06-13 04:10:25,3.0,3.26 G
2019-06-13 04:10:27,1.0,3.26 G
2019-06-13 04:10:29,2.0,3.26 G
2019-06-13 04:10:31,3.0,3.26 G
2019-06-13 04:10:33,2.0,3.26 G
2019-06-13 04:10:35,2.0,3.26 G
2019-06-13 04:10:37,3.0,3.26 G
2019-06-13 04:10:39,2.0,3.26 G
2019-06-13 04:10:41,2.0,3.26 G
2019-06-13 04:10:43,2.0,3.26 G
2019-06-13 04:10:45,3.0,3.26 G
2019-06-13 04:10:47,3.0,3.26 G
2019-06-13 04:10:49,3.0,3.26 G
2019-06-13 04:10:51,3.0,3.26 G
2019-06-13 04:10:53,3.0,3.26 G
2019-06-13 04:10:55,2.0,3.26 G
2019-06-13 04:10:57,2.0,3.26 G
2019-06-13 04:10:59,3.0,3.26 G
2019-06-13 04:11:01,3.0,3.26 G
2019-06-13 04:11:03,3.0,3.26 G
2019-06-13 04:11:05,3.0,3.26 G
2019-06-13 04:11:07,3.0,3.26 G
2019-06-13 04:11:09,2.0,3.26 G
2019-06-13 04:11:11,2.0,3.26 G
2019-06-13 04:11:13,25.0,3.42 G
2019-06-13 04:11:15,764.5,3.45 G
2019-06-13 04:11:17,763.8,3.44 G
2019-06-13 04:11:19,764.6,3.41 G
2019-06-13 04:11:21,762.3,3.41 G
2019-06-13 04:11:23,764.6,3.40 G
2019-06-13 04:11:25,5.0,3.23 G
2019-06-13 04:11:27,3.0,3.23 G
2019-06-13 04:11:29,2.0,3.23 G
2019-06-13 04:11:31,3.0,3.23 G
2019-06-13 04:11:33,3.0,3.23 G
2019-06-13 04:11:35,3.0,3.23 G
2019-06-13 04:11:37,2.0,3.23 G
2019-06-13 04:11:39,2.0,3.23 G
2019-06-13 04:11:41,2.0,3.23 G
2019-06-13 04:11:43,3.0,3.23 G
2019-06-13 04:11:45,3.0,3.23 G
2019-06-13 04:11:47,2.0,3.23 G
2019-06-13 04:11:49,2.0,3.23 G
2019-06-13 04:11:51,2.0,3.23 G
2019-06-13 04:11:53,2.0,3.23 G
2019-06-13 04:11:55,3.0,3.23 G
2019-06-13 04:11:57,2.0,3.23 G
2019-06-13 04:11:59,3.0,3.23 G
2019-06-13 04:12:01,2.0,3.23 G
2019-06-13 04:12:03,2.0,3.23 G
2019-06-13 04:12:05,2.0,3.23 G
2019-06-13 04:12:07,2.0,3.23 G
2019-06-13 04:12:09,2.0,3.23 G
2019-06-13 04:12:11,2.0,3.23 G
2019-06-13 04:12:13,2.0,3.23 G
2019-06-13 04:12:15,2.0,3.23 G
2019-06-13 04:12:17,2.0,3.23 G
2019-06-13 04:12:19,2.0,3.23 G
2019-06-13 04:12:21,2.0,3.23 G
2019-06-13 04:12:24,2.0,3.23 G
2019-06-13 04:12:26,2.0,3.23 G
2019-06-13 04:12:28,3.0,3.23 G
2019-06-13 04:12:30,3.0,3.23 G
2019-06-13 04:12:32,2.0,3.23 G
2019-06-13 04:12:34,2.0,3.23 G
2019-06-13 04:12:36,2.0,3.23 G
2019-06-13 04:12:38,2.0,3.23 G
2019-06-13 04:12:40,2.0,3.23 G
2019-06-13 04:12:42,2.0,3.23 G
2019-06-13 04:12:44,2.0,3.23 G
2019-06-13 04:12:46,2.0,3.23 G
2019-06-13 04:12:48,2.0,3.23 G
2019-06-13 04:12:50,3.0,3.23 G
2019-06-13 04:12:52,2.0,3.23 G
2019-06-13 04:12:54,2.0,3.23 G
2019-06-13 04:12:56,1.0,3.23 G
2019-06-13 04:12:58,1.0,3.23 G
2019-06-13 04:13:00,2.0,3.23 G
2019-06-13 04:13:02,3.0,3.23 G
2019-06-13 04:13:04,2.0,3.23 G
2019-06-13 04:13:06,3.0,3.23 G
2019-06-13 04:13:08,2.0,3.23 G
2019-06-13 04:13:10,3.0,3.23 G
2019-06-13 04:13:12,3.0,3.23 G
2019-06-13 04:13:14,2.0,3.23 G
2019-06-13 04:13:16,2.0,3.23 G
2019-06-13 04:13:18,2.0,3.23 G
2019-06-13 04:13:20,2.0,3.23 G
2019-06-13 04:13:22,3.0,3.23 G
2019-06-13 04:13:24,2.0,3.23 G
2019-06-13 04:13:26,1.0,3.23 G
2019-06-13 04:13:28,1.0,3.23 G
2019-06-13 04:13:30,2.0,3.23 G
2019-06-13 04:13:32,1.0,3.23 G
2019-06-13 04:13:34,1.0,3.23 G
2019-06-13 04:13:36,2.0,3.23 G
2019-06-13 04:13:38,30.0,3.26 G
2019-06-13 04:13:40,35.0,3.26 G
2019-06-13 04:13:42,39.0,3.26 G
2019-06-13 04:13:44,34.0,3.27 G
2019-06-13 04:13:46,37.0,3.27 G
2019-06-13 04:13:48,35.0,3.27 G
2019-06-13 04:13:50,34.0,3.27 G
2019-06-13 04:13:52,35.0,3.28 G
2019-06-13 04:13:54,35.0,3.28 G
2019-06-13 04:13:56,31.0,3.28 G
2019-06-13 04:13:58,35.0,3.28 G
2019-06-13 04:14:00,35.0,3.28 G
2019-06-13 04:14:02,35.0,3.28 G
2019-06-13 04:14:04,68.9,3.29 G
2019-06-13 04:14:06,34.0,3.29 G
2019-06-13 04:14:08,37.0,3.29 G
2019-06-13 04:14:10,34.0,3.30 G
2019-06-13 04:14:12,37.0,3.30 G
2019-06-13 04:14:14,34.0,3.30 G
2019-06-13 04:14:16,35.0,3.31 G
2019-06-13 04:14:18,79.0,3.38 G
2019-06-13 04:14:20,35.0,3.38 G
2019-06-13 04:14:22,36.0,3.39 G
2019-06-13 04:14:24,36.0,3.40 G
2019-06-13 04:14:26,36.0,3.41 G
2019-06-13 04:14:28,35.0,3.41 G
2019-06-13 04:14:30,82.9,3.44 G
2019-06-13 04:14:32,35.0,3.45 G
2019-06-13 04:14:34,33.0,3.46 G
2019-06-13 04:14:36,34.0,3.46 G
2019-06-13 04:14:38,34.0,3.46 G
2019-06-13 04:14:40,35.0,3.46 G
2019-06-13 04:14:42,36.0,3.46 G
2019-06-13 04:14:44,35.0,3.55 G
2019-06-13 04:14:46,33.0,3.55 G
2019-06-13 04:14:48,35.0,3.55 G
2019-06-13 04:14:50,37.0,3.55 G
2019-06-13 04:14:52,36.0,3.55 G
2019-06-13 04:14:54,36.0,3.56 G
2019-06-13 04:14:56,37.0,3.56 G
2019-06-13 04:14:58,36.0,3.56 G
2019-06-13 04:15:00,36.0,3.56 G
2019-06-13 04:15:02,35.0,3.56 G
2019-06-13 04:15:04,36.0,3.57 G
2019-06-13 04:15:06,38.0,3.57 G
2019-06-13 04:15:08,35.0,3.65 G
2019-06-13 04:15:10,36.0,3.65 G
2019-06-13 04:15:12,36.0,3.65 G
2019-06-13 04:15:14,35.0,3.65 G
2019-06-13 04:15:16,37.0,3.65 G
2019-06-13 04:15:18,73.0,3.66 G
2019-06-13 04:15:20,35.0,3.66 G
2019-06-13 04:15:22,36.0,3.66 G
2019-06-13 04:15:24,36.0,3.66 G
2019-06-13 04:15:26,36.0,3.66 G
2019-06-13 04:15:28,38.0,3.66 G
2019-06-13 04:15:30,37.0,3.69 G
2019-06-13 04:15:32,36.0,3.69 G
2019-06-13 04:15:34,36.0,3.69 G
2019-06-13 04:15:36,35.0,3.69 G
2019-06-13 04:15:38,34.0,3.69 G
2019-06-13 04:15:40,33.0,3.69 G
2019-06-13 04:15:42,34.0,3.69 G
2019-06-13 04:15:44,35.0,3.69 G
2019-06-13 04:15:46,35.0,3.69 G
2019-06-13 04:15:48,35.0,3.69 G
2019-06-13 04:15:50,35.0,3.69 G
2019-06-13 04:15:52,35.0,3.69 G
2019-06-13 04:15:54,32.0,3.69 G
2019-06-13 04:15:56,37.0,3.69 G
2019-06-13 04:15:58,35.0,3.73 G
2019-06-13 04:16:00,40.0,3.73 G
2019-06-13 04:16:02,35.0,3.74 G
2019-06-13 04:16:04,36.0,3.74 G
2019-06-13 04:16:06,36.0,3.74 G
2019-06-13 04:16:08,34.0,3.74 G
2019-06-13 04:16:10,35.0,3.74 G
2019-06-13 04:16:12,34.0,3.74 G
2019-06-13 04:16:14,36.0,3.74 G
2019-06-13 04:16:16,36.0,3.74 G
2019-06-13 04:16:18,36.0,3.74 G
2019-06-13 04:16:21,36.0,3.74 G
2019-06-13 04:16:23,37.0,3.75 G
2019-06-13 04:16:25,204.8,3.75 G
2019-06-13 04:16:27,766.5,3.75 G
2019-06-13 04:16:29,765.5,3.75 G
2019-06-13 04:16:31,772.5,3.75 G
2019-06-13 04:16:33,764.6,3.70 G
2019-06-13 04:16:35,765.6,3.64 G
2019-06-13 04:16:37,764.5,3.57 G
2019-06-13 04:16:39,768.5,3.53 G
2019-06-13 04:16:41,765.6,3.48 G
2019-06-13 04:16:43,3.0,3.44 G
2019-06-13 04:16:45,3.0,3.44 G
2019-06-13 04:16:47,3.0,3.44 G
2019-06-13 04:16:49,3.0,3.44 G
2019-06-13 04:16:51,2.0,3.44 G
2019-06-13 04:16:53,2.0,3.44 G
2019-06-13 04:16:55,2.0,3.44 G
2019-06-13 04:16:57,2.0,3.44 G
2019-06-13 04:16:59,2.0,3.44 G
2019-06-13 04:17:01,2.0,3.44 G
2019-06-13 04:17:03,3.0,3.44 G
2019-06-13 04:17:05,3.0,3.44 G
2019-06-13 04:17:07,2.0,3.44 G
2019-06-13 04:17:09,2.0,3.44 G
2019-06-13 04:17:11,2.0,3.44 G
2019-06-13 04:17:13,2.0,3.44 G
2019-06-13 04:17:15,3.0,3.44 G
2019-06-13 04:17:17,3.0,3.44 G
2019-06-13 04:17:19,2.0,3.44 G
2019-06-13 04:17:21,3.0,3.44 G
2019-06-13 04:17:23,3.0,3.44 G
2019-06-13 04:17:25,2.0,3.44 G
2019-06-13 04:17:27,3.0,3.44 G
2019-06-13 04:17:29,2.0,3.44 G
2019-06-13 04:17:31,3.0,3.44 G
2019-06-13 04:17:33,1.0,3.44 G
2019-06-13 04:17:35,3.0,3.44 G
2019-06-13 04:17:37,3.0,3.44 G
2019-06-13 04:17:39,2.0,3.44 G
2019-06-13 04:17:41,3.0,3.44 G
2019-06-13 04:17:43,2.0,3.44 G
2019-06-13 04:17:45,3.0,3.44 G
2019-06-13 04:17:47,2.0,3.44 G
2019-06-13 04:17:49,3.0,3.44 G
2019-06-13 04:17:51,2.0,3.44 G
2019-06-13 04:17:53,3.0,3.44 G
2019-06-13 04:17:55,3.0,3.44 G
2019-06-13 04:17:57,2.0,3.44 G
2019-06-13 04:17:59,2.0,3.44 G
2019-06-13 04:18:01,1.0,3.44 G
2019-06-13 04:18:03,3.0,3.44 G
2019-06-13 04:18:05,3.0,3.44 G
2019-06-13 04:18:07,2.0,3.44 G
2019-06-13 04:18:09,3.0,3.44 G
2019-06-13 04:18:11,40.0,3.45 G
2019-06-13 04:18:13,37.0,3.46 G
2019-06-13 04:18:15,35.0,3.47 G
2019-06-13 04:18:17,36.0,3.48 G
2019-06-13 04:18:19,37.0,3.48 G
2019-06-13 04:18:21,36.0,3.49 G
2019-06-13 04:18:23,60.9,3.50 G
2019-06-13 04:18:25,27.0,3.50 G
2019-06-13 04:18:27,36.0,3.51 G
2019-06-13 04:18:29,36.0,3.52 G
2019-06-13 04:18:31,37.0,3.52 G
2019-06-13 04:18:33,30.0,3.53 G
2019-06-13 04:18:35,36.0,3.53 G
2019-06-13 04:18:37,34.0,3.59 G
2019-06-13 04:18:39,35.0,3.60 G
2019-06-13 04:18:41,36.0,3.60 G
2019-06-13 04:18:43,40.0,3.60 G
2019-06-13 04:18:45,38.0,3.60 G
2019-06-13 04:18:47,31.0,3.61 G
2019-06-13 04:18:49,38.0,3.61 G
2019-06-13 04:18:51,34.0,3.62 G
2019-06-13 04:18:53,35.0,3.62 G
2019-06-13 04:18:55,35.0,3.62 G
2019-06-13 04:18:57,38.0,3.62 G
2019-06-13 04:18:59,39.0,3.62 G
2019-06-13 04:19:01,36.0,3.62 G
2019-06-13 04:19:03,35.0,3.63 G
2019-06-13 04:19:05,39.0,3.66 G
2019-06-13 04:19:07,38.0,3.66 G
2019-06-13 04:19:09,38.0,3.66 G
2019-06-13 04:19:11,40.0,3.67 G
2019-06-13 04:19:13,39.0,3.67 G
2019-06-13 04:19:15,38.0,3.67 G
2019-06-13 04:19:17,72.0,3.67 G
2019-06-13 04:19:19,37.0,3.67 G
2019-06-13 04:19:21,35.0,3.67 G
2019-06-13 04:19:23,36.0,3.67 G
2019-06-13 04:19:25,39.0,3.67 G
2019-06-13 04:19:27,36.0,3.67 G
2019-06-13 04:19:29,38.0,3.67 G
2019-06-13 04:19:31,70.9,3.70 G
2019-06-13 04:19:33,36.0,3.70 G
2019-06-13 04:19:35,38.0,3.70 G
2019-06-13 04:19:37,34.0,3.70 G
2019-06-13 04:19:39,36.0,3.70 G
2019-06-13 04:19:41,37.0,3.70 G
2019-06-13 04:19:43,39.0,3.70 G
2019-06-13 04:19:45,43.0,3.70 G
2019-06-13 04:19:47,37.0,3.70 G
2019-06-13 04:19:49,38.0,3.70 G
2019-06-13 04:19:51,38.0,3.70 G
2019-06-13 04:19:53,38.0,3.70 G
2019-06-13 04:19:55,39.0,3.70 G
2019-06-13 04:19:57,35.0,3.71 G
2019-06-13 04:19:59,39.0,3.72 G
2019-06-13 04:20:01,37.0,3.72 G
2019-06-13 04:20:03,35.0,3.72 G
2019-06-13 04:20:05,36.0,3.72 G
2019-06-13 04:20:08,36.0,3.72 G
2019-06-13 04:20:10,38.0,3.72 G
2019-06-13 04:20:12,38.0,3.72 G
2019-06-13 04:20:14,35.0,3.72 G
2019-06-13 04:20:16,37.0,3.72 G
2019-06-13 04:20:18,35.0,3.73 G
2019-06-13 04:20:20,36.0,3.73 G
2019-06-13 04:20:22,37.0,3.73 G
2019-06-13 04:20:24,38.0,3.73 G
2019-06-13 04:20:26,38.0,3.73 G
2019-06-13 04:20:28,37.0,3.74 G
2019-06-13 04:20:30,36.0,3.74 G
2019-06-13 04:20:32,36.0,3.74 G
2019-06-13 04:20:34,35.0,3.74 G
2019-06-13 04:20:36,36.0,3.74 G
2019-06-13 04:20:38,35.0,3.74 G
2019-06-13 04:20:40,36.0,3.74 G
2019-06-13 04:20:42,35.0,3.74 G
2019-06-13 04:20:44,35.0,3.74 G
2019-06-13 04:20:46,36.0,3.74 G
2019-06-13 04:20:48,35.0,3.74 G
2019-06-13 04:20:50,36.0,3.74 G
2019-06-13 04:20:52,36.0,3.74 G
2019-06-13 04:20:54,69.9,3.75 G
2019-06-13 04:20:56,34.0,3.75 G
2019-06-13 04:20:58,39.0,3.75 G
2019-06-13 04:21:00,37.0,3.75 G
2019-06-13 04:21:02,39.0,3.75 G
2019-06-13 04:21:04,36.0,3.75 G
2019-06-13 04:21:06,36.0,3.75 G
2019-06-13 04:21:08,70.9,3.75 G
2019-06-13 04:21:10,39.0,3.75 G
2019-06-13 04:21:12,35.0,3.75 G
2019-06-13 04:21:14,36.0,3.75 G
2019-06-13 04:21:16,37.0,3.75 G
2019-06-13 04:21:18,36.0,3.75 G
2019-06-13 04:21:20,36.0,3.75 G
2019-06-13 04:21:22,71.0,3.76 G
2019-06-13 04:21:24,39.0,3.76 G
2019-06-13 04:21:26,35.0,3.76 G
2019-06-13 04:21:28,35.0,3.76 G
2019-06-13 04:21:30,36.0,3.76 G
2019-06-13 04:21:32,39.0,3.76 G
2019-06-13 04:21:34,40.0,3.76 G
2019-06-13 04:21:36,68.9,3.76 G
2019-06-13 04:21:38,35.0,3.76 G
2019-06-13 04:21:40,36.0,3.76 G
2019-06-13 04:21:42,431.8,3.75 G
2019-06-13 04:21:44,756.5,3.75 G
2019-06-13 04:21:46,763.6,3.75 G
2019-06-13 04:21:48,155.8,3.61 G
2019-06-13 04:21:50,3.0,3.61 G
2019-06-13 04:21:52,3.0,3.61 G
2019-06-13 04:21:54,3.0,3.61 G
2019-06-13 04:21:56,4.0,3.61 G
2019-06-13 04:21:58,1.0,3.61 G
2019-06-13 04:22:00,2.0,3.61 G
2019-06-13 04:22:02,2.0,3.61 G
2019-06-13 04:22:04,2.0,3.61 G
2019-06-13 04:22:06,2.0,3.61 G
2019-06-13 04:22:08,1.0,3.61 G
2019-06-13 04:22:10,2.0,3.61 G
2019-06-13 04:22:12,1.0,3.61 G
2019-06-13 04:22:14,1.0,3.61 G
2019-06-13 04:22:16,2.0,3.61 G
2019-06-13 04:22:18,2.0,3.61 G
2019-06-13 04:22:20,3.0,3.61 G
2019-06-13 04:22:22,3.0,3.61 G
2019-06-13 04:22:24,3.0,3.61 G
2019-06-13 04:22:26,194.8,3.59 G
2019-06-13 04:22:28,763.5,3.45 G
2019-06-13 04:22:30,762.5,3.40 G
2019-06-13 04:22:32,92.9,3.30 G
2019-06-13 04:22:34,2.0,3.30 G
2019-06-13 04:22:36,3.0,3.30 G
2019-06-13 04:22:38,3.0,3.30 G
2019-06-13 04:22:40,3.0,3.30 G
2019-06-13 04:22:42,3.0,3.30 G
2019-06-13 04:22:44,2.0,3.30 G
2019-06-13 04:22:46,2.0,3.30 G
2019-06-13 04:22:48,2.0,3.30 G
2019-06-13 04:22:50,2.0,3.30 G
2019-06-13 04:22:52,3.0,3.30 G
2019-06-13 04:22:54,3.0,3.30 G
2019-06-13 04:22:56,2.0,3.30 G
2019-06-13 04:22:58,3.0,3.30 G
2019-06-13 04:23:00,3.0,3.30 G
2019-06-13 04:23:02,2.0,3.30 G
2019-06-13 04:23:04,2.0,3.30 G
2019-06-13 04:23:06,3.0,3.30 G
2019-06-13 04:23:08,2.0,3.30 G
2019-06-13 04:23:10,2.0,3.30 G
2019-06-13 04:23:12,572.5,3.29 G
2019-06-13 04:23:14,762.6,3.26 G
2019-06-13 04:23:16,763.5,3.24 G
2019-06-13 04:23:18,7.0,3.23 G
2019-06-13 04:23:20,2.0,3.23 G
2019-06-13 04:23:22,3.0,3.23 G
2019-06-13 04:23:24,18.0,3.24 G
2019-06-13 04:23:26,43.0,3.24 G
2019-06-13 04:23:28,43.0,3.24 G
2019-06-13 04:23:30,43.0,3.24 G
2019-06-13 04:23:32,34.0,3.24 G
2019-06-13 04:23:34,40.0,3.24 G
2019-06-13 04:23:36,41.0,3.24 G
2019-06-13 04:23:38,41.0,3.24 G
2019-06-13 04:23:40,42.0,3.28 G
2019-06-13 04:23:42,41.0,3.28 G
2019-06-13 04:23:44,40.0,3.28 G
2019-06-13 04:23:46,45.0,3.28 G
2019-06-13 04:23:48,43.0,3.28 G
2019-06-13 04:23:50,39.0,3.28 G
2019-06-13 04:23:53,40.0,3.28 G
2019-06-13 04:23:55,39.0,3.28 G
2019-06-13 04:23:57,40.0,3.35 G
2019-06-13 04:23:59,43.9,3.35 G
2019-06-13 04:24:01,44.9,3.35 G
2019-06-13 04:24:03,43.0,3.35 G
2019-06-13 04:24:05,40.0,3.35 G
2019-06-13 04:24:07,41.0,3.35 G
2019-06-13 04:24:09,42.0,3.35 G
2019-06-13 04:24:11,84.0,3.42 G
2019-06-13 04:24:13,42.0,3.42 G
2019-06-13 04:24:15,42.0,3.42 G
2019-06-13 04:24:17,41.0,3.42 G
2019-06-13 04:24:19,82.9,3.42 G
2019-06-13 04:24:21,41.0,3.42 G
2019-06-13 04:24:23,41.0,3.42 G
2019-06-13 04:24:25,40.0,3.42 G
2019-06-13 04:24:27,43.0,3.46 G
2019-06-13 04:24:29,42.0,3.46 G
2019-06-13 04:24:31,41.0,3.46 G
2019-06-13 04:24:33,39.0,3.46 G
2019-06-13 04:24:35,41.0,3.46 G
2019-06-13 04:24:37,41.0,3.46 G
2019-06-13 04:24:39,41.0,3.46 G
2019-06-13 04:24:41,42.0,3.46 G
2019-06-13 04:24:43,44.0,3.48 G
2019-06-13 04:24:45,45.0,3.49 G
2019-06-13 04:24:47,33.0,3.49 G
2019-06-13 04:24:49,59.9,3.49 G
2019-06-13 04:24:51,42.0,3.49 G
2019-06-13 04:24:53,40.0,3.49 G
2019-06-13 04:24:55,39.0,3.49 G
2019-06-13 04:24:57,80.9,3.51 G
2019-06-13 04:24:59,41.0,3.51 G
2019-06-13 04:25:01,44.9,3.51 G
2019-06-13 04:25:03,39.0,3.51 G
2019-06-13 04:25:05,82.9,3.51 G
2019-06-13 04:25:07,42.0,3.51 G
2019-06-13 04:25:09,43.9,3.51 G
2019-06-13 04:25:11,44.9,3.51 G
2019-06-13 04:25:13,83.0,3.53 G
2019-06-13 04:25:15,42.0,3.53 G
2019-06-13 04:25:17,41.0,3.53 G
2019-06-13 04:25:19,43.0,3.53 G
2019-06-13 04:25:21,81.9,3.53 G
2019-06-13 04:25:23,43.0,3.53 G
2019-06-13 04:25:25,43.0,3.53 G
2019-06-13 04:25:27,43.9,3.53 G
2019-06-13 04:25:29,83.9,3.53 G
2019-06-13 04:25:31,41.0,3.53 G
2019-06-13 04:25:33,40.0,3.53 G
2019-06-13 04:25:35,40.0,3.53 G
2019-06-13 04:25:37,78.9,3.53 G
2019-06-13 04:25:39,29.0,3.53 G
2019-06-13 04:25:41,38.0,3.53 G
2019-06-13 04:25:43,40.0,3.53 G
2019-06-13 04:25:45,71.9,3.53 G
2019-06-13 04:25:47,42.0,3.53 G
2019-06-13 04:25:49,44.0,3.53 G
2019-06-13 04:25:51,44.0,3.53 G
2019-06-13 04:25:53,43.0,3.53 G
2019-06-13 04:25:55,41.0,3.53 G
2019-06-13 04:25:57,40.0,3.53 G
2019-06-13 04:25:59,40.0,3.53 G
2019-06-13 04:26:01,40.0,3.53 G
2019-06-13 04:26:03,40.0,3.53 G
2019-06-13 04:26:05,39.0,3.53 G
2019-06-13 04:26:07,37.0,3.53 G
2019-06-13 04:26:09,41.0,3.53 G
2019-06-13 04:26:11,34.0,3.53 G
2019-06-13 04:26:13,39.0,3.53 G
2019-06-13 04:26:15,40.0,3.53 G
2019-06-13 04:26:17,41.0,3.53 G
2019-06-13 04:26:19,60.0,3.53 G
2019-06-13 04:26:21,40.0,3.53 G
2019-06-13 04:26:23,40.0,3.53 G
2019-06-13 04:26:25,40.0,3.53 G
2019-06-13 04:26:27,58.9,3.53 G
2019-06-13 04:26:29,43.0,3.53 G
2019-06-13 04:26:31,41.0,3.53 G
2019-06-13 04:26:33,38.0,3.53 G
2019-06-13 04:26:35,60.9,3.53 G
2019-06-13 04:26:37,40.0,3.53 G
2019-06-13 04:26:39,39.0,3.53 G
2019-06-13 04:26:41,39.0,3.53 G
2019-06-13 04:26:43,40.0,3.53 G
2019-06-13 04:26:45,42.0,3.53 G
2019-06-13 04:26:47,42.0,3.53 G
2019-06-13 04:26:49,42.0,3.53 G
2019-06-13 04:26:51,41.0,3.53 G
2019-06-13 04:26:53,248.9,3.53 G
2019-06-13 04:26:55,746.6,3.53 G
2019-06-13 04:26:57,771.5,3.53 G
2019-06-13 04:26:59,763.5,3.53 G
2019-06-13 04:27:01,478.5,3.51 G
2019-06-13 04:27:03,2.0,3.51 G
2019-06-13 04:27:05,3.0,3.51 G
2019-06-13 04:27:07,2.0,3.51 G
2019-06-13 04:27:09,2.0,3.51 G
2019-06-13 04:27:11,3.0,3.51 G
2019-06-13 04:27:13,2.0,3.51 G
2019-06-13 04:27:15,3.0,3.51 G
2019-06-13 04:27:17,3.0,3.51 G
2019-06-13 04:27:19,3.0,3.51 G
2019-06-13 04:27:21,4.0,3.51 G
2019-06-13 04:27:23,2.0,3.51 G
2019-06-13 04:27:25,2.0,3.51 G
2019-06-13 04:27:27,2.0,3.51 G
2019-06-13 04:27:29,4.0,3.51 G
2019-06-13 04:27:31,3.0,3.51 G
2019-06-13 04:27:33,3.0,3.51 G
2019-06-13 04:27:35,3.0,3.51 G
2019-06-13 04:27:37,2.0,3.51 G
2019-06-13 04:27:39,3.0,3.51 G
2019-06-13 04:27:41,3.0,3.51 G
2019-06-13 04:27:43,2.0,3.51 G
2019-06-13 04:27:45,3.0,3.51 G
2019-06-13 04:27:48,2.0,3.51 G
2019-06-13 04:27:50,2.0,3.51 G
2019-06-13 04:27:52,2.0,3.51 G
2019-06-13 04:27:54,2.0,3.51 G
2019-06-13 04:27:56,2.0,3.51 G
2019-06-13 04:27:58,3.0,3.51 G
2019-06-13 04:28:00,3.0,3.51 G
2019-06-13 04:28:02,3.0,3.51 G
2019-06-13 04:28:04,2.0,3.51 G
2019-06-13 04:28:06,2.0,3.51 G
2019-06-13 04:28:08,487.5,3.56 G
2019-06-13 04:28:10,754.5,3.51 G
2019-06-13 04:28:12,754.5,3.44 G
2019-06-13 04:28:14,22.0,3.39 G
2019-06-13 04:28:16,2.0,3.39 G
2019-06-13 04:28:18,2.0,3.39 G
2019-06-13 04:28:20,2.0,3.39 G
2019-06-13 04:28:22,4.0,3.39 G
2019-06-13 04:28:24,752.6,3.39 G
2019-06-13 04:28:26,753.5,3.37 G
2019-06-13 04:28:28,754.5,3.35 G
2019-06-13 04:28:30,1.0,3.35 G
2019-06-13 04:28:32,3.0,3.35 G
2019-06-13 04:28:34,3.0,3.35 G
2019-06-13 04:28:36,3.0,3.35 G
2019-06-13 04:28:38,3.0,3.35 G
2019-06-13 04:28:40,2.0,3.35 G
2019-06-13 04:28:42,1.0,3.35 G
2019-06-13 04:28:44,2.0,3.35 G
2019-06-13 04:28:46,2.0,3.35 G
2019-06-13 04:28:48,1.0,3.35 G
2019-06-13 04:28:50,3.0,3.35 G
2019-06-13 04:28:52,3.0,3.35 G
2019-06-13 04:28:54,2.0,3.35 G
2019-06-13 04:28:56,2.0,3.35 G
2019-06-13 04:28:58,2.0,3.35 G
2019-06-13 04:29:00,3.0,3.35 G
2019-06-13 04:29:02,2.0,3.35 G
2019-06-13 04:29:04,3.0,3.35 G
2019-06-13 04:29:06,3.0,3.35 G
2019-06-13 04:29:08,3.0,3.35 G
2019-06-13 04:29:10,2.0,3.35 G
2019-06-13 04:29:12,2.0,3.35 G
2019-06-13 04:29:14,2.0,3.35 G
2019-06-13 04:29:16,2.0,3.35 G
2019-06-13 04:29:18,2.0,3.35 G
2019-06-13 04:29:20,2.0,3.35 G
2019-06-13 04:29:22,3.0,3.35 G
2019-06-13 04:29:24,2.0,3.35 G
2019-06-13 04:29:26,2.0,3.35 G
2019-06-13 04:29:28,3.0,3.35 G
2019-06-13 04:29:30,2.0,3.35 G
2019-06-13 04:29:32,2.0,3.35 G
2019-06-13 04:29:34,3.0,3.35 G
2019-06-13 04:29:36,3.0,3.35 G
2019-06-13 04:29:38,3.0,3.35 G
2019-06-13 04:29:40,2.0,3.35 G
2019-06-13 04:29:42,2.0,3.35 G
2019-06-13 04:29:44,112.9,3.46 G
2019-06-13 04:29:46,108.9,3.56 G
2019-06-13 04:29:48,107.9,3.68 G
2019-06-13 04:29:50,117.9,3.71 G
2019-06-13 04:29:52,757.4,3.71 G
2019-06-13 04:29:54,760.8,3.71 G
2019-06-13 04:29:56,759.5,3.67 G
2019-06-13 04:29:58,763.6,3.66 G
2019-06-13 04:30:00,764.6,3.66 G
2019-06-13 04:30:02,5.0,3.62 G
2019-06-13 04:30:04,1.0,3.62 G
2019-06-13 04:30:06,1.0,3.62 G
2019-06-13 04:30:08,3.0,3.62 G
2019-06-13 04:30:10,3.0,3.62 G
2019-06-13 04:30:12,2.0,3.62 G
2019-06-13 04:30:14,2.0,3.62 G
2019-06-13 04:30:16,2.0,3.62 G
2019-06-13 04:30:18,1.0,3.62 G
2019-06-13 04:30:20,3.0,3.62 G
2019-06-13 04:30:22,2.0,3.62 G
2019-06-13 04:30:24,2.0,3.62 G
2019-06-13 04:30:26,2.0,3.62 G
2019-06-13 04:30:28,2.0,3.62 G
2019-06-13 04:30:30,3.0,3.62 G
2019-06-13 04:30:32,2.0,3.62 G
2019-06-13 04:30:34,2.0,3.62 G
2019-06-13 04:30:36,3.0,3.62 G
2019-06-13 04:30:38,2.0,3.62 G
2019-06-13 04:30:40,2.0,3.62 G
2019-06-13 04:30:42,3.0,3.62 G
2019-06-13 04:30:44,2.0,3.62 G
2019-06-13 04:30:46,2.0,3.62 G
2019-06-13 04:30:48,2.0,3.62 G
2019-06-13 04:30:50,2.0,3.62 G
2019-06-13 04:30:52,4.0,3.62 G
2019-06-13 04:30:54,3.0,3.62 G
2019-06-13 04:30:56,2.0,3.62 G
2019-06-13 04:30:58,1.0,3.62 G
2019-06-13 04:31:00,2.0,3.62 G
2019-06-13 04:31:02,2.0,3.62 G
2019-06-13 04:31:04,2.0,3.62 G
2019-06-13 04:31:06,3.0,3.62 G
2019-06-13 04:31:08,2.0,3.62 G
2019-06-13 04:31:10,3.0,3.62 G
2019-06-13 04:31:12,2.0,3.62 G
2019-06-13 04:31:14,1.0,3.62 G
2019-06-13 04:31:16,1.0,3.62 G
2019-06-13 04:31:18,2.0,3.62 G
2019-06-13 04:31:20,2.0,3.62 G
2019-06-13 04:31:22,2.0,3.62 G
2019-06-13 04:31:24,2.0,3.62 G
2019-06-13 04:31:26,2.0,3.62 G
2019-06-13 04:31:28,1.0,3.62 G
2019-06-13 04:31:31,1.0,3.62 G
2019-06-13 04:31:33,2.0,3.62 G
2019-06-13 04:31:35,1.0,3.62 G
2019-06-13 04:31:37,2.0,3.62 G
2019-06-13 04:31:39,1.0,3.62 G
2019-06-13 04:31:41,141.9,3.65 G
2019-06-13 04:31:43,764.4,3.65 G
2019-06-13 04:31:45,761.2,3.65 G
2019-06-13 04:31:47,32.0,3.63 G
2019-06-13 04:31:49,2.0,3.63 G
2019-06-13 04:31:51,2.0,3.63 G
2019-06-13 04:31:53,1.0,3.63 G
2019-06-13 04:31:55,3.0,3.63 G
2019-06-13 04:31:57,3.0,3.63 G
2019-06-13 04:31:59,3.0,3.63 G
2019-06-13 04:32:01,2.0,3.63 G
2019-06-13 04:32:03,3.0,3.63 G
2019-06-13 04:32:05,3.0,3.63 G
2019-06-13 04:32:07,4.0,3.63 G
2019-06-13 04:32:09,3.0,3.63 G
2019-06-13 04:32:11,3.0,3.63 G
2019-06-13 04:32:13,2.0,3.63 G
2019-06-13 04:32:15,2.0,3.63 G
2019-06-13 04:32:17,2.0,3.63 G
2019-06-13 04:32:19,2.0,3.63 G
2019-06-13 04:32:21,2.0,3.63 G
2019-06-13 04:32:23,757.4,3.64 G
2019-06-13 04:32:25,760.3,3.64 G
2019-06-13 04:32:27,312.8,3.63 G
2019-06-13 04:32:29,3.0,3.63 G
2019-06-13 04:32:31,3.0,3.63 G
2019-06-13 04:32:33,1.0,3.63 G
2019-06-13 04:32:35,2.0,3.63 G
2019-06-13 04:32:37,2.0,3.63 G
2019-06-13 04:32:39,3.0,3.63 G
2019-06-13 04:32:41,2.0,3.63 G
2019-06-13 04:32:43,3.0,3.63 G
2019-06-13 04:32:45,3.0,3.63 G
2019-06-13 04:32:47,3.0,3.63 G
2019-06-13 04:32:49,2.0,3.63 G
2019-06-13 04:32:51,3.0,3.63 G
2019-06-13 04:32:53,3.0,3.63 G
2019-06-13 04:32:55,2.0,3.63 G
2019-06-13 04:32:57,3.0,3.63 G
2019-06-13 04:32:59,2.0,3.63 G
2019-06-13 04:33:01,2.0,3.63 G
2019-06-13 04:33:03,2.0,3.63 G
2019-06-13 04:33:05,3.0,3.63 G
2019-06-13 04:33:07,2.0,3.63 G
2019-06-13 04:33:09,2.0,3.63 G
2019-06-13 04:33:11,2.0,3.63 G
2019-06-13 04:33:13,3.0,3.63 G
2019-06-13 04:33:15,3.0,3.63 G
2019-06-13 04:33:17,762.2,3.64 G
2019-06-13 04:33:19,763.5,3.64 G
2019-06-13 04:33:21,295.8,3.64 G
2019-06-13 04:33:23,3.0,3.64 G
2019-06-13 04:33:25,3.0,3.64 G
2019-06-13 04:33:27,1.0,3.64 G
2019-06-13 04:33:29,3.0,3.64 G
2019-06-13 04:33:31,3.0,3.64 G
2019-06-13 04:33:33,3.0,3.64 G
2019-06-13 04:33:35,3.0,3.64 G
2019-06-13 04:33:37,2.0,3.64 G
2019-06-13 04:33:39,3.0,3.64 G
2019-06-13 04:33:41,2.0,3.64 G
2019-06-13 04:33:43,3.0,3.64 G
2019-06-13 04:33:45,3.0,3.64 G
2019-06-13 04:33:47,3.0,3.64 G
2019-06-13 04:33:49,3.0,3.64 G
2019-06-13 04:33:51,4.0,3.64 G
2019-06-13 04:33:53,1.0,3.64 G
2019-06-13 04:33:55,1.0,3.64 G
2019-06-13 04:33:57,1.0,3.64 G
2019-06-13 04:33:59,3.0,3.64 G
2019-06-13 04:34:01,3.0,3.64 G
2019-06-13 04:34:03,2.0,3.64 G
2019-06-13 04:34:05,2.0,3.64 G
2019-06-13 04:34:07,3.0,3.64 G
2019-06-13 04:34:09,3.0,3.64 G
2019-06-13 04:34:11,3.0,3.64 G
2019-06-13 04:34:13,1.0,3.64 G
2019-06-13 04:34:15,3.0,3.64 G
2019-06-13 04:34:17,1.0,3.64 G
2019-06-13 04:34:19,2.0,3.64 G
2019-06-13 04:34:21,3.0,3.64 G
2019-06-13 04:34:23,2.0,3.64 G
2019-06-13 04:34:25,104.9,3.68 G
2019-06-13 04:34:27,101.9,3.68 G
2019-06-13 04:34:29,103.0,3.68 G
2019-06-13 04:34:31,100.9,3.69 G
2019-06-13 04:34:33,101.9,3.69 G
2019-06-13 04:34:35,102.9,3.69 G
2019-06-13 04:34:37,101.9,3.69 G
2019-06-13 04:34:39,102.9,3.70 G
2019-06-13 04:34:41,101.9,3.70 G
2019-06-13 04:34:43,100.9,3.70 G
2019-06-13 04:34:45,101.9,3.71 G
2019-06-13 04:34:47,101.9,3.71 G
2019-06-13 04:34:49,102.9,3.71 G
2019-06-13 04:34:51,102.9,3.71 G
2019-06-13 04:34:53,102.9,3.72 G
2019-06-13 04:34:55,102.9,3.72 G
2019-06-13 04:34:57,102.9,3.72 G
2019-06-13 04:34:59,100.9,3.72 G
2019-06-13 04:35:01,101.9,3.72 G
2019-06-13 04:35:03,100.9,3.72 G
2019-06-13 04:35:05,101.9,3.73 G
2019-06-13 04:35:07,101.9,3.73 G
2019-06-13 04:35:09,102.9,3.73 G
2019-06-13 04:35:11,101.9,3.73 G
2019-06-13 04:35:13,100.9,3.73 G
2019-06-13 04:35:15,101.9,3.73 G
2019-06-13 04:35:17,102.9,3.74 G
2019-06-13 04:35:19,104.0,3.74 G
2019-06-13 04:35:21,101.9,3.74 G
2019-06-13 04:35:23,101.9,3.74 G
2019-06-13 04:35:25,104.9,3.74 G
2019-06-13 04:35:27,102.9,3.74 G
2019-06-13 04:35:29,102.9,3.75 G
2019-06-13 04:35:31,102.9,3.75 G
2019-06-13 04:35:33,161.0,3.75 G
2019-06-13 04:35:35,758.5,3.75 G
2019-06-13 04:35:37,762.5,3.75 G
2019-06-13 04:35:40,336.6,3.70 G
2019-06-13 04:35:42,3.0,3.70 G
2019-06-13 04:35:44,3.0,3.70 G
2019-06-13 04:35:46,2.0,3.70 G
2019-06-13 04:35:48,2.0,3.70 G
2019-06-13 04:35:50,2.0,3.70 G
2019-06-13 04:35:52,3.0,3.70 G
2019-06-13 04:35:54,1.0,3.70 G
2019-06-13 04:35:56,2.0,3.70 G
2019-06-13 04:35:58,2.0,3.70 G
2019-06-13 04:36:00,3.0,3.70 G
2019-06-13 04:36:02,3.0,3.70 G
2019-06-13 04:36:04,2.0,3.70 G
2019-06-13 04:36:06,2.0,3.70 G
2019-06-13 04:36:08,2.0,3.70 G
2019-06-13 04:36:10,2.0,3.70 G
2019-06-13 04:36:12,3.0,3.70 G
2019-06-13 04:36:14,3.0,3.70 G
2019-06-13 04:36:16,3.0,3.70 G
2019-06-13 04:36:18,2.0,3.70 G
2019-06-13 04:36:20,2.0,3.70 G
2019-06-13 04:36:22,3.0,3.70 G
2019-06-13 04:36:24,3.0,3.70 G
2019-06-13 04:36:26,3.0,3.70 G
2019-06-13 04:36:28,2.0,3.70 G
2019-06-13 04:36:30,2.0,3.70 G
2019-06-13 04:36:32,3.0,3.70 G
2019-06-13 04:36:34,3.0,3.70 G
2019-06-13 04:36:36,3.0,3.70 G
2019-06-13 04:36:38,2.0,3.70 G
2019-06-13 04:36:40,3.0,3.70 G
2019-06-13 04:36:42,3.0,3.70 G
2019-06-13 04:36:44,2.0,3.70 G
2019-06-13 04:36:46,2.0,3.70 G
2019-06-13 04:36:48,2.0,3.70 G
2019-06-13 04:36:50,3.0,3.70 G
2019-06-13 04:36:52,3.0,3.70 G
2019-06-13 04:36:54,3.0,3.70 G
2019-06-13 04:36:56,3.0,3.70 G
2019-06-13 04:36:58,3.0,3.70 G
2019-06-13 04:37:00,3.0,3.70 G
2019-06-13 04:37:02,3.0,3.70 G
2019-06-13 04:37:04,1.0,3.70 G
2019-06-13 04:37:06,3.0,3.70 G
2019-06-13 04:37:08,3.0,3.70 G
2019-06-13 04:37:10,2.0,3.70 G
2019-06-13 04:37:12,3.0,3.70 G
2019-06-13 04:37:14,3.0,3.70 G
2019-06-13 04:37:16,2.0,3.70 G
2019-06-13 04:37:18,3.0,3.70 G
2019-06-13 04:37:20,3.0,3.70 G
2019-06-13 04:37:22,3.0,3.70 G
2019-06-13 04:37:24,2.0,3.70 G
2019-06-13 04:37:26,3.0,3.70 G
2019-06-13 04:37:28,3.0,3.70 G
2019-06-13 04:37:30,3.0,3.70 G
2019-06-13 04:37:32,3.0,3.70 G
2019-06-13 04:37:34,2.0,3.70 G
2019-06-13 04:37:36,2.0,3.70 G
2019-06-13 04:37:38,1.0,3.70 G
2019-06-13 04:37:40,2.0,3.70 G
2019-06-13 04:37:42,2.0,3.70 G
2019-06-13 04:37:44,2.0,3.70 G
2019-06-13 04:37:46,2.0,3.70 G
2019-06-13 04:37:48,2.0,3.70 G
2019-06-13 04:37:50,3.0,3.70 G
2019-06-13 04:37:52,2.0,3.70 G
2019-06-13 04:37:54,3.0,3.70 G
2019-06-13 04:37:56,3.0,3.70 G
2019-06-13 04:37:58,3.0,3.70 G
2019-06-13 04:38:00,3.0,3.70 G
2019-06-13 04:38:02,2.0,3.70 G
2019-06-13 04:38:04,3.0,3.70 G
2019-06-13 04:38:06,3.0,3.70 G
2019-06-13 04:38:08,1.0,3.70 G
2019-06-13 04:38:10,2.0,3.70 G
2019-06-13 04:38:12,2.0,3.70 G
2019-06-13 04:38:14,3.0,3.70 G
2019-06-13 04:38:16,35.0,3.72 G
2019-06-13 04:38:18,2.0,3.72 G
2019-06-13 04:38:20,2.0,3.72 G
2019-06-13 04:38:22,2.0,3.72 G
2019-06-13 04:38:24,3.0,3.72 G
2019-06-13 04:38:26,3.0,3.72 G
2019-06-13 04:38:28,2.0,3.72 G
2019-06-13 04:38:30,2.0,3.72 G
2019-06-13 04:38:32,2.0,3.72 G
2019-06-13 04:38:34,3.0,3.72 G
2019-06-13 04:38:36,101.9,3.88 G
2019-06-13 04:38:38,108.0,3.89 G
2019-06-13 04:38:40,755.5,3.88 G
2019-06-13 04:38:42,754.5,3.88 G
2019-06-13 04:38:44,756.5,3.83 G
2019-06-13 04:38:46,759.3,3.82 G
2019-06-13 04:38:48,756.5,3.79 G
2019-06-13 04:38:50,754.5,3.78 G
2019-06-13 04:38:52,757.5,3.78 G
2019-06-13 04:38:54,490.6,3.67 G
2019-06-13 04:38:56,3.0,3.67 G
2019-06-13 04:38:58,2.0,3.67 G
2019-06-13 04:39:00,2.0,3.67 G
2019-06-13 04:39:02,1.0,3.67 G
2019-06-13 04:39:04,2.0,3.67 G
2019-06-13 04:39:06,2.0,3.67 G
2019-06-13 04:39:08,3.0,3.67 G
2019-06-13 04:39:10,2.0,3.67 G
2019-06-13 04:39:12,2.0,3.67 G
2019-06-13 04:39:14,2.0,3.67 G
2019-06-13 04:39:16,1.0,3.67 G
2019-06-13 04:39:18,3.0,3.67 G
2019-06-13 04:39:20,4.0,3.67 G
2019-06-13 04:39:22,2.0,3.67 G
2019-06-13 04:39:24,2.0,3.67 G
2019-06-13 04:39:26,2.0,3.67 G
2019-06-13 04:39:28,2.0,3.67 G
2019-06-13 04:39:31,2.0,3.67 G
2019-06-13 04:39:33,2.0,3.67 G
2019-06-13 04:39:35,2.0,3.67 G
2019-06-13 04:39:37,3.0,3.67 G
2019-06-13 04:39:39,2.0,3.67 G
2019-06-13 04:39:41,2.0,3.67 G
2019-06-13 04:39:43,2.0,3.67 G
2019-06-13 04:39:45,105.9,3.67 G
2019-06-13 04:39:47,100.9,3.68 G
2019-06-13 04:39:49,100.9,3.69 G
2019-06-13 04:39:51,101.9,3.70 G
2019-06-13 04:39:53,99.9,3.71 G
2019-06-13 04:39:55,99.9,3.71 G
2019-06-13 04:39:57,98.9,3.72 G
2019-06-13 04:39:59,100.9,3.72 G
2019-06-13 04:40:01,101.9,3.73 G
2019-06-13 04:40:03,757.5,3.73 G
2019-06-13 04:40:05,756.5,3.73 G
2019-06-13 04:40:07,684.3,3.68 G
2019-06-13 04:40:09,2.0,3.68 G
2019-06-13 04:40:11,4.0,3.68 G
2019-06-13 04:40:13,2.0,3.68 G
2019-06-13 04:40:15,3.0,3.68 G
2019-06-13 04:40:17,3.0,3.68 G
2019-06-13 04:40:19,4.0,3.68 G
2019-06-13 04:40:21,2.0,3.68 G
2019-06-13 04:40:23,5.0,3.68 G
2019-06-13 04:40:25,3.0,3.68 G
2019-06-13 04:40:27,2.0,3.68 G
2019-06-13 04:40:29,2.0,3.68 G
2019-06-13 04:40:31,2.0,3.68 G
2019-06-13 04:40:33,3.0,3.68 G
2019-06-13 04:40:35,2.0,3.68 G
2019-06-13 04:40:37,3.0,3.68 G
2019-06-13 04:40:39,3.0,3.68 G
2019-06-13 04:40:41,2.0,3.68 G
2019-06-13 04:40:43,1.0,3.68 G
2019-06-13 04:40:45,3.0,3.68 G
2019-06-13 04:40:47,3.0,3.68 G
2019-06-13 04:40:49,2.0,3.68 G
2019-06-13 04:40:51,2.0,3.68 G
2019-06-13 04:40:53,2.0,3.68 G
2019-06-13 04:40:55,3.0,3.68 G
2019-06-13 04:40:57,4.0,3.68 G
2019-06-13 04:40:59,2.0,3.68 G
2019-06-13 04:41:01,2.0,3.68 G
2019-06-13 04:41:03,35.0,3.69 G
2019-06-13 04:41:05,34.0,3.69 G
2019-06-13 04:41:07,33.0,3.70 G
2019-06-13 04:41:09,34.0,3.70 G
2019-06-13 04:41:11,37.0,3.70 G
2019-06-13 04:41:13,36.0,3.70 G
2019-06-13 04:41:15,73.9,3.70 G
2019-06-13 04:41:17,33.0,3.71 G
2019-06-13 04:41:19,35.0,3.71 G
2019-06-13 04:41:21,35.0,3.71 G
2019-06-13 04:41:23,38.0,3.71 G
2019-06-13 04:41:25,38.0,3.71 G
2019-06-13 04:41:27,36.0,3.71 G
2019-06-13 04:41:29,35.0,3.72 G
2019-06-13 04:41:31,34.0,3.72 G
2019-06-13 04:41:33,34.0,3.72 G
2019-06-13 04:41:35,35.0,3.72 G
2019-06-13 04:41:37,36.0,3.72 G
2019-06-13 04:41:39,34.0,3.72 G
2019-06-13 04:41:41,64.9,3.72 G
2019-06-13 04:41:43,34.0,3.72 G
2019-06-13 04:41:45,37.0,3.72 G
2019-06-13 04:41:47,34.0,3.73 G
2019-06-13 04:41:49,34.0,3.73 G
2019-06-13 04:41:51,35.0,3.73 G
2019-06-13 04:41:53,34.0,3.73 G
2019-06-13 04:41:55,33.0,3.73 G
2019-06-13 04:41:57,33.0,3.73 G
2019-06-13 04:41:59,35.0,3.73 G
2019-06-13 04:42:01,38.0,3.73 G
2019-06-13 04:42:03,34.0,3.73 G
2019-06-13 04:42:05,35.0,3.73 G
2019-06-13 04:42:07,32.0,3.73 G
2019-06-13 04:42:09,83.9,3.73 G
2019-06-13 04:42:11,37.0,3.73 G
2019-06-13 04:42:13,36.0,3.73 G
2019-06-13 04:42:15,37.0,3.74 G
2019-06-13 04:42:17,36.0,3.74 G
2019-06-13 04:42:19,33.0,3.74 G
2019-06-13 04:42:21,33.0,3.74 G
2019-06-13 04:42:23,34.0,3.74 G
2019-06-13 04:42:25,34.0,3.74 G
2019-06-13 04:42:27,101.0,3.74 G
2019-06-13 04:42:29,34.0,3.74 G
2019-06-13 04:42:31,37.0,3.74 G
2019-06-13 04:42:33,33.0,3.74 G
2019-06-13 04:42:35,34.0,3.74 G
2019-06-13 04:42:37,33.0,3.74 G
2019-06-13 04:42:39,34.0,3.74 G
2019-06-13 04:42:41,32.0,3.74 G
2019-06-13 04:42:43,34.0,3.74 G
2019-06-13 04:42:45,36.0,3.74 G
2019-06-13 04:42:47,35.0,3.74 G
2019-06-13 04:42:49,36.0,3.74 G
2019-06-13 04:42:51,35.0,3.74 G
2019-06-13 04:42:53,36.0,3.74 G
2019-06-13 04:42:55,96.9,3.74 G
2019-06-13 04:42:57,36.0,3.74 G
2019-06-13 04:42:59,38.0,3.74 G
2019-06-13 04:43:01,38.0,3.74 G
2019-06-13 04:43:03,38.0,3.74 G
2019-06-13 04:43:05,52.0,3.74 G
2019-06-13 04:43:07,37.0,3.74 G
2019-06-13 04:43:09,33.0,3.74 G
2019-06-13 04:43:11,36.0,3.74 G
2019-06-13 04:43:13,36.0,3.74 G
2019-06-13 04:43:15,36.0,3.74 G
2019-06-13 04:43:17,36.0,3.74 G
2019-06-13 04:43:19,34.0,3.74 G
2019-06-13 04:43:21,34.0,3.74 G
2019-06-13 04:43:23,38.0,3.74 G
2019-06-13 04:43:25,40.0,3.74 G
2019-06-13 04:43:27,36.0,3.74 G
2019-06-13 04:43:30,35.0,3.74 G
2019-06-13 04:43:32,38.0,3.74 G
2019-06-13 04:43:34,37.0,3.74 G
2019-06-13 04:43:36,37.0,3.74 G
2019-06-13 04:43:38,35.0,3.75 G
2019-06-13 04:43:40,97.9,3.75 G
2019-06-13 04:43:42,35.0,3.75 G
2019-06-13 04:43:44,35.0,3.75 G
2019-06-13 04:43:46,35.0,3.75 G
2019-06-13 04:43:48,34.0,3.75 G
2019-06-13 04:43:50,95.9,3.75 G
2019-06-13 04:43:52,35.0,3.75 G
2019-06-13 04:43:54,35.0,3.75 G
2019-06-13 04:43:56,35.0,3.75 G
2019-06-13 04:43:58,36.0,3.75 G
2019-06-13 04:44:00,95.0,3.75 G
2019-06-13 04:44:02,36.0,3.75 G
2019-06-13 04:44:04,35.0,3.75 G
2019-06-13 04:44:06,35.0,3.75 G
2019-06-13 04:44:08,34.0,3.75 G
2019-06-13 04:44:10,33.0,3.75 G
2019-06-13 04:44:12,33.0,3.75 G
2019-06-13 04:44:14,34.0,3.75 G
2019-06-13 04:44:16,34.0,3.75 G
2019-06-13 04:44:18,36.0,3.75 G
2019-06-13 04:44:20,37.0,3.75 G
2019-06-13 04:44:22,36.0,3.75 G
2019-06-13 04:44:24,34.0,3.75 G
2019-06-13 04:44:26,104.9,3.75 G
2019-06-13 04:44:28,34.0,3.75 G
2019-06-13 04:44:30,33.0,3.75 G
2019-06-13 04:44:32,34.0,3.75 G
2019-06-13 04:44:34,38.0,3.75 G
2019-06-13 04:44:36,33.0,3.75 G
2019-06-13 04:44:38,27.0,3.75 G
2019-06-13 04:44:40,35.0,3.75 G
2019-06-13 04:44:42,36.0,3.75 G
2019-06-13 04:44:44,35.0,3.75 G
2019-06-13 04:44:46,34.0,3.75 G
2019-06-13 04:44:48,32.0,3.75 G
2019-06-13 04:44:50,34.0,3.72 G
2019-06-13 04:44:52,35.0,3.72 G
2019-06-13 04:44:54,39.0,3.72 G
2019-06-13 04:44:56,38.0,3.72 G
2019-06-13 04:44:58,87.9,3.72 G
2019-06-13 04:45:00,37.0,3.72 G
2019-06-13 04:45:02,35.0,3.72 G
2019-06-13 04:45:04,39.0,3.72 G
2019-06-13 04:45:06,35.0,3.72 G
2019-06-13 04:45:08,347.8,3.70 G
2019-06-13 04:45:10,763.5,3.70 G
2019-06-13 04:45:12,764.2,3.70 G
2019-06-13 04:45:14,759.4,3.64 G
2019-06-13 04:45:16,765.4,3.58 G
2019-06-13 04:45:18,768.5,3.52 G
2019-06-13 04:45:20,771.6,3.47 G
2019-06-13 04:45:22,767.3,3.42 G
2019-06-13 04:45:24,771.4,3.37 G
2019-06-13 04:45:26,143.8,3.33 G
2019-06-13 04:45:28,1.0,3.33 G
2019-06-13 04:45:30,3.0,3.33 G
2019-06-13 04:45:32,2.0,3.33 G
2019-06-13 04:45:34,2.0,3.33 G
2019-06-13 04:45:36,2.0,3.33 G
2019-06-13 04:45:38,3.0,3.33 G
2019-06-13 04:45:40,3.0,3.33 G
2019-06-13 04:45:42,2.0,3.33 G
2019-06-13 04:45:44,1.0,3.33 G
2019-06-13 04:45:46,2.0,3.33 G
2019-06-13 04:45:48,3.0,3.33 G
2019-06-13 04:45:50,3.0,3.33 G
2019-06-13 04:45:52,2.0,3.33 G
2019-06-13 04:45:54,2.0,3.33 G
2019-06-13 04:45:56,3.0,3.33 G
2019-06-13 04:45:58,1.0,3.33 G
2019-06-13 04:46:00,2.0,3.33 G
2019-06-13 04:46:02,2.0,3.33 G
2019-06-13 04:46:04,2.0,3.33 G
2019-06-13 04:46:06,3.0,3.33 G
2019-06-13 04:46:08,2.0,3.33 G
2019-06-13 04:46:10,2.0,3.33 G
2019-06-13 04:46:12,1.0,3.33 G
2019-06-13 04:46:14,4.0,3.33 G
2019-06-13 04:46:16,2.0,3.33 G
2019-06-13 04:46:18,3.0,3.33 G
2019-06-13 04:46:20,2.0,3.33 G
2019-06-13 04:46:22,2.0,3.33 G
2019-06-13 04:46:24,2.0,3.33 G
2019-06-13 04:46:26,3.0,3.33 G
2019-06-13 04:46:28,2.0,3.33 G
2019-06-13 04:46:30,546.5,3.31 G
2019-06-13 04:46:32,756.6,3.27 G
2019-06-13 04:46:34,752.4,3.23 G
2019-06-13 04:46:36,742.5,3.19 G
2019-06-13 04:46:38,764.8,3.17 G
2019-06-13 04:46:40,687.3,3.16 G
2019-06-13 04:46:42,3.0,3.16 G
2019-06-13 04:46:44,746.4,3.17 G
2019-06-13 04:46:46,754.3,3.17 G
2019-06-13 04:46:48,762.5,3.16 G
2019-06-13 04:46:50,2.0,3.16 G
2019-06-13 04:46:52,1.0,3.16 G
2019-06-13 04:46:54,37.0,3.16 G
2019-06-13 04:46:56,39.0,3.16 G
2019-06-13 04:46:58,41.0,3.16 G
2019-06-13 04:47:00,43.0,3.16 G
2019-06-13 04:47:02,42.0,3.16 G
2019-06-13 04:47:04,38.0,3.16 G
2019-06-13 04:47:06,39.0,3.16 G
2019-06-13 04:47:08,39.0,3.16 G
2019-06-13 04:47:10,39.0,3.16 G
2019-06-13 04:47:12,36.0,3.16 G
2019-06-13 04:47:14,42.0,3.16 G
2019-06-13 04:47:17,39.0,3.16 G
2019-06-13 04:47:19,76.9,3.20 G
2019-06-13 04:47:21,39.0,3.20 G
2019-06-13 04:47:23,39.0,3.20 G
2019-06-13 04:47:25,40.0,3.20 G
2019-06-13 04:47:27,39.0,3.20 G
2019-06-13 04:47:29,41.0,3.20 G
2019-06-13 04:47:31,41.0,3.20 G
2019-06-13 04:47:33,40.0,3.24 G
2019-06-13 04:47:35,39.0,3.24 G
2019-06-13 04:47:37,38.0,3.24 G
2019-06-13 04:47:39,41.0,3.24 G
2019-06-13 04:47:41,43.0,3.24 G
2019-06-13 04:47:43,427.8,3.34 G
2019-06-13 04:47:45,764.6,3.34 G
2019-06-13 04:47:47,761.4,3.34 G
2019-06-13 04:47:49,764.5,3.31 G
2019-06-13 04:47:51,362.7,3.29 G
2019-06-13 04:47:53,3.0,3.29 G
2019-06-13 04:47:55,3.0,3.29 G
2019-06-13 04:47:57,2.0,3.29 G
2019-06-13 04:47:59,3.0,3.29 G
2019-06-13 04:48:01,1.0,3.29 G
2019-06-13 04:48:03,2.0,3.29 G
2019-06-13 04:48:05,2.0,3.29 G
2019-06-13 04:48:07,2.0,3.29 G
2019-06-13 04:48:09,2.0,3.29 G
2019-06-13 04:48:11,3.0,3.29 G
2019-06-13 04:48:13,3.0,3.29 G
2019-06-13 04:48:15,2.0,3.29 G
2019-06-13 04:48:17,3.0,3.29 G
2019-06-13 04:48:19,4.0,3.29 G
2019-06-13 04:48:21,2.0,3.29 G
2019-06-13 04:48:23,2.0,3.29 G
2019-06-13 04:48:25,3.0,3.29 G
2019-06-13 04:48:27,755.5,3.27 G
2019-06-13 04:48:29,764.5,3.24 G
2019-06-13 04:48:31,761.5,3.21 G
2019-06-13 04:48:33,2.0,3.21 G
2019-06-13 04:48:35,3.0,3.21 G
2019-06-13 04:48:37,4.0,3.21 G
2019-06-13 04:48:39,2.0,3.21 G
2019-06-13 04:48:41,3.0,3.21 G
2019-06-13 04:48:43,765.5,3.20 G
2019-06-13 04:48:45,762.6,3.19 G
2019-06-13 04:48:47,458.7,3.18 G
2019-06-13 04:48:49,3.0,3.18 G
2019-06-13 04:48:51,2.0,3.18 G
2019-06-13 04:48:53,3.0,3.18 G
2019-06-13 04:48:55,3.0,3.18 G
2019-06-13 04:48:57,2.0,3.18 G
2019-06-13 04:48:59,2.0,3.18 G
2019-06-13 04:49:01,3.0,3.18 G
2019-06-13 04:49:03,2.0,3.18 G
2019-06-13 04:49:05,2.0,3.18 G
2019-06-13 04:49:07,2.0,3.18 G
2019-06-13 04:49:09,3.0,3.18 G
2019-06-13 04:49:11,2.0,3.18 G
2019-06-13 04:49:13,1.0,3.18 G
2019-06-13 04:49:15,1.0,3.18 G
2019-06-13 04:49:17,2.0,3.18 G
2019-06-13 04:49:19,3.0,3.18 G
2019-06-13 04:49:21,3.0,3.18 G
2019-06-13 04:49:23,2.0,3.18 G
2019-06-13 04:49:25,3.0,3.18 G
2019-06-13 04:49:27,1.0,3.18 G
2019-06-13 04:49:29,3.0,3.18 G
2019-06-13 04:49:31,3.0,3.18 G
2019-06-13 04:49:33,2.0,3.18 G
2019-06-13 04:49:35,2.0,3.18 G
2019-06-13 04:49:37,2.0,3.18 G
2019-06-13 04:49:39,1.0,3.18 G
2019-06-13 04:49:41,3.0,3.18 G
2019-06-13 04:49:43,2.0,3.18 G
2019-06-13 04:49:45,2.0,3.18 G
2019-06-13 04:49:47,24.0,3.24 G
2019-06-13 04:49:49,104.9,3.29 G
2019-06-13 04:49:51,104.0,3.38 G
2019-06-13 04:49:53,100.9,3.43 G
2019-06-13 04:49:55,100.9,3.48 G
2019-06-13 04:49:57,765.6,3.50 G
2019-06-13 04:49:59,761.5,3.50 G
2019-06-13 04:50:01,756.5,3.47 G
2019-06-13 04:50:03,754.5,3.47 G
2019-06-13 04:50:05,755.5,3.47 G
2019-06-13 04:50:07,232.7,3.43 G
2019-06-13 04:50:09,2.0,3.43 G
2019-06-13 04:50:11,3.0,3.43 G
2019-06-13 04:50:13,3.0,3.43 G
2019-06-13 04:50:15,2.0,3.43 G
2019-06-13 04:50:17,3.0,3.43 G
2019-06-13 04:50:19,2.0,3.43 G
2019-06-13 04:50:21,2.0,3.43 G
2019-06-13 04:50:23,3.0,3.43 G
2019-06-13 04:50:25,2.0,3.43 G
2019-06-13 04:50:27,2.0,3.43 G
2019-06-13 04:50:29,2.0,3.43 G
2019-06-13 04:50:31,2.0,3.43 G
2019-06-13 04:50:33,3.0,3.43 G
2019-06-13 04:50:35,2.0,3.43 G
2019-06-13 04:50:37,3.0,3.43 G
2019-06-13 04:50:39,2.0,3.43 G
2019-06-13 04:50:41,3.0,3.43 G
2019-06-13 04:50:43,2.0,3.43 G
2019-06-13 04:50:45,2.0,3.43 G
2019-06-13 04:50:47,2.0,3.43 G
2019-06-13 04:50:49,3.0,3.43 G
2019-06-13 04:50:51,4.0,3.43 G
2019-06-13 04:50:54,2.0,3.43 G
2019-06-13 04:50:56,2.0,3.43 G
2019-06-13 04:50:58,2.0,3.43 G
2019-06-13 04:51:00,2.0,3.43 G
2019-06-13 04:51:02,2.0,3.43 G
2019-06-13 04:51:04,3.0,3.43 G
2019-06-13 04:51:06,1.0,3.43 G
2019-06-13 04:51:08,2.0,3.43 G
2019-06-13 04:51:10,2.0,3.43 G
2019-06-13 04:51:12,1.0,3.43 G
2019-06-13 04:51:14,2.0,3.43 G
2019-06-13 04:51:16,2.0,3.43 G
2019-06-13 04:51:18,3.0,3.43 G
2019-06-13 04:51:20,2.0,3.43 G
2019-06-13 04:51:22,2.0,3.43 G
2019-06-13 04:51:24,2.0,3.43 G
2019-06-13 04:51:26,2.0,3.43 G
2019-06-13 04:51:28,2.0,3.43 G
2019-06-13 04:51:30,2.0,3.43 G
2019-06-13 04:51:32,3.0,3.43 G
2019-06-13 04:51:34,3.0,3.43 G
2019-06-13 04:51:36,3.0,3.43 G
2019-06-13 04:51:38,3.0,3.43 G
2019-06-13 04:51:40,4.0,3.43 G
2019-06-13 04:51:42,2.0,3.43 G
2019-06-13 04:51:44,1.0,3.43 G
2019-06-13 04:51:46,2.0,3.43 G
2019-06-13 04:51:48,3.0,3.43 G
2019-06-13 04:51:50,2.0,3.43 G
2019-06-13 04:51:52,3.0,3.43 G
2019-06-13 04:51:54,3.0,3.43 G
2019-06-13 04:51:56,2.0,3.43 G
2019-06-13 04:51:58,2.0,3.43 G
2019-06-13 04:52:00,2.0,3.43 G
2019-06-13 04:52:02,3.0,3.43 G
2019-06-13 04:52:04,3.0,3.43 G
2019-06-13 04:52:06,2.0,3.43 G
2019-06-13 04:52:08,3.0,3.43 G
2019-06-13 04:52:10,3.0,3.43 G
2019-06-13 04:52:12,3.0,3.43 G
2019-06-13 04:52:14,3.0,3.43 G
2019-06-13 04:52:16,3.0,3.43 G
2019-06-13 04:52:18,2.0,3.43 G
2019-06-13 04:52:20,3.0,3.43 G
2019-06-13 04:52:22,3.0,3.43 G
2019-06-13 04:52:24,2.0,3.43 G
2019-06-13 04:52:26,3.0,3.43 G
2019-06-13 04:52:28,3.0,3.43 G
2019-06-13 04:52:30,2.0,3.43 G
2019-06-13 04:52:32,3.0,3.43 G
2019-06-13 04:52:34,3.0,3.43 G
2019-06-13 04:52:36,3.0,3.43 G
2019-06-13 04:52:38,4.0,3.43 G
2019-06-13 04:52:40,3.0,3.43 G
2019-06-13 04:52:42,3.0,3.43 G
2019-06-13 04:52:44,3.0,3.43 G
2019-06-13 04:52:46,2.0,3.43 G
2019-06-13 04:52:48,100.0,3.55 G
2019-06-13 04:52:50,748.5,3.60 G
2019-06-13 04:52:52,757.5,3.60 G
2019-06-13 04:52:54,758.3,3.48 G
2019-06-13 04:52:56,3.0,3.43 G
2019-06-13 04:52:58,3.0,3.43 G
2019-06-13 04:53:00,1.0,3.43 G
2019-06-13 04:53:02,4.0,3.43 G
2019-06-13 04:53:04,2.0,3.43 G
2019-06-13 04:53:06,3.0,3.43 G
2019-06-13 04:53:08,2.0,3.43 G
2019-06-13 04:53:10,751.5,3.44 G
2019-06-13 04:53:12,753.5,3.43 G
2019-06-13 04:53:14,490.6,3.43 G
2019-06-13 04:53:16,2.0,3.43 G
2019-06-13 04:53:18,5.0,3.43 G
2019-06-13 04:53:20,42.9,3.43 G
2019-06-13 04:53:22,41.0,3.43 G
2019-06-13 04:53:24,41.0,3.43 G
2019-06-13 04:53:26,40.0,3.43 G
2019-06-13 04:53:28,40.0,3.43 G
2019-06-13 04:53:30,39.0,3.43 G
2019-06-13 04:53:32,73.9,3.44 G
2019-06-13 04:53:34,40.0,3.44 G
2019-06-13 04:53:36,40.0,3.44 G
2019-06-13 04:53:38,40.0,3.44 G
2019-06-13 04:53:40,39.0,3.44 G
2019-06-13 04:53:42,40.0,3.44 G
2019-06-13 04:53:44,40.0,3.44 G
2019-06-13 04:53:46,81.9,3.48 G
2019-06-13 04:53:48,43.0,3.48 G
2019-06-13 04:53:50,40.0,3.48 G
2019-06-13 04:53:52,40.0,3.48 G
2019-06-13 04:53:54,38.0,3.48 G
2019-06-13 04:53:56,37.0,3.48 G
2019-06-13 04:53:58,38.0,3.48 G
2019-06-13 04:54:00,39.0,3.48 G
2019-06-13 04:54:02,40.0,3.53 G
2019-06-13 04:54:04,41.0,3.53 G
2019-06-13 04:54:06,42.0,3.53 G
2019-06-13 04:54:08,39.0,3.53 G
2019-06-13 04:54:10,42.0,3.53 G
2019-06-13 04:54:12,43.9,3.53 G
2019-06-13 04:54:14,40.0,3.53 G
2019-06-13 04:54:16,40.0,3.63 G
2019-06-13 04:54:18,39.0,3.63 G
2019-06-13 04:54:20,40.0,3.63 G
2019-06-13 04:54:22,42.0,3.63 G
2019-06-13 04:54:24,43.0,3.63 G
2019-06-13 04:54:26,42.0,3.63 G
2019-06-13 04:54:28,43.0,3.63 G
2019-06-13 04:54:30,101.9,3.63 G
2019-06-13 04:54:32,39.0,3.63 G
2019-06-13 04:54:34,41.0,3.63 G
2019-06-13 04:54:36,42.0,3.63 G
2019-06-13 04:54:38,41.0,3.63 G
2019-06-13 04:54:40,40.0,3.63 G
2019-06-13 04:54:42,41.0,3.63 G
2019-06-13 04:54:45,120.9,3.68 G
2019-06-13 04:54:47,30.0,3.68 G
2019-06-13 04:54:49,24.0,3.68 G
2019-06-13 04:54:51,38.0,3.68 G
2019-06-13 04:54:53,42.9,3.68 G
2019-06-13 04:54:55,38.0,3.68 G
2019-06-13 04:54:57,34.0,3.68 G
2019-06-13 04:54:59,120.9,3.68 G
2019-06-13 04:55:01,46.0,3.68 G
2019-06-13 04:55:03,38.0,3.68 G
2019-06-13 04:55:05,38.0,3.68 G
2019-06-13 04:55:07,37.0,3.68 G
2019-06-13 04:55:09,755.4,3.72 G
2019-06-13 04:55:11,772.4,3.72 G
2019-06-13 04:55:13,769.5,3.72 G
2019-06-13 04:55:15,764.5,3.71 G
2019-06-13 04:55:17,771.5,3.65 G
2019-06-13 04:55:19,18.0,3.65 G
2019-06-13 04:55:21,3.0,3.65 G
2019-06-13 04:55:23,3.0,3.65 G
2019-06-13 04:55:25,2.0,3.65 G
2019-06-13 04:55:27,3.0,3.65 G
2019-06-13 04:55:29,2.0,3.65 G
2019-06-13 04:55:31,2.0,3.65 G
2019-06-13 04:55:33,1.0,3.65 G
2019-06-13 04:55:35,3.0,3.65 G
2019-06-13 04:55:37,3.0,3.65 G
2019-06-13 04:55:39,2.0,3.65 G
2019-06-13 04:55:41,3.0,3.65 G
2019-06-13 04:55:43,3.0,3.65 G
2019-06-13 04:55:45,3.0,3.65 G
2019-06-13 04:55:47,2.0,3.65 G
2019-06-13 04:55:49,1.0,3.65 G
2019-06-13 04:55:51,1.0,3.65 G
2019-06-13 04:55:53,1.0,3.65 G
2019-06-13 04:55:55,2.0,3.65 G
2019-06-13 04:55:57,2.0,3.65 G
2019-06-13 04:55:59,2.0,3.65 G
2019-06-13 04:56:01,1.0,3.65 G
2019-06-13 04:56:03,2.0,3.65 G
2019-06-13 04:56:05,3.0,3.65 G
2019-06-13 04:56:07,3.0,3.65 G
2019-06-13 04:56:09,3.0,3.65 G
2019-06-13 04:56:11,2.0,3.65 G
2019-06-13 04:56:13,2.0,3.65 G
2019-06-13 04:56:15,3.0,3.65 G
2019-06-13 04:56:17,2.0,3.65 G
2019-06-13 04:56:19,2.0,3.65 G
2019-06-13 04:56:21,3.0,3.65 G
2019-06-13 04:56:23,43.0,3.65 G
2019-06-13 04:56:25,66.0,3.61 G
2019-06-13 04:56:27,67.9,3.58 G
2019-06-13 04:56:29,66.9,3.56 G
2019-06-13 04:56:31,66.9,3.56 G
2019-06-13 04:56:33,67.9,3.55 G
2019-06-13 04:56:35,65.9,3.56 G
2019-06-13 04:56:37,68.9,3.56 G
2019-06-13 04:56:39,65.0,3.56 G
2019-06-13 04:56:41,63.9,3.56 G
2019-06-13 04:56:43,66.9,3.56 G
2019-06-13 04:56:45,64.9,3.56 G
2019-06-13 04:56:47,65.9,3.56 G
2019-06-13 04:56:49,66.9,3.56 G
2019-06-13 04:56:51,69.9,3.56 G
2019-06-13 04:56:53,62.9,3.57 G
2019-06-13 04:56:55,62.9,3.57 G
2019-06-13 04:56:57,65.0,3.58 G
2019-06-13 04:56:59,64.0,3.59 G
2019-06-13 04:57:01,65.9,3.61 G
2019-06-13 04:57:03,64.9,3.61 G
2019-06-13 04:57:05,65.0,3.62 G
2019-06-13 04:57:07,65.9,3.63 G
2019-06-13 04:57:09,65.0,3.63 G
2019-06-13 04:57:11,64.9,3.64 G
2019-06-13 04:57:13,63.9,3.66 G
2019-06-13 04:57:15,750.2,3.66 G
2019-06-13 04:57:17,754.5,3.66 G
2019-06-13 04:57:19,450.7,3.66 G
2019-06-13 04:57:21,3.0,3.66 G
2019-06-13 04:57:23,2.0,3.66 G
2019-06-13 04:57:25,3.0,3.66 G
2019-06-13 04:57:27,2.0,3.66 G
2019-06-13 04:57:29,3.0,3.66 G
2019-06-13 04:57:31,3.0,3.66 G
2019-06-13 04:57:33,5.0,3.66 G
2019-06-13 04:57:35,1.0,3.66 G
2019-06-13 04:57:37,1.0,3.66 G
2019-06-13 04:57:39,3.0,3.66 G
2019-06-13 04:57:41,3.0,3.66 G
2019-06-13 04:57:43,1.0,3.66 G
2019-06-13 04:57:45,2.0,3.66 G
2019-06-13 04:57:47,3.0,3.66 G
2019-06-13 04:57:49,2.0,3.66 G
2019-06-13 04:57:51,2.0,3.66 G
2019-06-13 04:57:53,3.0,3.66 G
2019-06-13 04:57:55,3.0,3.66 G
2019-06-13 04:57:57,3.0,3.66 G
2019-06-13 04:57:59,3.0,3.66 G
2019-06-13 04:58:01,2.0,3.66 G
2019-06-13 04:58:03,2.0,3.66 G
2019-06-13 04:58:05,2.0,3.66 G
2019-06-13 04:58:07,1.0,3.66 G
2019-06-13 04:58:09,2.0,3.66 G
2019-06-13 04:58:11,2.0,3.66 G
2019-06-13 04:58:13,1.0,3.66 G
2019-06-13 04:58:15,3.0,3.66 G
2019-06-13 04:58:17,2.0,3.66 G
2019-06-13 04:58:19,14.0,3.71 G
2019-06-13 04:58:21,101.9,3.76 G
2019-06-13 04:58:23,101.9,3.80 G
2019-06-13 04:58:25,101.9,3.81 G
2019-06-13 04:58:27,101.9,3.81 G
2019-06-13 04:58:29,765.5,3.81 G
2019-06-13 04:58:31,757.4,3.81 G
2019-06-13 04:58:33,755.5,3.77 G
2019-06-13 04:58:35,754.4,3.77 G
2019-06-13 04:58:37,755.5,3.76 G
2019-06-13 04:58:40,13.0,3.74 G
2019-06-13 04:58:42,3.0,3.74 G
2019-06-13 04:58:44,3.0,3.74 G
2019-06-13 04:58:46,3.0,3.74 G
2019-06-13 04:58:48,2.0,3.74 G
2019-06-13 04:58:50,2.0,3.74 G
2019-06-13 04:58:52,756.5,3.74 G
2019-06-13 04:58:54,755.6,3.74 G
