queryID,queryName
8,query_12362.rq
24,query_12338.rq
50,query_3600.rq
56,query_12387.rq
88,query_12316.rq
90,query_12324.rq
100,query_1266.rq
103,query_1245.rq
120,query_12398.rq
125,query_12273.rq
