2019-06-14 20:14:09,73.9,66.88 M
2019-06-14 20:14:11,54.0,90.25 M
2019-06-14 20:14:13,42.0,91.55 M
2019-06-14 20:14:15,46.9,94.91 M
2019-06-14 20:14:17,55.9,94.74 M
2019-06-14 20:14:19,47.0,96.03 M
2019-06-14 20:14:21,44.0,98.13 M
2019-06-14 20:14:23,39.0,95.18 M
2019-06-14 20:14:25,33.0,95.57 M
2019-06-14 20:14:27,38.0,97.75 M
2019-06-14 20:14:30,39.0,97.47 M
2019-06-14 20:14:32,42.0,99.26 M
2019-06-14 20:14:34,35.0,99.05 M
2019-06-14 20:14:36,46.9,97.87 M
2019-06-14 20:14:38,32.0,100.41 M
2019-06-14 20:14:40,39.0,97.58 M
2019-06-14 20:14:42,36.0,97.23 M
2019-06-14 20:14:44,39.0,100.72 M
2019-06-14 20:14:46,39.0,99.69 M
2019-06-14 20:14:48,43.0,98.55 M
2019-06-14 20:14:50,39.0,99.62 M
2019-06-14 20:14:52,35.0,99.99 M
2019-06-14 20:14:54,35.0,99.30 M
2019-06-14 20:14:56,35.0,100.74 M
2019-06-14 20:14:58,24.0,100.18 M
2019-06-14 20:15:00,32.0,99.21 M
2019-06-14 20:15:02,28.0,100.98 M
2019-06-14 20:15:04,38.0,100.38 M
2019-06-14 20:15:06,32.0,101.55 M
2019-06-14 20:15:08,24.0,101.96 M
2019-06-14 20:15:10,26.0,99.96 M
2019-06-14 20:15:12,24.0,100.50 M
2019-06-14 20:15:14,38.0,99.47 M
2019-06-14 20:15:16,35.0,99.93 M
2019-06-14 20:15:18,32.0,100.23 M
2019-06-14 20:15:20,32.0,101.70 M
2019-06-14 20:15:22,23.0,99.29 M
2019-06-14 20:15:24,15.0,102.61 M
2019-06-14 20:15:26,30.0,102.48 M
2019-06-14 20:15:28,37.0,101.66 M
2019-06-14 20:15:30,37.0,103.29 M
2019-06-14 20:15:32,35.0,102.86 M
2019-06-14 20:15:34,28.0,103.55 M
2019-06-14 20:15:36,32.0,102.03 M
2019-06-14 20:15:38,38.0,102.83 M
2019-06-14 20:15:40,34.0,101.00 M
2019-06-14 20:15:42,32.0,101.36 M
2019-06-14 20:15:44,34.0,101.33 M
2019-06-14 20:15:46,45.9,102.01 M
2019-06-14 20:15:48,43.0,104.07 M
2019-06-14 20:15:51,55.0,65.29 M
2019-06-14 20:15:53,47.9,88.31 M
2019-06-14 20:15:55,31.0,91.80 M
2019-06-14 20:15:57,30.0,93.43 M
2019-06-14 20:15:59,36.0,94.32 M
2019-06-14 20:16:01,34.0,97.76 M
2019-06-14 20:16:03,33.0,96.73 M
2019-06-14 20:16:05,44.0,96.39 M
2019-06-14 20:16:07,33.0,96.45 M
2019-06-14 20:16:09,38.0,97.13 M
2019-06-14 20:16:12,55.0,63.64 M
2019-06-14 20:16:15,42.0,62.28 M
2019-06-14 20:16:17,26.0,71.99 M
2019-06-14 20:16:19,21.0,86.62 M
2019-06-14 20:16:21,27.0,89.84 M
2019-06-14 20:16:23,26.0,90.78 M
2019-06-14 20:16:25,28.0,92.01 M
2019-06-14 20:16:27,20.0,93.17 M
2019-06-14 20:16:29,35.0,93.61 M
2019-06-14 20:16:31,27.0,95.22 M
2019-06-14 20:16:33,25.0,95.89 M
2019-06-14 20:16:35,21.0,97.06 M
2019-06-14 20:16:37,18.0,97.17 M
2019-06-14 20:16:39,24.0,98.51 M
2019-06-14 20:16:41,15.0,98.97 M
2019-06-14 20:16:43,20.0,100.09 M
2019-06-14 20:16:45,22.0,100.83 M
2019-06-14 20:16:47,24.0,102.16 M
2019-06-14 20:16:49,24.0,101.87 M
2019-06-14 20:16:51,31.0,102.33 M
2019-06-14 20:16:53,29.0,103.04 M
2019-06-14 20:16:55,34.0,104.11 M
2019-06-14 20:16:57,26.0,104.88 M
2019-06-14 20:16:59,19.0,105.66 M
2019-06-14 20:17:01,23.0,106.40 M
2019-06-14 20:17:03,26.0,106.60 M
2019-06-14 20:17:05,17.0,107.27 M
2019-06-14 20:17:07,29.0,109.07 M
2019-06-14 20:17:09,39.0,109.33 M
2019-06-14 20:17:11,24.0,110.07 M
2019-06-14 20:17:13,17.0,111.54 M
2019-06-14 20:17:15,19.0,111.24 M
2019-06-14 20:17:17,23.0,111.63 M
2019-06-14 20:17:19,31.0,111.86 M
2019-06-14 20:17:21,17.0,112.62 M
2019-06-14 20:17:23,23.0,114.34 M
2019-06-14 20:17:25,25.0,115.61 M
2019-06-14 20:17:27,22.0,115.61 M
2019-06-14 20:17:29,16.0,110.17 M
2019-06-14 20:17:31,21.0,110.41 M
2019-06-14 20:17:33,30.0,111.66 M
2019-06-14 20:17:35,18.0,112.66 M
2019-06-14 20:17:37,27.0,114.39 M
2019-06-14 20:17:39,25.0,115.16 M
2019-06-14 20:17:41,31.0,116.61 M
2019-06-14 20:17:43,21.0,117.66 M
2019-06-14 20:17:45,27.0,118.91 M
2019-06-14 20:17:47,21.0,120.40 M
2019-06-14 20:17:49,23.0,120.66 M
2019-06-14 20:17:51,22.0,122.14 M
2019-06-14 20:17:53,19.0,123.14 M
2019-06-14 20:17:55,25.0,123.32 M
2019-06-14 20:17:57,22.0,124.36 M
2019-06-14 20:17:59,22.0,124.60 M
2019-06-14 20:18:01,27.0,120.32 M
2019-06-14 20:18:03,19.0,120.80 M
2019-06-14 20:18:06,15.0,122.51 M
2019-06-14 20:18:08,21.0,122.77 M
2019-06-14 20:18:10,22.0,122.63 M
2019-06-14 20:18:12,19.0,122.63 M
2019-06-14 20:18:14,22.0,123.74 M
2019-06-14 20:18:16,18.0,124.32 M
2019-06-14 20:18:18,21.0,124.77 M
2019-06-14 20:18:20,30.0,125.73 M
2019-06-14 20:18:22,24.0,127.00 M
2019-06-14 20:18:24,16.0,128.02 M
2019-06-14 20:18:26,26.0,128.25 M
2019-06-14 20:18:28,16.0,129.16 M
2019-06-14 20:18:30,24.0,129.88 M
2019-06-14 20:18:32,25.0,131.20 M
2019-06-14 20:18:34,15.0,131.20 M
2019-06-14 20:18:36,11.0,132.77 M
2019-06-14 20:18:38,10.0,133.27 M
2019-06-14 20:18:40,18.0,134.96 M
2019-06-14 20:18:42,15.0,135.46 M
2019-06-14 20:18:44,18.0,132.98 M
2019-06-14 20:18:46,14.0,133.67 M
2019-06-14 20:18:48,14.0,133.67 M
2019-06-14 20:18:50,12.0,135.59 M
2019-06-14 20:18:52,20.0,136.34 M
2019-06-14 20:18:54,18.0,137.29 M
2019-06-14 20:18:56,16.0,138.48 M
2019-06-14 20:18:58,24.0,139.47 M
2019-06-14 20:19:00,33.0,138.05 M
2019-06-14 20:19:02,29.0,138.56 M
2019-06-14 20:19:04,31.0,137.87 M
2019-06-14 20:19:06,25.0,138.54 M
2019-06-14 20:19:08,22.0,139.05 M
2019-06-14 20:19:10,35.0,139.14 M
2019-06-14 20:19:12,21.0,139.68 M
2019-06-14 20:19:14,14.0,140.70 M
2019-06-14 20:19:16,38.0,140.61 M
2019-06-14 20:19:18,12.0,141.49 M
2019-06-14 20:19:20,19.0,142.26 M
2019-06-14 20:19:22,25.0,142.13 M
2019-06-14 20:19:24,15.0,142.39 M
2019-06-14 20:19:26,21.0,143.26 M
2019-06-14 20:19:28,18.0,145.06 M
2019-06-14 20:19:30,17.0,146.08 M
2019-06-14 20:19:32,19.0,144.21 M
2019-06-14 20:19:34,17.0,144.65 M
2019-06-14 20:19:36,13.0,146.15 M
2019-06-14 20:19:38,21.0,146.15 M
2019-06-14 20:19:40,35.0,146.62 M
2019-06-14 20:19:42,14.0,147.65 M
2019-06-14 20:19:44,25.0,148.04 M
2019-06-14 20:19:46,23.0,146.79 M
2019-06-14 20:19:48,21.0,147.62 M
2019-06-14 20:19:50,11.0,147.62 M
2019-06-14 20:19:52,12.0,148.77 M
2019-06-14 20:19:54,24.0,149.55 M
2019-06-14 20:19:56,35.0,149.79 M
2019-06-14 20:19:58,17.0,150.92 M
2019-06-14 20:20:00,5.0,150.92 M
2019-06-14 20:20:02,11.0,151.40 M
2019-06-14 20:20:04,23.0,151.27 M
2019-06-14 20:20:06,25.0,152.05 M
2019-06-14 20:20:08,15.0,152.56 M
2019-06-14 20:20:10,10.0,152.80 M
2019-06-14 20:20:12,4.0,152.80 M
2019-06-14 20:20:14,25.0,153.70 M
2019-06-14 20:20:16,29.0,154.22 M
2019-06-14 20:20:18,25.0,154.29 M
2019-06-14 20:20:20,2.0,154.29 M
2019-06-14 20:20:22,41.0,155.05 M
2019-06-14 20:20:24,39.0,156.11 M
2019-06-14 20:20:26,18.0,156.41 M
2019-06-14 20:20:28,19.0,156.66 M
2019-06-14 20:20:30,21.0,158.32 M
2019-06-14 20:20:32,22.0,159.34 M
2019-06-14 20:20:34,15.0,159.60 M
2019-06-14 20:20:36,38.0,159.20 M
2019-06-14 20:20:38,24.0,159.46 M
2019-06-14 20:20:40,13.0,160.20 M
2019-06-14 20:20:42,38.0,161.57 M
2019-06-14 20:20:44,23.0,161.57 M
2019-06-14 20:20:46,23.0,161.57 M
2019-06-14 20:20:48,19.0,162.22 M
2019-06-14 20:20:50,16.0,162.22 M
2019-06-14 20:20:52,31.0,162.42 M
2019-06-14 20:20:54,27.0,164.08 M
2019-06-14 20:20:56,21.0,164.08 M
2019-06-14 20:20:58,16.0,164.08 M
2019-06-14 20:21:00,24.0,163.04 M
2019-06-14 20:21:02,24.0,163.29 M
2019-06-14 20:21:04,24.0,163.54 M
2019-06-14 20:21:06,32.0,161.22 M
2019-06-14 20:21:08,21.0,161.48 M
2019-06-14 20:21:10,23.0,162.50 M
2019-06-14 20:21:12,38.0,162.96 M
2019-06-14 20:21:15,68.9,65.98 M
2019-06-14 20:21:17,45.0,89.41 M
2019-06-14 20:21:19,47.0,94.95 M
2019-06-14 20:21:21,39.0,95.33 M
2019-06-14 20:21:23,49.9,96.45 M
2019-06-14 20:21:25,58.0,96.45 M
2019-06-14 20:21:27,54.9,96.18 M
2019-06-14 20:21:29,42.0,97.46 M
2019-06-14 20:21:31,40.0,97.79 M
2019-06-14 20:21:33,38.0,97.82 M
2019-06-14 20:21:35,44.0,100.07 M
2019-06-14 20:21:37,46.9,101.06 M
2019-06-14 20:21:39,44.9,100.68 M
2019-06-14 20:21:42,45.0,99.37 M
2019-06-14 20:21:44,44.0,101.48 M
2019-06-14 20:21:46,48.9,100.64 M
2019-06-14 20:21:48,27.0,101.30 M
2019-06-14 20:21:50,41.0,102.86 M
2019-06-14 20:21:52,43.0,99.36 M
2019-06-14 20:21:54,45.0,99.76 M
2019-06-14 20:21:56,45.0,100.69 M
2019-06-14 20:21:58,40.0,103.21 M
2019-06-14 20:22:00,43.0,102.37 M
2019-06-14 20:22:02,43.9,103.88 M
2019-06-14 20:22:04,34.0,105.95 M
2019-06-14 20:22:06,42.0,107.53 M
2019-06-14 20:22:08,38.0,108.04 M
2019-06-14 20:22:10,52.9,107.80 M
2019-06-14 20:22:12,44.0,105.21 M
2019-06-14 20:22:14,25.0,105.54 M
2019-06-14 20:22:16,21.0,106.05 M
2019-06-14 20:22:18,15.0,105.01 M
2019-06-14 20:22:20,31.0,101.87 M
2019-06-14 20:22:22,33.0,103.64 M
2019-06-14 20:22:24,25.0,104.25 M
2019-06-14 20:22:26,34.0,104.56 M
2019-06-14 20:22:28,39.0,104.36 M
2019-06-14 20:22:30,38.0,105.41 M
2019-06-14 20:22:32,33.0,105.55 M
2019-06-14 20:22:34,37.0,107.35 M
2019-06-14 20:22:38,60.9,65.08 M
2019-06-14 20:22:40,47.9,85.51 M
2019-06-14 20:22:42,38.0,90.33 M
2019-06-14 20:22:44,46.0,93.48 M
2019-06-14 20:22:46,40.0,96.43 M
2019-06-14 20:22:48,47.0,97.70 M
2019-06-14 20:22:50,50.9,95.68 M
2019-06-14 20:22:52,50.0,95.27 M
2019-06-14 20:22:54,37.0,97.70 M
2019-06-14 20:22:56,41.0,99.00 M
2019-06-14 20:22:58,33.0,96.98 M
2019-06-14 20:23:00,30.0,98.46 M
2019-06-14 20:23:02,33.0,97.43 M
2019-06-14 20:23:04,51.9,100.89 M
2019-06-14 20:23:06,44.0,102.16 M
2019-06-14 20:23:08,41.0,104.42 M
2019-06-14 20:23:10,40.0,103.72 M
2019-06-14 20:23:12,42.0,102.92 M
2019-06-14 20:23:14,38.0,103.11 M
2019-06-14 20:23:16,38.0,106.35 M
2019-06-14 20:23:18,26.0,105.23 M
2019-06-14 20:23:20,35.0,103.91 M
2019-06-14 20:23:22,39.0,104.32 M
2019-06-14 20:23:24,29.0,103.98 M
2019-06-14 20:23:26,38.0,102.82 M
2019-06-14 20:23:28,36.0,102.50 M
2019-06-14 20:23:30,32.0,102.68 M
2019-06-14 20:23:32,37.0,101.91 M
2019-06-14 20:23:34,40.0,104.76 M
2019-06-14 20:23:36,40.0,102.08 M
2019-06-14 20:23:38,39.0,105.22 M
2019-06-14 20:23:40,38.0,106.53 M
2019-06-14 20:23:42,49.0,105.43 M
2019-06-14 20:23:44,38.0,104.87 M
2019-06-14 20:23:46,46.0,105.11 M
2019-06-14 20:23:48,43.9,106.18 M
2019-06-14 20:23:50,30.0,104.63 M
2019-06-14 20:23:52,29.0,107.04 M
2019-06-14 20:23:54,35.0,105.09 M
2019-06-14 20:23:56,39.0,107.23 M
2019-06-14 20:23:58,36.0,108.33 M
2019-06-14 20:24:00,42.0,112.20 M
2019-06-14 20:24:02,34.0,109.48 M
2019-06-14 20:24:04,41.0,112.02 M
2019-06-14 20:24:06,31.0,110.68 M
2019-06-14 20:24:08,26.0,108.75 M
2019-06-14 20:24:10,30.0,110.52 M
2019-06-14 20:24:12,27.0,109.63 M
2019-06-14 20:24:14,32.0,109.93 M
2019-06-14 20:24:16,31.0,108.86 M
2019-06-14 20:24:18,38.0,110.93 M
2019-06-14 20:24:20,38.0,113.04 M
2019-06-14 20:24:22,47.9,111.77 M
2019-06-14 20:24:24,38.0,113.05 M
2019-06-14 20:24:26,30.0,113.92 M
2019-06-14 20:24:28,35.0,114.75 M
2019-06-14 20:24:30,31.0,115.92 M
2019-06-14 20:24:32,33.0,117.34 M
2019-06-14 20:24:34,38.0,119.39 M
2019-06-14 20:24:36,36.0,115.63 M
2019-06-14 20:24:38,43.0,116.91 M
2019-06-14 20:24:40,40.0,114.83 M
2019-06-14 20:24:42,43.0,111.41 M
2019-06-14 20:24:47,64.9,64.37 M
2019-06-14 20:24:49,62.0,63.63 M
2019-06-14 20:24:51,51.9,88.32 M
2019-06-14 20:24:53,41.0,90.89 M
2019-06-14 20:24:55,50.9,92.77 M
2019-06-14 20:24:57,49.0,94.65 M
2019-06-14 20:24:59,31.0,97.27 M
2019-06-14 20:25:01,47.9,95.89 M
2019-06-14 20:25:03,52.0,96.77 M
2019-06-14 20:25:05,44.0,97.80 M
2019-06-14 20:25:07,46.0,97.30 M
2019-06-14 20:25:09,38.0,97.89 M
2019-06-14 20:25:11,38.0,99.39 M
2019-06-14 20:25:13,26.0,97.17 M
2019-06-14 20:25:15,29.0,98.51 M
2019-06-14 20:25:17,42.0,100.66 M
2019-06-14 20:25:19,36.0,97.64 M
2019-06-14 20:25:21,24.0,99.00 M
2019-06-14 20:25:23,36.0,102.11 M
2019-06-14 20:25:25,44.0,98.98 M
2019-06-14 20:25:27,36.0,98.36 M
2019-06-14 20:25:29,34.0,98.04 M
2019-06-14 20:25:31,45.9,100.09 M
2019-06-14 20:25:33,35.0,101.09 M
2019-06-14 20:25:35,38.0,99.63 M
2019-06-14 20:25:37,43.0,102.00 M
2019-06-14 20:25:39,43.9,103.20 M
2019-06-14 20:25:41,38.0,99.64 M
2019-06-14 20:25:43,44.0,102.25 M
2019-06-14 20:25:45,36.0,99.80 M
2019-06-14 20:25:47,42.9,99.48 M
2019-06-14 20:25:49,42.0,99.90 M
2019-06-14 20:25:51,52.0,100.32 M
2019-06-14 20:25:53,29.0,101.38 M
2019-06-14 20:25:55,44.0,101.08 M
2019-06-14 20:25:57,41.0,102.74 M
2019-06-14 20:25:59,39.0,102.73 M
2019-06-14 20:26:01,33.0,103.25 M
2019-06-14 20:26:03,21.0,103.19 M
2019-06-14 20:26:05,31.0,102.48 M
2019-06-14 20:26:07,36.0,104.00 M
2019-06-14 20:26:09,38.0,105.60 M
2019-06-14 20:26:11,43.0,103.50 M
2019-06-14 20:26:13,40.0,103.29 M
2019-06-14 20:26:15,39.0,103.93 M
2019-06-14 20:26:17,40.0,106.53 M
2019-06-14 20:26:19,42.0,106.18 M
2019-06-14 20:26:21,39.0,106.44 M
2019-06-14 20:26:23,45.0,102.94 M
2019-06-14 20:26:25,42.0,106.00 M
2019-06-14 20:26:27,24.0,107.04 M
2019-06-14 20:26:29,33.0,108.37 M
2019-06-14 20:26:31,34.0,107.07 M
2019-06-14 20:26:33,47.9,107.49 M
2019-06-14 20:26:35,43.0,105.59 M
2019-06-14 20:26:37,41.0,106.01 M
2019-06-14 20:26:39,47.9,106.13 M
2019-06-14 20:26:41,44.9,105.35 M
2019-06-14 20:26:43,33.0,105.81 M
2019-06-14 20:26:45,40.0,106.79 M
2019-06-14 20:26:47,29.0,108.88 M
2019-06-14 20:26:49,40.0,107.52 M
2019-06-14 20:26:51,28.0,108.18 M
2019-06-14 20:26:53,35.0,106.36 M
2019-06-14 20:26:55,33.0,107.52 M
2019-06-14 20:26:57,27.0,108.65 M
2019-06-14 20:26:59,38.0,106.41 M
2019-06-14 20:27:01,37.0,107.23 M
2019-06-14 20:27:03,37.0,107.71 M
2019-06-14 20:27:05,38.0,108.15 M
2019-06-14 20:27:07,40.0,108.92 M
2019-06-14 20:27:09,37.0,107.25 M
2019-06-14 20:27:11,33.0,110.05 M
2019-06-14 20:27:13,45.0,110.80 M
2019-06-14 20:27:15,38.0,111.39 M
2019-06-14 20:27:17,40.0,114.38 M
2019-06-14 20:27:19,34.0,115.91 M
2019-06-14 20:27:21,40.0,114.06 M
2019-06-14 20:27:23,44.9,114.14 M
2019-06-14 20:27:25,47.0,105.64 M
2019-06-14 20:27:27,35.0,106.32 M
2019-06-14 20:27:29,42.9,109.09 M
2019-06-14 20:27:31,48.9,110.05 M
2019-06-14 20:27:33,45.0,110.00 M
2019-06-14 20:27:35,38.0,110.30 M
2019-06-14 20:27:37,41.0,109.57 M
2019-06-14 20:27:39,47.0,110.35 M
2019-06-14 20:27:41,43.9,112.35 M
2019-06-14 20:27:43,42.0,111.67 M
2019-06-14 20:27:45,38.0,112.92 M
2019-06-14 20:27:47,35.0,114.94 M
2019-06-14 20:27:49,46.9,116.26 M
2019-06-14 20:27:52,34.0,116.96 M
2019-06-14 20:27:54,38.0,116.18 M
2019-06-14 20:27:56,40.0,118.48 M
2019-06-14 20:27:58,39.0,112.07 M
2019-06-14 20:28:00,40.0,110.68 M
2019-06-14 20:28:02,34.0,111.68 M
2019-06-14 20:28:04,43.9,111.69 M
2019-06-14 20:28:06,39.0,113.11 M
2019-06-14 20:28:08,33.0,114.47 M
2019-06-14 20:28:10,33.0,111.40 M
2019-06-14 20:28:12,32.0,113.09 M
2019-06-14 20:28:14,31.0,113.74 M
2019-06-14 20:28:16,31.0,113.29 M
2019-06-14 20:28:18,38.0,112.05 M
2019-06-14 20:28:20,31.0,114.18 M
2019-06-14 20:28:22,34.0,115.66 M
2019-06-14 20:28:24,26.0,112.51 M
2019-06-14 20:28:26,42.0,114.15 M
2019-06-14 20:28:28,37.0,116.71 M
2019-06-14 20:28:30,40.0,113.99 M
2019-06-14 20:28:32,39.0,114.05 M
2019-06-14 20:28:34,28.0,112.31 M
2019-06-14 20:28:36,40.0,113.18 M
2019-06-14 20:28:38,42.0,113.29 M
2019-06-14 20:28:40,41.0,115.05 M
2019-06-14 20:28:42,39.0,117.00 M
2019-06-14 20:28:44,34.0,118.27 M
2019-06-14 20:28:46,44.0,119.30 M
2019-06-14 20:28:48,39.0,119.97 M
2019-06-14 20:28:50,41.0,121.81 M
2019-06-14 20:28:52,44.0,116.07 M
2019-06-14 20:28:54,42.9,116.45 M
2019-06-14 20:28:56,31.0,119.26 M
2019-06-14 20:28:58,26.0,112.64 M
2019-06-14 20:29:00,29.0,113.00 M
2019-06-14 20:29:02,42.9,112.30 M
2019-06-14 20:29:04,37.0,114.27 M
2019-06-14 20:29:06,34.0,117.84 M
2019-06-14 20:29:08,37.0,117.25 M
2019-06-14 20:29:10,43.0,119.25 M
2019-06-14 20:29:12,42.0,120.73 M
2019-06-14 20:29:14,43.9,120.89 M
2019-06-14 20:29:16,38.0,122.22 M
2019-06-14 20:29:18,38.0,124.50 M
2019-06-14 20:29:20,35.0,126.25 M
2019-06-14 20:29:22,33.0,126.25 M
2019-06-14 20:29:24,35.0,123.13 M
2019-06-14 20:29:26,37.0,124.84 M
2019-06-14 20:29:28,39.0,121.74 M
2019-06-14 20:29:30,34.0,118.80 M
2019-06-14 20:29:32,43.0,120.80 M
2019-06-14 20:29:34,39.0,118.65 M
2019-06-14 20:29:36,44.9,118.39 M
2019-06-14 20:29:38,44.0,120.00 M
2019-06-14 20:29:40,43.0,121.60 M
2019-06-14 20:29:42,35.0,123.60 M
2019-06-14 20:29:44,38.0,125.09 M
2019-06-14 20:29:46,30.0,126.89 M
2019-06-14 20:29:50,81.9,71.30 M
2019-06-14 20:29:52,53.0,93.49 M
2019-06-14 20:29:54,57.9,94.86 M
2019-06-14 20:29:56,46.0,95.73 M
2019-06-14 20:29:58,43.0,98.02 M
2019-06-14 20:30:00,37.0,94.66 M
2019-06-14 20:30:02,31.0,95.62 M
2019-06-14 20:30:04,36.0,97.45 M
2019-06-14 20:30:06,45.9,98.00 M
2019-06-14 20:30:08,40.0,99.33 M
2019-06-14 20:30:10,42.0,98.73 M
2019-06-14 20:30:12,52.9,99.00 M
2019-06-14 20:30:14,44.0,97.44 M
2019-06-14 20:30:16,46.0,97.34 M
2019-06-14 20:30:18,16.0,98.04 M
2019-06-14 20:30:20,5.0,98.13 M
2019-06-14 20:30:22,49.0,99.58 M
2019-06-14 20:30:24,41.0,97.29 M
2019-06-14 20:30:26,39.0,99.62 M
2019-06-14 20:30:28,43.0,99.62 M
2019-06-14 20:30:30,40.0,100.74 M
2019-06-14 20:30:32,37.0,102.30 M
2019-06-14 20:30:34,40.0,101.45 M
2019-06-14 20:30:36,38.0,103.19 M
2019-06-14 20:30:38,39.0,104.05 M
2019-06-14 20:30:40,33.0,101.64 M
2019-06-14 20:30:42,37.0,103.80 M
2019-06-14 20:30:44,43.0,105.33 M
2019-06-14 20:30:46,47.9,103.19 M
2019-06-14 20:30:48,41.0,101.32 M
2019-06-14 20:30:50,42.0,101.74 M
2019-06-14 20:30:52,32.0,104.72 M
2019-06-14 20:30:54,35.0,106.00 M
2019-06-14 20:30:56,37.0,103.21 M
2019-06-14 20:30:58,43.0,105.22 M
2019-06-14 20:31:00,31.0,102.04 M
2019-06-14 20:31:02,36.0,102.98 M
2019-06-14 20:31:04,38.0,105.20 M
2019-06-14 20:31:06,30.0,106.01 M
2019-06-14 20:31:08,38.0,105.43 M
2019-06-14 20:31:10,39.9,106.80 M
2019-06-14 20:31:12,36.0,104.54 M
2019-06-14 20:31:14,38.0,107.49 M
2019-06-14 20:31:16,40.0,106.95 M
2019-06-14 20:31:18,39.0,107.23 M
2019-06-14 20:31:21,31.0,106.27 M
2019-06-14 20:31:23,42.0,105.29 M
2019-06-14 20:31:25,40.0,107.54 M
2019-06-14 20:31:27,40.0,105.16 M
2019-06-14 20:31:29,33.0,106.28 M
2019-06-14 20:31:31,36.0,106.32 M
2019-06-14 20:31:33,36.0,106.07 M
2019-06-14 20:31:35,46.9,105.11 M
2019-06-14 20:31:37,44.0,107.21 M
2019-06-14 20:31:39,41.0,108.87 M
2019-06-14 20:31:41,48.0,107.05 M
2019-06-14 20:31:43,41.0,109.55 M
2019-06-14 20:31:45,40.9,108.64 M
2019-06-14 20:31:47,36.0,110.26 M
2019-06-14 20:31:49,41.0,111.33 M
2019-06-14 20:31:51,48.9,100.74 M
2019-06-14 20:31:53,46.0,103.91 M
2019-06-14 20:31:55,44.0,103.62 M
2019-06-14 20:31:57,48.0,102.45 M
2019-06-14 20:31:59,49.9,102.11 M
2019-06-14 20:32:01,45.0,106.72 M
2019-06-14 20:32:03,34.0,106.31 M
2019-06-14 20:32:05,42.0,104.28 M
2019-06-14 20:32:07,50.0,105.98 M
2019-06-14 20:32:09,47.0,107.20 M
2019-06-14 20:32:11,38.0,102.98 M
2019-06-14 20:32:13,30.0,105.30 M
2019-06-14 20:32:15,42.0,106.98 M
2019-06-14 20:32:17,38.0,105.88 M
2019-06-14 20:32:19,38.0,107.25 M
2019-06-14 20:32:21,32.0,107.27 M
2019-06-14 20:32:23,37.0,105.95 M
2019-06-14 20:32:25,45.0,106.27 M
2019-06-14 20:32:27,44.9,107.60 M
2019-06-14 20:32:29,36.0,107.00 M
2019-06-14 20:32:31,41.0,108.93 M
2019-06-14 20:32:33,43.0,109.21 M
2019-06-14 20:32:35,43.9,110.89 M
2019-06-14 20:32:37,45.9,110.35 M
2019-06-14 20:32:39,39.0,110.12 M
2019-06-14 20:32:41,42.0,110.29 M
2019-06-14 20:32:43,44.0,110.95 M
2019-06-14 20:32:45,38.0,111.55 M
2019-06-14 20:32:47,32.0,113.39 M
2019-06-14 20:32:49,38.0,112.80 M
2019-06-14 20:32:51,44.0,114.41 M
2019-06-14 20:32:53,40.0,110.28 M
2019-06-14 20:32:55,36.0,108.62 M
2019-06-14 20:32:57,39.0,107.37 M
2019-06-14 20:32:59,41.0,108.29 M
2019-06-14 20:33:01,45.9,107.62 M
2019-06-14 20:33:03,53.9,110.95 M
2019-06-14 20:33:05,44.0,104.27 M
2019-06-14 20:33:07,37.0,106.48 M
2019-06-14 20:33:09,41.0,106.94 M
2019-06-14 20:33:11,37.0,106.77 M
2019-06-14 20:33:13,39.9,107.15 M
2019-06-14 20:33:15,42.0,103.75 M
2019-06-14 20:33:17,37.0,105.86 M
2019-06-14 20:33:19,33.0,106.39 M
2019-06-14 20:33:21,48.9,104.02 M
2019-06-14 20:33:23,45.9,105.16 M
2019-06-14 20:33:25,45.0,105.93 M
2019-06-14 20:33:27,46.0,105.73 M
2019-06-14 20:33:29,45.9,106.31 M
2019-06-14 20:33:31,50.0,104.49 M
2019-06-14 20:33:33,45.0,104.80 M
2019-06-14 20:33:35,52.0,106.62 M
2019-06-14 20:33:37,51.9,106.88 M
2019-06-14 20:33:39,49.0,105.12 M
2019-06-14 20:33:41,46.0,106.04 M
2019-06-14 20:33:43,43.0,103.82 M
2019-06-14 20:33:45,47.9,106.39 M
2019-06-14 20:33:47,49.9,108.45 M
2019-06-14 20:33:49,46.9,108.95 M
2019-06-14 20:33:51,47.9,105.13 M
2019-06-14 20:33:53,48.0,108.28 M
2019-06-14 20:33:55,35.0,105.02 M
2019-06-14 20:33:57,45.0,104.75 M
2019-06-14 20:33:59,35.0,106.10 M
2019-06-14 20:34:01,33.0,107.01 M
2019-06-14 20:34:03,46.0,109.20 M
2019-06-14 20:34:05,38.0,110.00 M
2019-06-14 20:34:07,38.0,111.13 M
2019-06-14 20:34:09,39.0,106.14 M
2019-06-14 20:34:11,39.0,107.90 M
2019-06-14 20:34:13,36.0,107.43 M
2019-06-14 20:34:15,45.0,109.84 M
2019-06-14 20:34:17,40.0,106.54 M
2019-06-14 20:34:19,46.9,108.18 M
2019-06-14 20:34:21,36.0,109.63 M
2019-06-14 20:34:23,35.0,111.43 M
2019-06-14 20:34:25,43.0,106.16 M
2019-06-14 20:34:27,45.0,106.48 M
2019-06-14 20:34:29,42.0,105.92 M
2019-06-14 20:34:31,41.0,106.87 M
2019-06-14 20:34:33,36.0,108.84 M
2019-06-14 20:34:35,30.0,109.17 M
2019-06-14 20:34:37,31.0,108.66 M
2019-06-14 20:34:39,32.0,109.69 M
2019-06-14 20:34:41,39.0,108.09 M
2019-06-14 20:34:43,38.0,108.94 M
2019-06-14 20:34:45,40.0,105.52 M
2019-06-14 20:34:47,44.0,106.73 M
2019-06-14 20:34:51,56.9,65.33 M
2019-06-14 20:34:53,50.9,88.71 M
2019-06-14 20:34:55,47.0,91.52 M
2019-06-14 20:34:57,38.0,94.22 M
2019-06-14 20:34:59,26.0,96.43 M
2019-06-14 20:35:01,44.0,95.73 M
2019-06-14 20:35:03,46.0,96.74 M
2019-06-14 20:35:05,41.0,98.19 M
2019-06-14 20:35:07,32.0,98.08 M
2019-06-14 20:35:10,43.0,99.01 M
2019-06-14 20:35:12,49.0,97.88 M
2019-06-14 20:35:14,48.0,98.34 M
2019-06-14 20:35:16,35.0,99.75 M
2019-06-14 20:35:18,36.0,101.59 M
2019-06-14 20:35:20,38.0,102.30 M
2019-06-14 20:35:22,36.0,101.77 M
2019-06-14 20:35:24,45.9,101.56 M
2019-06-14 20:35:26,35.0,102.98 M
2019-06-14 20:35:28,36.0,105.63 M
2019-06-14 20:35:30,38.0,102.57 M
2019-06-14 20:35:32,36.0,103.02 M
2019-06-14 20:35:34,40.0,101.09 M
2019-06-14 20:35:36,38.0,101.99 M
2019-06-14 20:35:38,41.0,101.29 M
2019-06-14 20:35:40,39.0,100.77 M
2019-06-14 20:35:42,31.0,101.61 M
2019-06-14 20:35:44,40.0,102.14 M
2019-06-14 20:35:46,37.0,100.75 M
2019-06-14 20:35:48,44.0,99.11 M
2019-06-14 20:35:50,49.9,102.54 M
2019-06-14 20:35:52,39.0,104.30 M
2019-06-14 20:35:54,36.0,105.38 M
2019-06-14 20:35:56,32.0,101.06 M
2019-06-14 20:35:58,33.0,103.23 M
2019-06-14 20:36:00,38.0,104.54 M
2019-06-14 20:36:02,32.0,106.52 M
2019-06-14 20:36:04,43.0,107.02 M
2019-06-14 20:36:06,31.0,106.50 M
2019-06-14 20:36:08,35.0,107.20 M
2019-06-14 20:36:10,37.0,106.48 M
2019-06-14 20:36:12,38.0,106.83 M
2019-06-14 20:36:14,36.0,106.11 M
2019-06-14 20:36:16,38.0,105.72 M
2019-06-14 20:36:18,40.9,107.70 M
2019-06-14 20:36:20,39.0,108.73 M
2019-06-14 20:36:22,42.9,105.20 M
2019-06-14 20:36:24,36.0,107.00 M
2019-06-14 20:36:26,45.9,108.33 M
2019-06-14 20:36:28,42.9,107.92 M
2019-06-14 20:36:30,41.0,109.13 M
2019-06-14 20:36:32,38.0,109.64 M
2019-06-14 20:36:34,45.0,106.97 M
2019-06-14 20:36:36,31.0,106.98 M
2019-06-14 20:36:38,46.0,105.48 M
2019-06-14 20:36:40,43.9,108.44 M
2019-06-14 20:36:42,42.0,107.66 M
2019-06-14 20:36:44,43.9,108.30 M
2019-06-14 20:36:46,46.9,109.83 M
2019-06-14 20:36:48,44.0,111.71 M
2019-06-14 20:36:50,35.0,112.60 M
2019-06-14 20:36:52,40.0,114.36 M
2019-06-14 20:36:54,37.0,114.16 M
2019-06-14 20:36:56,37.0,115.03 M
2019-06-14 20:36:58,37.0,115.79 M
2019-06-14 20:37:00,37.0,119.08 M
2019-06-14 20:37:02,36.0,115.13 M
2019-06-14 20:37:04,33.0,115.32 M
2019-06-14 20:37:06,31.0,117.85 M
2019-06-14 20:37:08,34.0,115.32 M
2019-06-14 20:37:10,36.0,115.98 M
2019-06-14 20:37:12,40.0,116.69 M
2019-06-14 20:37:14,34.0,115.11 M
2019-06-14 20:37:16,44.0,116.14 M
2019-06-14 20:37:18,44.0,112.86 M
2019-06-14 20:37:20,42.0,114.42 M
2019-06-14 20:37:22,36.0,116.84 M
2019-06-14 20:37:24,36.0,118.86 M
2019-06-14 20:37:27,65.0,66.32 M
2019-06-14 20:37:29,45.0,90.24 M
2019-06-14 20:37:31,40.0,93.15 M
2019-06-14 20:37:33,37.0,95.86 M
2019-06-14 20:37:35,31.0,96.97 M
2019-06-14 20:37:37,50.0,98.55 M
2019-06-14 20:37:39,37.0,94.95 M
2019-06-14 20:37:41,52.9,95.46 M
2019-06-14 20:37:43,48.9,93.95 M
2019-06-14 20:37:45,42.0,95.73 M
2019-06-14 20:37:47,49.9,97.27 M
2019-06-14 20:37:49,36.0,98.54 M
2019-06-14 20:37:51,40.0,97.38 M
2019-06-14 20:37:53,41.0,98.68 M
2019-06-14 20:37:55,38.0,100.01 M
2019-06-14 20:37:57,40.0,100.83 M
2019-06-14 20:37:59,39.0,96.32 M
2019-06-14 20:38:01,40.0,98.42 M
2019-06-14 20:38:03,41.0,100.46 M
2019-06-14 20:38:05,41.0,101.00 M
2019-06-14 20:38:07,35.0,100.55 M
2019-06-14 20:38:09,37.0,100.95 M
2019-06-14 20:38:11,38.0,101.52 M
2019-06-14 20:38:13,42.0,102.96 M
2019-06-14 20:38:15,39.0,102.73 M
2019-06-14 20:38:17,39.9,101.61 M
2019-06-14 20:38:19,35.0,102.68 M
2019-06-14 20:38:21,29.0,104.02 M
2019-06-14 20:38:23,49.0,98.62 M
2019-06-14 20:38:25,35.0,100.30 M
2019-06-14 20:38:27,40.0,103.32 M
2019-06-14 20:38:29,35.0,106.36 M
2019-06-14 20:38:31,39.0,104.68 M
2019-06-14 20:38:33,40.0,105.38 M
2019-06-14 20:38:35,41.0,107.17 M
2019-06-14 20:38:37,37.0,107.27 M
2019-06-14 20:38:40,31.0,104.22 M
2019-06-14 20:38:42,38.0,99.10 M
2019-06-14 20:38:44,33.0,100.68 M
2019-06-14 20:38:46,41.0,102.86 M
2019-06-14 20:38:48,38.0,104.83 M
2019-06-14 20:38:50,33.0,101.47 M
2019-06-14 20:38:52,38.0,103.44 M
2019-06-14 20:38:54,29.0,105.90 M
2019-06-14 20:38:56,36.0,105.06 M
2019-06-14 20:38:58,33.0,104.58 M
2019-06-14 20:39:00,31.0,103.36 M
2019-06-14 20:39:02,29.0,103.83 M
2019-06-14 20:39:04,28.0,106.06 M
2019-06-14 20:39:06,38.0,108.28 M
2019-06-14 20:39:08,46.0,107.30 M
2019-06-14 20:39:10,39.0,106.78 M
2019-06-14 20:39:12,34.0,108.42 M
2019-06-14 20:39:14,37.0,111.12 M
2019-06-14 20:39:16,33.0,112.41 M
2019-06-14 20:39:18,35.0,113.75 M
2019-06-14 20:39:20,31.0,108.20 M
2019-06-14 20:39:22,39.0,105.46 M
2019-06-14 20:39:24,31.0,105.99 M
2019-06-14 20:39:26,38.0,108.17 M
2019-06-14 20:39:28,40.0,108.75 M
2019-06-14 20:39:30,36.0,109.49 M
2019-06-14 20:39:32,41.0,109.64 M
2019-06-14 20:39:34,40.0,106.08 M
2019-06-14 20:39:36,41.9,107.41 M
2019-06-14 20:39:38,39.0,108.10 M
2019-06-14 20:39:40,36.0,109.85 M
2019-06-14 20:39:42,29.0,112.30 M
2019-06-14 20:39:44,43.0,113.04 M
2019-06-14 20:39:46,41.0,115.45 M
2019-06-14 20:39:48,33.0,112.19 M
2019-06-14 20:39:50,36.0,112.19 M
2019-06-14 20:39:52,31.0,113.97 M
2019-06-14 20:39:54,32.0,114.13 M
2019-06-14 20:39:56,39.0,109.34 M
2019-06-14 20:39:58,32.0,109.96 M
2019-06-14 20:40:00,44.0,108.90 M
2019-06-14 20:40:02,39.0,111.83 M
2019-06-14 20:40:04,41.0,108.36 M
2019-06-14 20:40:06,37.0,108.44 M
2019-06-14 20:40:08,29.0,110.16 M
2019-06-14 20:40:10,49.0,112.08 M
2019-06-14 20:40:12,57.9,108.09 M
2019-06-14 20:40:14,27.0,110.36 M
2019-06-14 20:40:16,36.0,112.31 M
2019-06-14 20:40:18,37.0,111.02 M
2019-06-14 20:40:20,7.0,110.80 M
2019-06-14 20:40:22,11.0,111.57 M
2019-06-14 20:40:24,36.0,112.31 M
2019-06-14 20:40:26,37.0,112.93 M
2019-06-14 20:40:28,31.0,110.69 M
2019-06-14 20:40:30,29.0,113.13 M
2019-06-14 20:40:32,30.0,112.47 M
2019-06-14 20:40:34,27.0,111.29 M
2019-06-14 20:40:36,33.0,110.07 M
2019-06-14 20:40:38,33.0,107.68 M
2019-06-14 20:40:40,35.0,109.92 M
2019-06-14 20:40:42,38.0,109.76 M
2019-06-14 20:40:44,38.0,110.91 M
2019-06-14 20:40:46,38.0,110.76 M
2019-06-14 20:40:48,37.0,112.68 M
2019-06-14 20:40:50,37.0,114.63 M
2019-06-14 20:40:52,38.0,116.78 M
2019-06-14 20:40:54,39.0,113.52 M
2019-06-14 20:40:56,33.0,111.16 M
2019-06-14 20:40:58,41.0,111.80 M
2019-06-14 20:41:00,31.0,114.23 M
2019-06-14 20:41:02,36.0,116.19 M
2019-06-14 20:41:04,44.0,116.29 M
2019-06-14 20:41:06,36.0,112.46 M
2019-06-14 20:41:08,30.0,115.40 M
2019-06-14 20:41:10,50.0,116.02 M
2019-06-14 20:41:12,41.0,116.28 M
2019-06-14 20:41:14,34.0,117.69 M
2019-06-14 20:41:16,40.0,118.19 M
2019-06-14 20:41:18,29.0,120.34 M
2019-06-14 20:41:20,40.0,123.03 M
2019-06-14 20:41:22,41.0,116.80 M
2019-06-14 20:41:24,31.0,117.06 M
2019-06-14 20:41:26,34.0,119.48 M
2019-06-14 20:41:28,38.0,118.88 M
2019-06-14 20:41:30,26.0,112.41 M
2019-06-14 20:41:32,40.0,114.44 M
2019-06-14 20:41:34,39.0,116.73 M
2019-06-14 20:41:36,38.0,114.47 M
2019-06-14 20:41:38,37.0,115.71 M
2019-06-14 20:41:40,45.9,114.08 M
2019-06-14 20:41:42,39.0,115.71 M
2019-06-14 20:41:44,40.0,117.94 M
2019-06-14 20:41:46,42.9,119.37 M
2019-06-14 20:41:48,40.9,114.15 M
2019-06-14 20:41:50,40.0,114.54 M
2019-06-14 20:41:52,43.0,116.81 M
2019-06-14 20:41:54,36.0,117.98 M
2019-06-14 20:41:56,39.0,119.64 M
2019-06-14 20:41:58,25.0,119.46 M
2019-06-14 20:42:00,41.0,121.38 M
2019-06-14 20:42:02,40.0,117.04 M
2019-06-14 20:42:04,40.0,116.06 M
2019-06-14 20:42:06,39.0,117.20 M
2019-06-14 20:42:08,35.0,118.10 M
2019-06-14 20:42:10,28.0,120.16 M
2019-06-14 20:42:12,39.0,118.59 M
2019-06-14 20:42:14,38.0,120.23 M
2019-06-14 20:42:16,31.0,119.82 M
2019-06-14 20:42:18,31.0,118.27 M
2019-06-14 20:42:20,37.0,118.33 M
2019-06-14 20:42:22,35.0,120.92 M
2019-06-14 20:42:24,37.0,122.67 M
2019-06-14 20:42:28,57.9,64.82 M
2019-06-14 20:42:30,50.9,87.22 M
2019-06-14 20:42:32,39.0,93.24 M
2019-06-14 20:42:34,44.0,95.93 M
2019-06-14 20:42:36,46.0,95.89 M
2019-06-14 20:42:38,46.9,97.25 M
2019-06-14 20:42:40,40.0,97.96 M
2019-06-14 20:42:42,48.9,98.02 M
2019-06-14 20:42:44,37.0,99.90 M
2019-06-14 20:42:46,37.0,100.27 M
2019-06-14 20:42:48,41.9,99.59 M
2019-06-14 20:42:50,35.0,101.50 M
2019-06-14 20:42:52,39.0,103.16 M
2019-06-14 20:42:54,38.0,102.44 M
2019-06-14 20:42:56,44.0,101.70 M
2019-06-14 20:42:58,33.0,103.32 M
2019-06-14 20:43:00,38.0,104.92 M
2019-06-14 20:43:02,32.0,101.58 M
2019-06-14 20:43:04,43.9,101.07 M
2019-06-14 20:43:06,42.0,102.02 M
2019-06-14 20:43:08,33.0,103.75 M
2019-06-14 20:43:10,44.9,102.54 M
2019-06-14 20:43:12,35.0,105.12 M
2019-06-14 20:43:14,39.0,107.05 M
2019-06-14 20:43:16,38.0,106.81 M
2019-06-14 20:43:18,37.0,109.14 M
2019-06-14 20:43:20,36.0,104.81 M
2019-06-14 20:43:22,38.0,106.63 M
2019-06-14 20:43:24,27.0,105.63 M
2019-06-14 20:43:26,27.0,104.83 M
2019-06-14 20:43:28,38.0,106.05 M
2019-06-14 20:43:30,40.9,106.35 M
2019-06-14 20:43:32,39.0,107.61 M
2019-06-14 20:43:34,44.9,109.18 M
2019-06-14 20:43:36,43.0,108.59 M
2019-06-14 20:43:38,38.0,110.70 M
2019-06-14 20:43:40,37.0,108.51 M
2019-06-14 20:43:42,39.0,110.53 M
2019-06-14 20:43:44,39.0,112.78 M
2019-06-14 20:43:46,33.0,113.29 M
2019-06-14 20:43:48,32.0,115.57 M
2019-06-14 20:43:50,38.0,116.30 M
2019-06-14 20:43:52,30.0,117.43 M
2019-06-14 20:43:54,39.0,115.41 M
2019-06-14 20:43:56,44.0,110.43 M
2019-06-14 20:43:58,35.0,112.12 M
2019-06-14 20:44:00,29.0,112.12 M
2019-06-14 20:44:02,37.0,114.18 M
2019-06-14 20:44:04,35.0,113.88 M
2019-06-14 20:44:06,35.0,114.75 M
2019-06-14 20:44:08,44.0,115.22 M
2019-06-14 20:44:10,39.0,114.47 M
2019-06-14 20:44:12,42.0,115.16 M
2019-06-14 20:44:14,35.0,115.42 M
2019-06-14 20:44:16,33.0,117.68 M
2019-06-14 20:44:18,30.0,118.71 M
2019-06-14 20:44:20,42.0,115.32 M
2019-06-14 20:44:22,36.0,115.24 M
2019-06-14 20:44:24,43.9,115.18 M
2019-06-14 20:44:26,40.0,116.08 M
2019-06-14 20:44:28,35.0,116.17 M
2019-06-14 20:44:30,44.0,115.41 M
2019-06-14 20:44:32,40.0,115.72 M
2019-06-14 20:44:34,36.0,116.75 M
2019-06-14 20:44:36,41.0,119.74 M
2019-06-14 20:44:38,33.0,117.57 M
2019-06-14 20:44:40,38.0,118.74 M
2019-06-14 20:44:42,34.0,115.62 M
2019-06-14 20:44:44,43.0,114.47 M
2019-06-14 20:44:46,47.0,116.28 M
2019-06-14 20:44:48,42.0,118.80 M
2019-06-14 20:44:50,36.0,116.79 M
2019-06-14 20:44:52,22.0,113.14 M
2019-06-14 20:44:54,41.9,115.63 M
2019-06-14 20:44:56,38.0,117.11 M
2019-06-14 20:44:58,27.0,118.68 M
2019-06-14 20:45:00,22.0,119.56 M
2019-06-14 20:45:02,36.0,116.25 M
2019-06-14 20:45:04,26.0,116.71 M
2019-06-14 20:45:06,36.0,116.89 M
2019-06-14 20:45:08,28.0,117.42 M
2019-06-14 20:45:10,33.0,119.91 M
2019-06-14 20:45:12,31.0,122.66 M
2019-06-14 20:45:14,33.0,123.13 M
2019-06-14 20:45:16,39.0,126.40 M
2019-06-14 20:45:18,38.0,123.72 M
2019-06-14 20:45:20,40.0,123.19 M
2019-06-14 20:45:22,30.0,123.78 M
2019-06-14 20:45:24,31.0,125.75 M
2019-06-14 20:45:26,41.0,126.26 M
2019-06-14 20:45:28,31.0,126.37 M
2019-06-14 20:45:30,33.0,128.01 M
2019-06-14 20:45:32,35.0,128.27 M
2019-06-14 20:45:34,36.0,130.24 M
2019-06-14 20:45:36,28.0,131.27 M
2019-06-14 20:45:38,32.0,133.77 M
2019-06-14 20:45:40,28.0,135.06 M
2019-06-14 20:45:42,35.0,137.81 M
2019-06-14 20:45:44,42.0,138.84 M
2019-06-14 20:45:46,38.0,135.59 M
2019-06-14 20:45:48,39.0,135.59 M
2019-06-14 20:45:50,35.0,137.77 M
2019-06-14 20:45:52,32.0,139.02 M
2019-06-14 20:45:54,33.0,141.01 M
2019-06-14 20:45:56,35.0,141.53 M
2019-06-14 20:45:58,44.0,141.60 M
2019-06-14 20:46:01,37.0,129.06 M
2019-06-14 20:46:03,26.0,131.05 M
2019-06-14 20:46:05,44.0,134.31 M
2019-06-14 20:46:07,28.0,134.31 M
2019-06-14 20:46:09,33.0,133.64 M
2019-06-14 20:46:11,37.0,134.15 M
2019-06-14 20:46:13,36.0,136.04 M
2019-06-14 20:46:15,33.0,129.82 M
2019-06-14 20:46:17,27.0,131.53 M
2019-06-14 20:46:19,33.0,133.31 M
2019-06-14 20:46:21,43.0,131.84 M
2019-06-14 20:46:23,31.0,130.65 M
2019-06-14 20:46:25,43.0,128.73 M
2019-06-14 20:46:27,39.0,131.76 M
2019-06-14 20:46:29,46.9,133.10 M
2019-06-14 20:46:31,29.0,135.03 M
2019-06-14 20:46:33,28.0,136.50 M
2019-06-14 20:46:35,31.0,138.29 M
2019-06-14 20:46:37,40.0,140.53 M
2019-06-14 20:46:39,39.0,141.03 M
2019-06-14 20:46:41,32.0,141.81 M
2019-06-14 20:46:43,32.0,142.32 M
2019-06-14 20:46:45,35.0,140.72 M
2019-06-14 20:46:47,37.0,134.76 M
2019-06-14 20:46:49,43.9,134.18 M
2019-06-14 20:46:51,41.9,135.09 M
2019-06-14 20:46:53,30.0,137.39 M
2019-06-14 20:46:55,30.0,138.12 M
2019-06-14 20:46:57,27.0,139.63 M
2019-06-14 20:46:59,36.0,141.34 M
2019-06-14 20:47:01,40.0,142.37 M
2019-06-14 20:47:03,34.0,142.38 M
2019-06-14 20:47:05,40.0,137.86 M
2019-06-14 20:47:07,36.0,139.41 M
2019-06-14 20:47:09,42.0,140.61 M
2019-06-14 20:47:11,35.0,142.29 M
2019-06-14 20:47:13,44.9,141.82 M
2019-06-14 20:47:15,47.0,140.68 M
2019-06-14 20:47:17,29.0,141.95 M
2019-06-14 20:47:19,34.0,142.43 M
2019-06-14 20:47:21,45.9,144.75 M
2019-06-14 20:47:23,41.0,145.75 M
2019-06-14 20:47:25,43.0,145.95 M
2019-06-14 20:47:28,61.9,63.82 M
2019-06-14 20:47:30,47.9,87.95 M
2019-06-14 20:47:33,49.0,65.14 M
2019-06-14 20:47:35,49.9,88.04 M
2019-06-14 20:47:37,37.0,91.62 M
2019-06-14 20:47:39,46.0,94.11 M
2019-06-14 20:47:41,47.9,94.59 M
2019-06-14 20:47:43,45.0,96.93 M
2019-06-14 20:47:45,39.0,97.81 M
2019-06-14 20:47:47,45.0,100.17 M
2019-06-14 20:47:49,42.0,98.25 M
2019-06-14 20:47:51,35.0,97.79 M
2019-06-14 20:47:53,39.0,97.29 M
2019-06-14 20:47:55,40.0,98.64 M
2019-06-14 20:47:57,34.0,99.14 M
2019-06-14 20:47:59,36.0,100.08 M
2019-06-14 20:48:01,38.0,99.38 M
2019-06-14 20:48:03,41.0,97.40 M
2019-06-14 20:48:05,38.0,98.00 M
2019-06-14 20:48:07,46.0,100.54 M
2019-06-14 20:48:09,38.0,100.58 M
2019-06-14 20:48:11,39.0,102.05 M
2019-06-14 20:48:13,38.0,103.61 M
2019-06-14 20:48:15,42.0,101.89 M
2019-06-14 20:48:17,39.0,104.51 M
2019-06-14 20:48:19,38.0,102.07 M
2019-06-14 20:48:21,47.9,101.64 M
2019-06-14 20:48:23,40.0,103.88 M
2019-06-14 20:48:25,44.0,103.77 M
2019-06-14 20:48:27,33.0,102.58 M
2019-06-14 20:48:29,39.9,102.59 M
2019-06-14 20:48:31,45.9,101.86 M
2019-06-14 20:48:33,37.0,102.37 M
2019-06-14 20:48:35,41.0,104.54 M
2019-06-14 20:48:37,37.0,106.96 M
2019-06-14 20:48:39,33.0,107.48 M
2019-06-14 20:48:41,49.0,103.53 M
2019-06-14 20:48:43,42.0,104.53 M
2019-06-14 20:48:45,46.9,104.86 M
2019-06-14 20:48:47,41.0,107.15 M
2019-06-14 20:48:49,37.0,110.49 M
2019-06-14 20:48:51,37.0,109.20 M
2019-06-14 20:48:53,41.0,107.34 M
2019-06-14 20:48:55,34.0,104.21 M
2019-06-14 20:48:57,29.0,106.35 M
2019-06-14 20:48:59,41.0,108.65 M
2019-06-14 20:49:01,45.9,107.82 M
2019-06-14 20:49:03,31.0,104.65 M
2019-06-14 20:49:05,33.0,107.42 M
2019-06-14 20:49:07,37.0,107.77 M
2019-06-14 20:49:09,42.0,109.92 M
2019-06-14 20:49:11,38.0,111.95 M
2019-06-14 20:49:13,42.0,111.25 M
2019-06-14 20:49:15,38.0,109.72 M
2019-06-14 20:49:17,42.0,111.77 M
2019-06-14 20:49:19,43.9,113.26 M
2019-06-14 20:49:21,46.0,114.28 M
2019-06-14 20:49:23,40.0,108.77 M
2019-06-14 20:49:26,40.0,110.99 M
2019-06-14 20:49:28,37.0,109.16 M
2019-06-14 20:49:30,39.0,110.66 M
2019-06-14 20:49:32,40.0,108.34 M
2019-06-14 20:49:34,42.0,109.61 M
2019-06-14 20:49:36,43.0,110.98 M
2019-06-14 20:49:38,39.0,109.66 M
2019-06-14 20:49:40,41.0,111.31 M
2019-06-14 20:49:42,33.0,112.13 M
2019-06-14 20:49:44,38.0,112.42 M
2019-06-14 20:49:46,41.0,115.16 M
2019-06-14 20:49:48,40.0,111.25 M
2019-06-14 20:49:50,41.0,112.02 M
2019-06-14 20:49:52,34.0,115.00 M
2019-06-14 20:49:54,31.0,117.09 M
2019-06-14 20:49:56,40.0,118.12 M
2019-06-14 20:49:58,46.0,109.18 M
2019-06-14 20:50:00,42.0,111.57 M
2019-06-14 20:50:02,41.0,112.27 M
2019-06-14 20:50:04,43.9,115.29 M
2019-06-14 20:50:06,29.0,116.07 M
2019-06-14 20:50:08,21.0,111.70 M
2019-06-14 20:50:10,35.0,109.21 M
2019-06-14 20:50:12,37.0,110.07 M
2019-06-14 20:50:14,48.0,110.28 M
2019-06-14 20:50:16,39.0,113.03 M
2019-06-14 20:50:18,31.0,114.74 M
2019-06-14 20:50:20,37.0,113.09 M
2019-06-14 20:50:22,13.0,113.59 M
2019-06-14 20:50:24,23.0,112.04 M
2019-06-14 20:50:26,36.0,113.75 M
2019-06-14 20:50:28,41.0,114.93 M
2019-06-14 20:50:30,34.0,115.12 M
2019-06-14 20:50:32,35.0,114.74 M
2019-06-14 20:50:34,46.0,115.96 M
2019-06-14 20:50:36,41.0,115.35 M
2019-06-14 20:50:38,41.0,114.09 M
2019-06-14 20:50:40,35.0,115.51 M
2019-06-14 20:50:42,43.0,113.79 M
2019-06-14 20:50:44,37.0,114.95 M
2019-06-14 20:50:46,35.0,117.16 M
2019-06-14 20:50:48,41.0,115.02 M
2019-06-14 20:50:50,37.0,115.88 M
2019-06-14 20:50:52,38.0,117.11 M
2019-06-14 20:50:54,42.0,119.61 M
2019-06-14 20:50:56,41.0,120.54 M
2019-06-14 20:50:58,39.0,114.20 M
2019-06-14 20:51:00,46.0,115.81 M
2019-06-14 20:51:02,43.0,117.38 M
2019-06-14 20:51:04,45.0,115.86 M
2019-06-14 20:51:06,41.0,117.26 M
2019-06-14 20:51:08,39.0,119.60 M
2019-06-14 20:51:10,39.0,118.96 M
2019-06-14 20:51:12,38.0,120.52 M
2019-06-14 20:51:14,38.0,121.23 M
2019-06-14 20:51:16,38.0,122.27 M
2019-06-14 20:51:18,36.0,121.57 M
2019-06-14 20:51:20,30.0,120.99 M
2019-06-14 20:51:22,39.0,121.34 M
2019-06-14 20:51:24,33.0,121.80 M
2019-06-14 20:51:26,20.0,123.05 M
2019-06-14 20:51:28,35.0,123.75 M
2019-06-14 20:51:30,46.9,121.30 M
2019-06-14 20:51:32,39.0,122.37 M
2019-06-14 20:51:34,41.0,123.28 M
2019-06-14 20:51:36,29.0,126.83 M
2019-06-14 20:51:38,35.0,123.27 M
2019-06-14 20:51:40,39.0,124.33 M
2019-06-14 20:51:42,34.0,124.85 M
2019-06-14 20:51:44,43.0,126.68 M
2019-06-14 20:51:46,46.9,127.68 M
2019-06-14 20:51:48,36.0,130.43 M
2019-06-14 20:51:50,39.0,122.04 M
2019-06-14 20:51:52,35.0,123.25 M
2019-06-14 20:51:54,40.0,124.54 M
2019-06-14 20:51:56,39.0,127.30 M
2019-06-14 20:51:58,36.0,123.05 M
2019-06-14 20:52:00,30.0,124.78 M
2019-06-14 20:52:02,40.0,127.02 M
2019-06-14 20:52:04,32.0,128.30 M
2019-06-14 20:52:06,34.0,129.51 M
2019-06-14 20:52:08,38.0,129.77 M
2019-06-14 20:52:10,36.0,132.27 M
2019-06-14 20:52:12,44.0,127.61 M
2019-06-14 20:52:14,44.0,128.62 M
2019-06-14 20:52:16,39.0,130.91 M
2019-06-14 20:52:18,41.0,131.94 M
2019-06-14 20:52:20,37.0,134.18 M
2019-06-14 20:52:22,40.0,130.92 M
2019-06-14 20:52:24,47.9,123.52 M
2019-06-14 20:52:26,40.0,123.41 M
2019-06-14 20:52:28,46.9,125.58 M
2019-06-14 20:52:30,40.0,124.90 M
2019-06-14 20:52:33,67.9,64.61 M
2019-06-14 20:52:35,44.0,86.79 M
2019-06-14 20:52:37,38.0,91.51 M
2019-06-14 20:52:39,36.0,94.68 M
2019-06-14 20:52:41,43.9,94.13 M
2019-06-14 20:52:43,37.0,95.09 M
2019-06-14 20:52:45,43.0,96.26 M
2019-06-14 20:52:47,41.0,95.79 M
2019-06-14 20:52:49,44.9,93.94 M
2019-06-14 20:52:51,37.0,95.50 M
2019-06-14 20:52:53,31.0,98.57 M
2019-06-14 20:52:55,37.0,99.68 M
2019-06-14 20:52:57,40.0,97.67 M
2019-06-14 20:52:59,42.0,98.06 M
2019-06-14 20:53:01,45.0,95.83 M
2019-06-14 20:53:04,37.0,98.26 M
2019-06-14 20:53:06,33.0,98.82 M
2019-06-14 20:53:08,28.0,97.65 M
2019-06-14 20:53:10,33.0,99.12 M
2019-06-14 20:53:12,32.0,97.32 M
2019-06-14 20:53:14,33.0,97.27 M
2019-06-14 20:53:16,34.0,99.24 M
2019-06-14 20:53:18,38.0,100.61 M
2019-06-14 20:53:20,30.0,102.01 M
2019-06-14 20:53:22,45.9,97.59 M
2019-06-14 20:53:24,32.0,99.35 M
2019-06-14 20:53:26,31.0,101.30 M
2019-06-14 20:53:28,39.0,102.22 M
2019-06-14 20:53:30,39.0,103.91 M
2019-06-14 20:53:32,48.0,100.07 M
2019-06-14 20:53:34,35.0,101.73 M
2019-06-14 20:53:36,43.0,102.07 M
2019-06-14 20:53:38,35.0,99.79 M
2019-06-14 20:53:40,42.0,101.26 M
2019-06-14 20:53:42,41.0,103.16 M
2019-06-14 20:53:44,37.0,102.21 M
2019-06-14 20:53:46,40.0,103.05 M
2019-06-14 20:53:48,41.0,104.63 M
2019-06-14 20:53:50,32.0,103.13 M
2019-06-14 20:53:52,43.0,100.47 M
2019-06-14 20:53:54,41.0,101.45 M
2019-06-14 20:53:56,40.0,103.36 M
2019-06-14 20:53:58,40.0,105.02 M
2019-06-14 20:54:00,32.0,104.75 M
2019-06-14 20:54:02,38.0,100.48 M
2019-06-14 20:54:04,33.0,101.26 M
2019-06-14 20:54:06,35.0,102.66 M
2019-06-14 20:54:08,46.0,104.70 M
2019-06-14 20:54:10,39.0,106.30 M
2019-06-14 20:54:12,30.0,104.96 M
2019-06-14 20:54:14,40.0,103.50 M
2019-06-14 20:54:16,38.0,103.01 M
2019-06-14 20:54:18,43.0,103.28 M
2019-06-14 20:54:20,35.0,105.00 M
2019-06-14 20:54:22,40.0,104.86 M
2019-06-14 20:54:24,33.0,106.60 M
2019-06-14 20:54:26,42.0,105.88 M
2019-06-14 20:54:28,33.0,105.96 M
2019-06-14 20:54:30,40.9,106.76 M
2019-06-14 20:54:32,42.0,107.28 M
2019-06-14 20:54:34,34.0,108.93 M
2019-06-14 20:54:36,29.0,108.27 M
2019-06-14 20:54:38,39.0,108.84 M
2019-06-14 20:54:40,37.0,108.29 M
2019-06-14 20:54:42,35.0,106.82 M
2019-06-14 20:54:44,37.0,106.38 M
2019-06-14 20:54:46,39.0,108.45 M
2019-06-14 20:54:48,36.0,106.66 M
2019-06-14 20:54:50,38.0,105.36 M
2019-06-14 20:54:52,33.0,107.21 M
2019-06-14 20:54:54,42.0,109.10 M
2019-06-14 20:54:56,29.0,109.86 M
2019-06-14 20:54:58,27.0,107.82 M
2019-06-14 20:55:00,26.0,109.40 M
2019-06-14 20:55:02,37.0,110.26 M
2019-06-14 20:55:04,31.0,110.77 M
2019-06-14 20:55:06,32.0,112.66 M
2019-06-14 20:55:08,42.0,104.99 M
2019-06-14 20:55:10,32.0,107.61 M
2019-06-14 20:55:12,29.0,105.90 M
2019-06-14 20:55:14,37.0,108.29 M
2019-06-14 20:55:16,40.0,103.72 M
2019-06-14 20:55:18,37.0,105.48 M
2019-06-14 20:55:20,44.9,107.12 M
2019-06-14 20:55:22,36.0,108.52 M
2019-06-14 20:55:24,37.0,110.51 M
2019-06-14 20:55:26,40.9,110.60 M
2019-06-14 20:55:28,29.0,105.55 M
2019-06-14 20:55:30,40.0,106.95 M
2019-06-14 20:55:32,43.0,108.33 M
2019-06-14 20:55:34,40.0,106.68 M
2019-06-14 20:55:36,34.0,108.55 M
2019-06-14 20:55:38,38.0,108.61 M
2019-06-14 20:55:40,39.0,108.53 M
2019-06-14 20:55:42,41.0,110.48 M
2019-06-14 20:55:44,44.0,112.70 M
2019-06-14 20:55:46,35.0,111.67 M
2019-06-14 20:55:48,42.0,111.47 M
2019-06-14 20:55:50,29.0,111.36 M
2019-06-14 20:55:52,36.0,111.74 M
2019-06-14 20:55:54,28.0,112.00 M
2019-06-14 20:55:56,38.0,114.67 M
2019-06-14 20:55:58,29.0,112.77 M
2019-06-14 20:56:00,37.0,115.45 M
2019-06-14 20:56:02,36.0,116.16 M
2019-06-14 20:56:04,35.0,115.07 M
2019-06-14 20:56:06,38.0,108.12 M
2019-06-14 20:56:08,30.0,110.84 M
2019-06-14 20:56:10,36.0,112.22 M
2019-06-14 20:56:12,35.0,110.54 M
2019-06-14 20:56:14,41.9,111.26 M
2019-06-14 20:56:16,36.0,110.38 M
2019-06-14 20:56:18,36.0,113.27 M
2019-06-14 20:56:20,31.0,108.17 M
2019-06-14 20:56:22,40.0,110.37 M
2019-06-14 20:56:24,36.0,112.23 M
2019-06-14 20:56:26,38.0,113.10 M
2019-06-14 20:56:28,31.0,112.37 M
2019-06-14 20:56:30,38.0,113.26 M
2019-06-14 20:56:32,43.9,114.39 M
2019-06-14 20:56:34,36.0,110.01 M
2019-06-14 20:56:36,50.0,111.56 M
2019-06-14 20:56:38,35.0,113.07 M
2019-06-14 20:56:40,39.0,113.69 M
2019-06-14 20:56:43,37.0,112.57 M
2019-06-14 20:56:45,34.0,112.34 M
2019-06-14 20:56:47,32.0,113.49 M
2019-06-14 20:56:49,38.0,110.07 M
2019-06-14 20:56:51,34.0,112.09 M
2019-06-14 20:56:53,45.0,114.21 M
2019-06-14 20:56:55,45.9,112.82 M
2019-06-14 20:56:57,41.0,113.53 M
2019-06-14 20:56:59,34.0,116.45 M
2019-06-14 20:57:01,33.0,119.13 M
2019-06-14 20:57:03,48.0,118.80 M
2019-06-14 20:57:05,42.9,115.78 M
2019-06-14 20:57:07,48.9,114.57 M
2019-06-14 20:57:09,34.0,114.61 M
2019-06-14 20:57:11,31.0,117.00 M
2019-06-14 20:57:13,35.0,118.53 M
2019-06-14 20:57:15,36.0,120.40 M
2019-06-14 20:57:17,35.0,118.35 M
2019-06-14 20:57:19,35.0,119.83 M
2019-06-14 20:57:21,33.0,120.70 M
2019-06-14 20:57:23,34.0,113.83 M
2019-06-14 20:57:25,37.0,115.50 M
2019-06-14 20:57:27,38.0,116.26 M
2019-06-14 20:57:29,28.0,114.17 M
2019-06-14 20:57:31,36.0,114.20 M
2019-06-14 20:57:34,62.0,64.79 M
2019-06-14 20:57:36,49.0,86.91 M
2019-06-14 20:57:38,44.0,92.16 M
2019-06-14 20:57:40,42.0,94.77 M
2019-06-14 20:57:42,40.0,94.08 M
2019-06-14 20:57:44,47.9,96.47 M
2019-06-14 20:57:46,39.0,99.83 M
2019-06-14 20:57:48,44.0,95.25 M
2019-06-14 20:57:50,45.9,96.08 M
2019-06-14 20:57:52,44.9,97.50 M
2019-06-14 20:57:54,40.0,99.86 M
2019-06-14 20:57:56,39.0,102.48 M
2019-06-14 20:57:58,38.0,96.20 M
2019-06-14 20:58:00,37.0,97.78 M
2019-06-14 20:58:02,42.0,97.32 M
2019-06-14 20:58:04,48.0,96.90 M
2019-06-14 20:58:06,39.0,96.69 M
2019-06-14 20:58:08,42.0,97.59 M
2019-06-14 20:58:10,40.0,100.11 M
2019-06-14 20:58:12,35.0,96.93 M
2019-06-14 20:58:14,44.0,98.56 M
2019-06-14 20:58:16,34.0,99.29 M
2019-06-14 20:58:18,34.0,100.31 M
2019-06-14 20:58:20,41.0,100.34 M
2019-06-14 20:58:22,34.0,98.70 M
2019-06-14 20:58:24,34.0,98.79 M
2019-06-14 20:58:26,33.0,101.81 M
2019-06-14 20:58:28,39.0,103.57 M
2019-06-14 20:58:30,40.0,106.11 M
2019-06-14 20:58:32,42.0,104.54 M
2019-06-14 20:58:34,41.0,101.40 M
2019-06-14 20:58:36,45.0,101.65 M
2019-06-14 20:58:38,32.0,99.74 M
2019-06-14 20:58:40,32.0,101.35 M
2019-06-14 20:58:42,45.0,101.10 M
2019-06-14 20:58:44,46.9,100.04 M
2019-06-14 20:58:46,46.9,102.45 M
2019-06-14 20:58:48,35.0,105.63 M
2019-06-14 20:58:50,38.0,106.10 M
2019-06-14 20:58:52,34.0,109.88 M
2019-06-14 20:58:54,43.9,106.95 M
2019-06-14 20:58:56,46.9,101.38 M
2019-06-14 20:58:58,42.0,102.30 M
2019-06-14 20:59:00,40.0,102.32 M
2019-06-14 20:59:02,43.9,104.59 M
2019-06-14 20:59:04,40.0,105.14 M
2019-06-14 20:59:06,46.9,107.65 M
2019-06-14 20:59:08,35.0,103.78 M
2019-06-14 20:59:10,38.0,105.50 M
2019-06-14 20:59:12,40.0,106.27 M
2019-06-14 20:59:14,44.9,107.47 M
2019-06-14 20:59:16,41.9,106.60 M
2019-06-14 20:59:18,42.0,107.19 M
2019-06-14 20:59:20,34.0,107.31 M
2019-06-14 20:59:22,35.0,105.14 M
2019-06-14 20:59:24,38.0,105.18 M
2019-06-14 20:59:26,40.0,106.67 M
2019-06-14 20:59:28,39.0,106.73 M
2019-06-14 20:59:30,42.9,106.15 M
2019-06-14 20:59:32,39.0,107.21 M
2019-06-14 20:59:34,32.0,107.40 M
2019-06-14 20:59:36,35.0,109.09 M
2019-06-14 20:59:38,33.0,108.68 M
2019-06-14 20:59:40,37.0,107.56 M
2019-06-14 20:59:42,38.0,105.91 M
2019-06-14 20:59:44,42.0,105.09 M
2019-06-14 20:59:46,36.0,107.50 M
2019-06-14 20:59:48,46.0,107.57 M
2019-06-14 20:59:50,37.0,109.03 M
2019-06-14 20:59:52,31.0,107.11 M
2019-06-14 20:59:54,41.0,108.96 M
2019-06-14 20:59:56,34.0,110.93 M
2019-06-14 20:59:58,33.0,112.35 M
2019-06-14 21:00:00,44.0,113.61 M
2019-06-14 21:00:02,39.0,115.82 M
2019-06-14 21:00:04,41.0,119.08 M
2019-06-14 21:00:06,18.0,116.15 M
2019-06-14 21:00:08,17.0,116.15 M
2019-06-14 21:00:11,13.0,116.15 M
2019-06-14 21:00:13,18.0,116.41 M
2019-06-14 21:00:15,44.0,110.30 M
2019-06-14 21:00:17,35.0,110.13 M
2019-06-14 21:00:19,34.0,111.53 M
2019-06-14 21:00:21,42.0,114.52 M
2019-06-14 21:00:23,44.0,114.08 M
2019-06-14 21:00:25,9.0,115.44 M
2019-06-14 21:00:27,18.0,115.44 M
2019-06-14 21:00:29,36.0,115.94 M
2019-06-14 21:00:31,36.0,110.90 M
2019-06-14 21:00:33,47.0,110.96 M
2019-06-14 21:00:35,35.0,112.88 M
2019-06-14 21:00:37,28.0,113.91 M
2019-06-14 21:00:39,23.0,117.40 M
2019-06-14 21:00:41,35.0,117.62 M
2019-06-14 21:00:43,34.0,112.64 M
2019-06-14 21:00:45,33.0,112.33 M
2019-06-14 21:00:47,29.0,114.05 M
2019-06-14 21:00:49,28.0,111.73 M
2019-06-14 21:00:51,34.0,111.79 M
2019-06-14 21:00:53,28.0,111.95 M
2019-06-14 21:00:55,28.0,113.50 M
2019-06-14 21:00:57,27.0,113.92 M
2019-06-14 21:00:59,40.0,112.05 M
2019-06-14 21:01:01,34.0,114.02 M
2019-06-14 21:01:03,36.0,113.89 M
2019-06-14 21:01:05,35.0,112.35 M
2019-06-14 21:01:07,51.0,112.37 M
2019-06-14 21:01:09,39.0,115.20 M
2019-06-14 21:01:11,42.9,115.84 M
2019-06-14 21:01:13,40.0,113.40 M
2019-06-14 21:01:15,40.0,113.43 M
2019-06-14 21:01:17,40.0,114.62 M
2019-06-14 21:01:19,42.0,116.07 M
2019-06-14 21:01:21,39.0,118.52 M
2019-06-14 21:01:23,36.0,115.99 M
2019-06-14 21:01:25,39.0,118.02 M
2019-06-14 21:01:27,36.0,119.71 M
2019-06-14 21:01:29,44.9,116.57 M
2019-06-14 21:01:31,29.0,118.66 M
2019-06-14 21:01:33,42.0,119.65 M
2019-06-14 21:01:35,31.0,119.50 M
2019-06-14 21:01:37,36.0,117.87 M
2019-06-14 21:01:39,38.0,115.67 M
2019-06-14 21:01:41,38.0,117.23 M
2019-06-14 21:01:43,41.9,118.89 M
2019-06-14 21:01:45,53.0,119.56 M
2019-06-14 21:01:47,37.0,120.87 M
2019-06-14 21:01:49,43.0,123.04 M
2019-06-14 21:01:51,37.0,118.18 M
2019-06-14 21:01:53,36.0,118.36 M
2019-06-14 21:01:55,29.0,119.78 M
2019-06-14 21:01:57,43.0,121.73 M
2019-06-14 21:01:59,45.9,120.45 M
2019-06-14 21:02:01,39.0,120.57 M
2019-06-14 21:02:03,37.0,121.59 M
2019-06-14 21:02:05,40.0,123.21 M
2019-06-14 21:02:07,42.0,124.73 M
2019-06-14 21:02:09,39.0,124.73 M
2019-06-14 21:02:11,35.0,126.04 M
2019-06-14 21:02:13,35.0,126.04 M
2019-06-14 21:02:15,33.0,127.88 M
2019-06-14 21:02:17,31.0,127.88 M
2019-06-14 21:02:19,31.0,130.50 M
2019-06-14 21:02:21,48.9,130.60 M
2019-06-14 21:02:23,36.0,131.12 M
2019-06-14 21:02:25,36.0,127.88 M
2019-06-14 21:02:27,38.0,126.08 M
2019-06-14 21:02:29,42.0,127.13 M
2019-06-14 21:02:31,37.0,127.13 M
2019-06-14 21:02:34,70.0,67.07 M
2019-06-14 21:02:36,56.0,90.59 M
2019-06-14 21:02:38,42.0,92.68 M
2019-06-14 21:02:40,47.9,93.69 M
2019-06-14 21:02:42,41.0,96.27 M
2019-06-14 21:02:44,56.0,97.11 M
2019-06-14 21:02:46,46.0,96.81 M
2019-06-14 21:02:48,47.9,97.66 M
2019-06-14 21:02:50,47.0,95.68 M
2019-06-14 21:02:52,44.0,94.79 M
2019-06-14 21:02:54,43.0,95.61 M
2019-06-14 21:02:56,54.9,96.96 M
2019-06-14 21:02:58,43.0,99.69 M
2019-06-14 21:03:00,47.0,101.89 M
2019-06-14 21:03:02,42.0,105.04 M
2019-06-14 21:03:04,46.0,103.08 M
2019-06-14 21:03:06,46.9,101.18 M
2019-06-14 21:03:08,35.0,100.41 M
2019-06-14 21:03:10,45.0,99.14 M
2019-06-14 21:03:12,33.0,100.84 M
2019-06-14 21:03:14,52.9,102.32 M
2019-06-14 21:03:16,41.0,100.70 M
2019-06-14 21:03:18,39.0,101.26 M
2019-06-14 21:03:20,48.0,100.75 M
2019-06-14 21:03:22,40.0,101.01 M
2019-06-14 21:03:24,35.0,103.80 M
2019-06-14 21:03:26,47.0,101.55 M
2019-06-14 21:03:28,44.0,104.48 M
2019-06-14 21:03:30,48.9,104.53 M
2019-06-14 21:03:32,41.0,106.21 M
2019-06-14 21:03:34,45.0,104.81 M
2019-06-14 21:03:36,48.0,104.85 M
2019-06-14 21:03:38,42.0,103.51 M
2019-06-14 21:03:40,54.0,104.72 M
2019-06-14 21:03:42,39.0,99.63 M
2019-06-14 21:03:44,45.0,101.06 M
2019-06-14 21:03:46,40.0,101.96 M
2019-06-14 21:03:48,48.9,102.07 M
2019-06-14 21:03:51,35.0,102.57 M
2019-06-14 21:03:53,43.9,105.08 M
2019-06-14 21:03:55,51.0,107.11 M
2019-06-14 21:03:57,36.0,102.24 M
2019-06-14 21:03:59,45.0,104.14 M
2019-06-14 21:04:01,38.0,104.35 M
2019-06-14 21:04:03,44.9,103.62 M
2019-06-14 21:04:05,38.0,102.88 M
2019-06-14 21:04:07,39.0,104.11 M
2019-06-14 21:04:09,48.0,103.55 M
2019-06-14 21:04:11,35.0,103.61 M
2019-06-14 21:04:13,42.0,106.32 M
2019-06-14 21:04:15,44.9,107.77 M
2019-06-14 21:04:17,40.0,107.16 M
2019-06-14 21:04:19,36.0,107.05 M
2019-06-14 21:04:21,42.0,103.04 M
2019-06-14 21:04:23,45.9,104.62 M
2019-06-14 21:04:25,45.9,106.10 M
2019-06-14 21:04:27,45.9,106.80 M
2019-06-14 21:04:29,41.0,107.63 M
2019-06-14 21:04:31,37.0,110.14 M
2019-06-14 21:04:33,28.0,111.85 M
2019-06-14 21:04:35,21.0,113.18 M
2019-06-14 21:04:37,24.0,106.21 M
2019-06-14 21:04:39,23.0,109.50 M
2019-06-14 21:04:41,32.0,108.03 M
2019-06-14 21:04:43,35.0,107.87 M
2019-06-14 21:04:45,30.0,106.34 M
2019-06-14 21:04:47,42.0,109.30 M
2019-06-14 21:04:49,49.0,109.04 M
2019-06-14 21:04:51,31.0,109.04 M
2019-06-14 21:04:53,45.0,110.69 M
2019-06-14 21:04:55,28.0,108.61 M
2019-06-14 21:04:57,23.0,109.85 M
2019-06-14 21:04:59,30.0,110.10 M
2019-06-14 21:05:01,44.0,111.32 M
2019-06-14 21:05:03,46.9,110.67 M
2019-06-14 21:05:05,49.0,110.78 M
2019-06-14 21:05:07,47.9,110.41 M
2019-06-14 21:05:09,48.0,111.11 M
2019-06-14 21:05:11,42.0,112.17 M
2019-06-14 21:05:13,47.9,113.39 M
2019-06-14 21:05:15,44.9,111.52 M
2019-06-14 21:05:17,45.0,111.34 M
2019-06-14 21:05:19,21.0,113.28 M
2019-06-14 21:05:21,31.0,112.07 M
2019-06-14 21:05:23,32.0,110.65 M
2019-06-14 21:05:25,20.0,109.71 M
2019-06-14 21:05:27,22.0,110.79 M
2019-06-14 21:05:29,25.0,110.32 M
2019-06-14 21:05:31,23.0,110.62 M
2019-06-14 21:05:33,28.0,113.73 M
2019-06-14 21:05:35,29.0,110.48 M
2019-06-14 21:05:37,20.0,111.92 M
2019-06-14 21:05:39,36.0,111.53 M
2019-06-14 21:05:41,29.0,113.49 M
2019-06-14 21:05:43,16.0,114.72 M
2019-06-14 21:05:45,20.0,113.14 M
2019-06-14 21:05:47,26.0,113.41 M
2019-06-14 21:05:49,24.0,112.43 M
2019-06-14 21:05:51,30.0,112.43 M
2019-06-14 21:05:53,19.0,113.23 M
2019-06-14 21:05:55,29.0,112.71 M
2019-06-14 21:05:57,41.0,112.64 M
2019-06-14 21:05:59,29.0,115.64 M
2019-06-14 21:06:01,28.0,113.25 M
2019-06-14 21:06:03,48.0,115.44 M
2019-06-14 21:06:05,47.0,113.70 M
2019-06-14 21:06:07,43.9,112.95 M
2019-06-14 21:06:09,41.9,113.26 M
2019-06-14 21:06:11,39.0,114.80 M
2019-06-14 21:06:13,43.9,116.14 M
2019-06-14 21:06:15,44.0,116.93 M
2019-06-14 21:06:17,32.0,115.94 M
2019-06-14 21:06:19,28.0,116.23 M
2019-06-14 21:06:21,28.0,116.47 M
2019-06-14 21:06:23,23.0,118.93 M
2019-06-14 21:06:25,16.0,114.72 M
2019-06-14 21:06:27,37.0,117.45 M
2019-06-14 21:06:29,35.0,117.65 M
2019-06-14 21:06:31,18.0,117.14 M
2019-06-14 21:06:33,22.0,118.87 M
2019-06-14 21:06:35,25.0,120.35 M
2019-06-14 21:06:37,30.0,116.20 M
2019-06-14 21:06:39,46.0,117.19 M
2019-06-14 21:06:41,22.0,115.78 M
2019-06-14 21:06:43,28.0,115.09 M
2019-06-14 21:06:45,35.0,117.68 M
2019-06-14 21:06:47,38.0,117.53 M
2019-06-14 21:06:49,43.0,117.60 M
2019-06-14 21:06:51,36.0,120.20 M
2019-06-14 21:06:53,48.0,121.41 M
2019-06-14 21:06:55,41.0,123.94 M
2019-06-14 21:06:57,37.0,125.41 M
2019-06-14 21:06:59,35.0,125.16 M
2019-06-14 21:07:01,26.0,120.41 M
2019-06-14 21:07:03,28.0,119.80 M
2019-06-14 21:07:05,32.0,120.61 M
2019-06-14 21:07:07,35.0,123.23 M
2019-06-14 21:07:09,26.0,123.39 M
2019-06-14 21:07:11,33.0,124.54 M
2019-06-14 21:07:13,34.0,125.48 M
2019-06-14 21:07:15,21.0,124.29 M
2019-06-14 21:07:17,36.0,119.56 M
2019-06-14 21:07:19,25.0,121.48 M
2019-06-14 21:07:21,39.0,123.64 M
2019-06-14 21:07:23,33.0,119.38 M
2019-06-14 21:07:25,28.0,120.07 M
2019-06-14 21:07:27,39.0,122.05 M
2019-06-14 21:07:29,36.0,120.65 M
2019-06-14 21:07:31,30.0,121.26 M
2019-06-14 21:07:34,57.0,64.88 M
2019-06-14 21:07:36,51.9,86.66 M
2019-06-14 21:07:38,31.0,93.88 M
2019-06-14 21:07:40,42.0,95.05 M
2019-06-14 21:07:42,23.0,97.40 M
2019-06-14 21:07:44,33.0,97.61 M
2019-06-14 21:07:46,24.0,95.82 M
2019-06-14 21:07:48,29.0,95.42 M
2019-06-14 21:07:50,33.0,97.66 M
2019-06-14 21:07:52,18.0,98.69 M
2019-06-14 21:07:54,34.0,99.79 M
2019-06-14 21:07:56,39.0,97.93 M
2019-06-14 21:07:58,23.0,97.34 M
2019-06-14 21:08:00,22.0,99.67 M
2019-06-14 21:08:02,21.0,101.39 M
2019-06-14 21:08:04,21.0,103.41 M
2019-06-14 21:08:06,38.0,99.29 M
2019-06-14 21:08:08,33.0,101.42 M
2019-06-14 21:08:10,37.0,100.90 M
2019-06-14 21:08:12,42.0,100.93 M
2019-06-14 21:08:14,33.0,101.12 M
2019-06-14 21:08:17,41.0,100.19 M
2019-06-14 21:08:19,34.0,99.28 M
2019-06-14 21:08:21,24.0,101.54 M
2019-06-14 21:08:23,33.0,101.96 M
2019-06-14 21:08:25,31.0,102.89 M
2019-06-14 21:08:27,30.0,102.50 M
2019-06-14 21:08:29,40.0,104.98 M
2019-06-14 21:08:31,36.0,104.47 M
2019-06-14 21:08:33,31.0,103.79 M
2019-06-14 21:08:35,39.0,103.57 M
2019-06-14 21:08:37,39.0,103.95 M
2019-06-14 21:08:39,42.0,106.40 M
2019-06-14 21:08:41,33.0,105.27 M
2019-06-14 21:08:43,42.0,106.96 M
2019-06-14 21:08:45,40.0,104.86 M
2019-06-14 21:08:47,34.0,106.35 M
2019-06-14 21:08:49,50.9,105.56 M
2019-06-14 21:08:51,41.0,105.52 M
2019-06-14 21:08:53,43.0,105.25 M
2019-06-14 21:08:55,48.0,107.44 M
2019-06-14 21:08:57,42.0,107.74 M
2019-06-14 21:08:59,37.0,107.26 M
2019-06-14 21:09:01,37.0,104.00 M
2019-06-14 21:09:03,41.0,105.64 M
2019-06-14 21:09:05,43.0,106.51 M
2019-06-14 21:09:07,43.9,106.02 M
2019-06-14 21:09:09,36.0,107.93 M
2019-06-14 21:09:11,46.0,109.21 M
2019-06-14 21:09:13,40.0,109.83 M
2019-06-14 21:09:15,40.0,111.10 M
2019-06-14 21:09:17,48.0,112.21 M
2019-06-14 21:09:19,45.0,109.30 M
2019-06-14 21:09:21,37.0,110.50 M
2019-06-14 21:09:23,31.0,107.18 M
2019-06-14 21:09:25,35.0,107.79 M
2019-06-14 21:09:27,48.9,110.69 M
2019-06-14 21:09:29,42.0,111.19 M
2019-06-14 21:09:31,46.9,112.28 M
2019-06-14 21:09:33,41.0,113.21 M
2019-06-14 21:09:35,36.0,110.20 M
2019-06-14 21:09:37,40.0,106.91 M
2019-06-14 21:09:39,40.0,107.74 M
2019-06-14 21:09:41,39.0,108.01 M
2019-06-14 21:09:43,46.0,106.83 M
2019-06-14 21:09:45,46.9,108.40 M
2019-06-14 21:09:47,44.0,107.73 M
2019-06-14 21:09:49,37.0,109.07 M
2019-06-14 21:09:51,37.0,110.70 M
2019-06-14 21:09:53,38.0,109.63 M
2019-06-14 21:09:55,39.0,111.07 M
2019-06-14 21:09:57,37.0,110.89 M
2019-06-14 21:09:59,40.0,111.54 M
2019-06-14 21:10:01,46.0,112.44 M
2019-06-14 21:10:04,52.9,61.97 M
2019-06-14 21:10:06,50.0,88.92 M
2019-06-14 21:10:08,53.0,92.15 M
2019-06-14 21:10:10,15.0,92.48 M
2019-06-14 21:10:12,11.0,92.48 M
2019-06-14 21:10:14,34.0,93.25 M
2019-06-14 21:10:16,42.9,95.69 M
2019-06-14 21:10:18,54.0,94.91 M
2019-06-14 21:10:20,14.0,94.91 M
2019-06-14 21:10:22,5.0,95.27 M
2019-06-14 21:10:24,59.9,96.85 M
2019-06-14 21:10:26,47.9,97.32 M
2019-06-14 21:10:28,48.0,98.43 M
2019-06-14 21:10:30,48.9,97.55 M
2019-06-14 21:10:32,50.9,98.88 M
2019-06-14 21:10:34,39.0,100.21 M
2019-06-14 21:10:36,37.0,100.00 M
2019-06-14 21:10:38,39.0,100.10 M
2019-06-14 21:10:40,48.9,99.36 M
2019-06-14 21:10:42,43.0,98.93 M
2019-06-14 21:10:44,43.9,98.84 M
2019-06-14 21:10:46,40.0,99.32 M
2019-06-14 21:10:48,48.9,100.15 M
2019-06-14 21:10:50,39.0,99.56 M
2019-06-14 21:10:52,36.0,99.48 M
2019-06-14 21:10:54,42.0,100.52 M
2019-06-14 21:10:56,32.0,102.59 M
2019-06-14 21:10:58,32.0,98.46 M
2019-06-14 21:11:00,36.0,100.50 M
2019-06-14 21:11:02,40.0,100.65 M
2019-06-14 21:11:04,43.0,101.88 M
2019-06-14 21:11:06,30.0,99.93 M
2019-06-14 21:11:08,39.0,100.98 M
2019-06-14 21:11:10,37.0,100.25 M
2019-06-14 21:11:12,41.0,102.73 M
2019-06-14 21:11:14,36.0,100.91 M
2019-06-14 21:11:16,32.0,101.93 M
2019-06-14 21:11:18,34.0,100.64 M
2019-06-14 21:11:20,41.0,102.37 M
2019-06-14 21:11:22,44.0,102.70 M
2019-06-14 21:11:24,35.0,102.96 M
2019-06-14 21:11:26,41.9,103.70 M
2019-06-14 21:11:28,43.0,103.14 M
2019-06-14 21:11:30,36.0,103.84 M
2019-06-14 21:11:32,43.0,105.70 M
2019-06-14 21:11:34,37.0,102.06 M
2019-06-14 21:11:36,40.0,102.17 M
2019-06-14 21:11:40,64.9,64.46 M
2019-06-14 21:11:42,47.0,86.40 M
2019-06-14 21:11:44,38.0,92.27 M
2019-06-14 21:11:46,47.0,95.61 M
2019-06-14 21:11:48,47.0,97.26 M
2019-06-14 21:11:50,47.0,98.27 M
2019-06-14 21:11:52,54.9,99.54 M
2019-06-14 21:11:54,53.9,97.39 M
2019-06-14 21:11:56,45.9,96.90 M
2019-06-14 21:11:58,39.0,99.04 M
2019-06-14 21:12:00,41.0,98.65 M
2019-06-14 21:12:02,31.0,98.39 M
2019-06-14 21:12:04,39.0,98.96 M
2019-06-14 21:12:06,36.0,100.12 M
2019-06-14 21:12:08,39.0,97.50 M
2019-06-14 21:12:10,34.0,98.18 M
2019-06-14 21:12:12,44.9,99.32 M
2019-06-14 21:12:14,27.0,99.74 M
2019-06-14 21:12:16,29.0,99.71 M
2019-06-14 21:12:18,43.0,101.27 M
2019-06-14 21:12:20,38.0,103.82 M
2019-06-14 21:12:22,34.0,101.40 M
2019-06-14 21:12:24,37.0,99.06 M
2019-06-14 21:12:26,34.0,99.72 M
2019-06-14 21:12:28,39.0,102.28 M
2019-06-14 21:12:30,38.0,99.34 M
2019-06-14 21:12:32,37.0,101.12 M
2019-06-14 21:12:34,35.0,103.61 M
2019-06-14 21:12:36,36.0,103.44 M
2019-06-14 21:12:38,35.0,104.12 M
2019-06-14 21:12:40,60.9,61.15 M
2019-06-14 21:12:42,56.0,86.36 M
2019-06-14 21:12:44,51.0,91.76 M
2019-06-14 21:12:46,50.0,93.87 M
2019-06-14 21:12:48,52.9,95.42 M
2019-06-14 21:12:50,43.0,96.83 M
2019-06-14 21:12:52,47.9,95.75 M
2019-06-14 21:12:54,42.9,96.15 M
2019-06-14 21:12:56,49.0,96.59 M
2019-06-14 21:12:58,46.0,97.33 M
2019-06-14 21:13:00,43.0,96.99 M
2019-06-14 21:13:02,49.0,97.36 M
2019-06-14 21:13:04,44.0,98.12 M
2019-06-14 21:13:06,45.0,98.84 M
2019-06-14 21:13:08,47.9,99.90 M
2019-06-14 21:13:10,39.0,100.27 M
2019-06-14 21:13:12,41.0,99.34 M
2019-06-14 21:13:14,42.9,98.98 M
2019-06-14 21:13:16,37.0,101.12 M
2019-06-14 21:13:18,49.9,100.48 M
2019-06-14 21:13:20,44.0,102.64 M
2019-06-14 21:13:22,37.0,103.76 M
2019-06-14 21:13:24,44.0,103.93 M
2019-06-14 21:13:26,41.9,103.98 M
2019-06-14 21:13:28,36.0,100.45 M
2019-06-14 21:13:30,40.0,101.52 M
2019-06-14 21:13:32,40.0,104.67 M
2019-06-14 21:13:34,40.0,102.75 M
2019-06-14 21:13:36,44.9,104.07 M
2019-06-14 21:13:40,59.9,66.60 M
2019-06-14 21:13:42,51.9,88.98 M
2019-06-14 21:13:44,56.0,93.71 M
2019-06-14 21:13:46,51.0,96.67 M
2019-06-14 21:13:48,58.0,97.29 M
2019-06-14 21:13:50,49.9,96.91 M
2019-06-14 21:13:52,50.0,98.78 M
2019-06-14 21:13:54,44.0,97.95 M
2019-06-14 21:13:56,36.0,98.49 M
2019-06-14 21:13:58,39.0,95.42 M
2019-06-14 21:14:00,44.0,97.42 M
2019-06-14 21:14:02,44.9,96.89 M
2019-06-14 21:14:04,53.0,100.16 M
2019-06-14 21:14:06,40.0,101.80 M
2019-06-14 21:14:08,46.0,102.34 M
2019-06-14 21:14:10,35.0,100.96 M
2019-06-14 21:14:12,41.0,103.59 M
2019-06-14 21:14:14,46.0,103.24 M
2019-06-14 21:14:16,46.9,102.79 M
2019-06-14 21:14:21,63.9,64.29 M
2019-06-14 21:14:23,66.9,65.52 M
2019-06-14 21:14:25,57.0,88.46 M
2019-06-14 21:14:27,51.0,92.86 M
2019-06-14 21:14:29,52.0,95.26 M
2019-06-14 21:14:31,57.0,97.85 M
2019-06-14 21:14:33,48.9,96.59 M
2019-06-14 21:14:35,49.9,99.48 M
2019-06-14 21:14:37,44.9,100.65 M
2019-06-14 21:14:39,42.0,100.00 M
2019-06-14 21:14:41,44.0,100.38 M
2019-06-14 21:14:43,40.0,102.48 M
2019-06-14 21:14:45,40.0,100.03 M
2019-06-14 21:14:47,50.0,98.14 M
2019-06-14 21:14:49,55.0,102.06 M
2019-06-14 21:14:51,40.0,101.85 M
2019-06-14 21:14:53,38.0,102.50 M
2019-06-14 21:14:55,48.0,100.55 M
2019-06-14 21:14:57,49.0,101.18 M
2019-06-14 21:14:59,50.0,101.46 M
2019-06-14 21:15:01,46.9,104.00 M
2019-06-14 21:15:03,48.0,99.55 M
2019-06-14 21:15:05,54.9,102.29 M
2019-06-14 21:15:07,47.9,103.32 M
2019-06-14 21:15:09,44.0,104.38 M
2019-06-14 21:15:11,42.9,105.02 M
2019-06-14 21:15:15,66.9,65.49 M
2019-06-14 21:15:17,62.9,88.48 M
2019-06-14 21:15:19,47.9,91.62 M
2019-06-14 21:15:21,46.0,96.04 M
2019-06-14 21:15:23,42.0,97.32 M
2019-06-14 21:15:25,46.0,98.12 M
2019-06-14 21:15:27,49.0,99.17 M
2019-06-14 21:15:29,44.0,99.04 M
2019-06-14 21:15:31,40.0,99.78 M
2019-06-14 21:15:33,45.0,101.92 M
2019-06-14 21:15:35,46.9,101.53 M
2019-06-14 21:15:37,46.0,102.89 M
2019-06-14 21:15:39,46.0,104.12 M
2019-06-14 21:15:41,35.0,104.36 M
2019-06-14 21:15:43,36.0,106.28 M
2019-06-14 21:15:45,44.0,106.05 M
2019-06-14 21:15:47,37.0,99.48 M
2019-06-14 21:15:49,41.0,102.13 M
2019-06-14 21:15:51,32.0,104.50 M
2019-06-14 21:15:53,40.9,101.08 M
2019-06-14 21:15:55,45.0,103.73 M
2019-06-14 21:15:57,38.0,104.05 M
2019-06-14 21:15:59,42.0,105.15 M
2019-06-14 21:16:01,47.9,105.06 M
2019-06-14 21:16:03,42.0,104.21 M
2019-06-14 21:16:05,36.0,105.58 M
2019-06-14 21:16:07,31.0,108.23 M
2019-06-14 21:16:09,38.0,108.23 M
2019-06-14 21:16:11,42.9,109.38 M
2019-06-14 21:16:13,45.9,111.22 M
2019-06-14 21:16:15,52.0,109.13 M
2019-06-14 21:16:19,64.9,66.43 M
2019-06-14 21:16:21,60.9,93.39 M
2019-06-14 21:16:23,51.9,96.76 M
2019-06-14 21:16:25,59.0,96.01 M
2019-06-14 21:16:27,52.9,98.59 M
2019-06-14 21:16:29,48.9,99.79 M
2019-06-14 21:16:31,56.9,100.05 M
2019-06-14 21:16:33,47.0,100.20 M
2019-06-14 21:16:35,43.0,100.55 M
2019-06-14 21:16:37,40.0,100.81 M
2019-06-14 21:16:39,52.9,98.75 M
2019-06-14 21:16:41,46.9,101.06 M
2019-06-14 21:16:43,45.9,99.59 M
2019-06-14 21:16:45,45.9,99.75 M
2019-06-14 21:16:47,40.9,103.02 M
2019-06-14 21:16:49,49.0,102.55 M
2019-06-14 21:16:51,41.0,103.13 M
2019-06-14 21:16:53,36.0,104.16 M
2019-06-14 21:16:55,49.0,104.79 M
2019-06-14 21:16:57,50.0,102.59 M
2019-06-14 21:16:59,47.0,103.70 M
2019-06-14 21:17:01,39.0,105.34 M
2019-06-14 21:17:03,45.9,105.88 M
2019-06-14 21:17:05,41.0,102.50 M
2019-06-14 21:17:07,43.0,104.76 M
2019-06-14 21:17:09,39.0,103.49 M
2019-06-14 21:17:11,50.0,102.77 M
2019-06-14 21:17:13,47.0,100.03 M
2019-06-14 21:17:15,43.9,100.35 M
2019-06-14 21:17:17,38.0,103.44 M
2019-06-14 21:17:19,41.0,105.16 M
2019-06-14 21:17:21,46.0,102.52 M
2019-06-14 21:17:23,45.0,103.68 M
2019-06-14 21:17:25,39.0,106.69 M
2019-06-14 21:17:27,39.0,104.39 M
2019-06-14 21:17:29,47.9,104.34 M
2019-06-14 21:17:31,42.0,106.00 M
2019-06-14 21:17:33,38.0,107.10 M
2019-06-14 21:17:35,45.0,108.55 M
2019-06-14 21:17:37,44.9,107.39 M
2019-06-14 21:17:39,46.0,105.93 M
2019-06-14 21:17:41,36.0,108.41 M
2019-06-14 21:17:43,44.0,107.82 M
2019-06-14 21:17:45,45.9,104.98 M
2019-06-14 21:17:47,42.0,106.93 M
2019-06-14 21:17:49,43.0,105.90 M
2019-06-14 21:17:51,39.0,107.59 M
2019-06-14 21:17:53,44.0,106.73 M
2019-06-14 21:17:55,44.0,109.19 M
2019-06-14 21:17:57,49.0,108.46 M
2019-06-14 21:17:59,39.0,109.36 M
2019-06-14 21:18:01,41.0,108.41 M
2019-06-14 21:18:03,44.0,110.32 M
2019-06-14 21:18:05,43.0,110.95 M
2019-06-14 21:18:07,40.0,111.47 M
2019-06-14 21:18:09,45.0,113.43 M
2019-06-14 21:18:11,38.0,114.06 M
2019-06-14 21:18:13,48.0,108.43 M
2019-06-14 21:18:15,36.0,109.07 M
2019-06-14 21:18:17,39.0,110.27 M
2019-06-14 21:18:19,44.9,111.24 M
2019-06-14 21:18:21,49.0,109.77 M
2019-06-14 21:18:23,32.0,109.44 M
2019-06-14 21:18:25,36.0,108.84 M
2019-06-14 21:18:27,49.0,107.93 M
2019-06-14 21:18:29,47.0,110.93 M
2019-06-14 21:18:31,37.0,111.84 M
2019-06-14 21:18:33,47.9,115.28 M
2019-06-14 21:18:35,39.0,116.17 M
2019-06-14 21:18:37,45.9,113.26 M
2019-06-14 21:18:39,41.0,115.16 M
2019-06-14 21:18:41,45.9,114.43 M
2019-06-14 21:18:43,41.0,113.55 M
2019-06-14 21:18:45,46.9,114.31 M
2019-06-14 21:18:47,46.9,115.38 M
2019-06-14 21:18:49,37.0,116.56 M
2019-06-14 21:18:51,46.9,116.25 M
2019-06-14 21:18:53,42.0,116.35 M
2019-06-14 21:18:55,46.0,118.42 M
2019-06-14 21:18:57,38.0,120.19 M
2019-06-14 21:18:59,42.0,113.15 M
2019-06-14 21:19:01,38.0,114.85 M
2019-06-14 21:19:03,38.0,115.98 M
2019-06-14 21:19:05,42.9,116.90 M
2019-06-14 21:19:07,39.0,117.93 M
2019-06-14 21:19:09,40.0,118.63 M
2019-06-14 21:19:11,37.0,118.27 M
2019-06-14 21:19:13,41.9,118.91 M
2019-06-14 21:19:15,45.0,119.57 M
2019-06-14 21:19:17,42.9,121.78 M
2019-06-14 21:19:19,44.9,117.04 M
2019-06-14 21:19:21,45.9,118.58 M
2019-06-14 21:19:23,35.0,120.21 M
2019-06-14 21:19:25,42.9,121.18 M
2019-06-14 21:19:27,45.0,116.18 M
2019-06-14 21:19:29,35.0,117.17 M
2019-06-14 21:19:31,45.9,120.02 M
2019-06-14 21:19:33,41.0,121.54 M
2019-06-14 21:19:35,39.0,122.21 M
2019-06-14 21:19:37,35.0,120.01 M
2019-06-14 21:19:39,36.0,120.34 M
2019-06-14 21:19:41,46.0,120.34 M
2019-06-14 21:19:43,40.0,115.69 M
2019-06-14 21:19:46,63.9,64.42 M
2019-06-14 21:19:48,52.9,85.13 M
2019-06-14 21:19:50,44.9,90.05 M
2019-06-14 21:19:52,45.0,93.95 M
2019-06-14 21:19:54,48.0,97.18 M
2019-06-14 21:19:56,47.0,94.71 M
2019-06-14 21:19:58,40.0,96.38 M
2019-06-14 21:20:00,53.0,95.43 M
2019-06-14 21:20:02,46.0,98.73 M
2019-06-14 21:20:04,46.9,100.89 M
2019-06-14 21:20:06,24.0,100.89 M
2019-06-14 21:20:08,36.0,100.03 M
2019-06-14 21:20:10,26.0,100.26 M
2019-06-14 21:20:12,46.9,98.32 M
2019-06-14 21:20:14,55.0,99.33 M
2019-06-14 21:20:16,42.0,101.93 M
2019-06-14 21:20:18,46.0,102.04 M
2019-06-14 21:20:20,46.0,98.03 M
2019-06-14 21:20:22,52.9,100.58 M
2019-06-14 21:20:24,45.0,102.14 M
2019-06-14 21:20:26,42.0,102.25 M
2019-06-14 21:20:28,36.0,101.46 M
2019-06-14 21:20:30,39.0,102.12 M
2019-06-14 21:20:32,37.0,103.14 M
2019-06-14 21:20:34,33.0,103.42 M
2019-06-14 21:20:36,35.0,104.54 M
2019-06-14 21:20:38,38.0,104.19 M
2019-06-14 21:20:40,41.0,105.45 M
2019-06-14 21:20:42,42.0,104.14 M
2019-06-14 21:20:44,43.0,104.95 M
2019-06-14 21:20:46,45.0,104.00 M
2019-06-14 21:20:48,49.0,106.77 M
2019-06-14 21:20:50,39.0,107.17 M
2019-06-14 21:20:52,30.0,109.25 M
2019-06-14 21:20:54,35.0,111.21 M
2019-06-14 21:20:56,40.0,109.35 M
2019-06-14 21:20:58,41.0,105.97 M
2019-06-14 21:21:00,37.0,107.00 M
2019-06-14 21:21:02,48.9,108.69 M
2019-06-14 21:21:04,42.9,109.86 M
2019-06-14 21:21:06,37.0,112.09 M
2019-06-14 21:21:08,36.0,109.58 M
2019-06-14 21:21:10,44.9,108.80 M
2019-06-14 21:21:12,33.0,110.73 M
2019-06-14 21:21:14,36.0,109.82 M
2019-06-14 21:21:16,37.0,112.03 M
2019-06-14 21:21:18,46.0,110.55 M
2019-06-14 21:21:20,43.9,113.03 M
2019-06-14 21:21:22,42.9,113.78 M
2019-06-14 21:21:24,53.0,114.79 M
2019-06-14 21:21:26,39.0,114.41 M
2019-06-14 21:21:28,43.9,113.73 M
2019-06-14 21:21:30,45.9,111.71 M
2019-06-14 21:21:32,40.0,112.14 M
2019-06-14 21:21:34,37.0,114.11 M
2019-06-14 21:21:36,45.9,116.11 M
2019-06-14 21:21:38,48.9,114.33 M
2019-06-14 21:21:40,46.0,113.01 M
2019-06-14 21:21:42,37.0,113.51 M
2019-06-14 21:21:44,32.0,115.98 M
2019-06-14 21:21:46,37.0,114.41 M
2019-06-14 21:21:48,37.0,113.25 M
2019-06-14 21:21:50,44.9,115.43 M
2019-06-14 21:21:52,32.0,115.82 M
2019-06-14 21:21:54,40.9,117.69 M
2019-06-14 21:21:56,38.0,118.78 M
2019-06-14 21:21:58,43.9,119.14 M
2019-06-14 21:22:00,41.0,116.73 M
2019-06-14 21:22:02,38.0,117.24 M
2019-06-14 21:22:04,36.0,119.17 M
2019-06-14 21:22:06,33.0,118.42 M
2019-06-14 21:22:08,43.0,118.97 M
2019-06-14 21:22:10,32.0,120.10 M
2019-06-14 21:22:12,38.0,120.43 M
2019-06-14 21:22:14,44.0,117.88 M
2019-06-14 21:22:16,42.0,118.49 M
2019-06-14 21:22:18,39.0,118.49 M
2019-06-14 21:22:20,38.0,121.46 M
2019-06-14 21:22:22,41.0,118.86 M
2019-06-14 21:22:24,37.0,120.88 M
2019-06-14 21:22:26,43.9,120.94 M
2019-06-14 21:22:28,37.0,120.94 M
2019-06-14 21:22:30,30.0,122.18 M
2019-06-14 21:22:32,43.0,121.18 M
2019-06-14 21:22:34,27.0,123.10 M
2019-06-14 21:22:36,42.0,122.87 M
2019-06-14 21:22:38,41.9,118.59 M
2019-06-14 21:22:40,29.0,120.40 M
2019-06-14 21:22:42,44.9,120.75 M
2019-06-14 21:22:44,32.0,121.40 M
2019-06-14 21:22:46,39.0,120.81 M
2019-06-14 21:22:48,37.0,121.09 M
2019-06-14 21:22:50,36.0,123.16 M
2019-06-14 21:22:52,33.0,123.92 M
2019-06-14 21:22:54,34.0,127.39 M
2019-06-14 21:22:56,28.0,127.39 M
2019-06-14 21:22:58,43.0,126.29 M
2019-06-14 21:23:00,41.0,121.44 M
2019-06-14 21:23:02,32.0,122.57 M
2019-06-14 21:23:04,33.0,123.65 M
2019-06-14 21:23:07,38.0,123.15 M
2019-06-14 21:23:09,35.0,125.57 M
2019-06-14 21:23:11,33.0,126.11 M
2019-06-14 21:23:13,37.0,127.58 M
2019-06-14 21:23:15,30.0,125.55 M
2019-06-14 21:23:17,46.9,125.79 M
2019-06-14 21:23:19,42.9,126.29 M
2019-06-14 21:23:21,30.0,127.41 M
2019-06-14 21:23:23,40.0,128.71 M
2019-06-14 21:23:25,35.0,131.11 M
2019-06-14 21:23:27,48.9,128.67 M
2019-06-14 21:23:29,44.0,124.96 M
2019-06-14 21:23:31,47.9,123.52 M
2019-06-14 21:23:33,34.0,123.52 M
2019-06-14 21:23:35,35.0,126.61 M
2019-06-14 21:23:37,37.0,126.72 M
2019-06-14 21:23:39,39.0,126.72 M
2019-06-14 21:23:41,36.0,126.64 M
2019-06-14 21:23:43,42.0,127.22 M
2019-06-14 21:23:45,48.0,127.07 M
2019-06-14 21:23:47,39.9,128.80 M
2019-06-14 21:23:49,41.0,128.88 M
2019-06-14 21:23:51,41.9,129.21 M
2019-06-14 21:23:53,34.0,129.68 M
2019-06-14 21:23:55,33.0,131.36 M
2019-06-14 21:23:57,30.0,131.83 M
2019-06-14 21:23:59,35.0,133.99 M
2019-06-14 21:24:01,28.0,134.48 M
2019-06-14 21:24:03,41.0,135.11 M
2019-06-14 21:24:05,24.0,135.11 M
2019-06-14 21:24:07,36.0,132.45 M
2019-06-14 21:24:09,36.0,128.14 M
2019-06-14 21:24:11,38.0,127.79 M
2019-06-14 21:24:13,31.0,127.79 M
2019-06-14 21:24:15,32.0,128.13 M
2019-06-14 21:24:17,36.0,130.20 M
2019-06-14 21:24:19,33.0,129.14 M
2019-06-14 21:24:21,33.0,129.14 M
2019-06-14 21:24:23,24.0,128.41 M
2019-06-14 21:24:25,42.0,132.61 M
2019-06-14 21:24:27,40.0,130.99 M
2019-06-14 21:24:29,40.0,128.23 M
2019-06-14 21:24:31,37.0,128.36 M
2019-06-14 21:24:33,39.0,130.54 M
2019-06-14 21:24:35,31.0,131.98 M
2019-06-14 21:24:37,36.0,131.58 M
2019-06-14 21:24:39,29.0,131.58 M
2019-06-14 21:24:41,34.0,131.25 M
2019-06-14 21:24:43,34.0,131.27 M
2019-06-14 21:24:46,67.9,65.00 M
2019-06-14 21:24:48,56.9,86.27 M
2019-06-14 21:24:50,46.0,90.87 M
2019-06-14 21:24:52,46.9,93.54 M
2019-06-14 21:24:54,51.9,92.19 M
2019-06-14 21:24:56,38.0,94.39 M
2019-06-14 21:24:58,40.0,95.25 M
2019-06-14 21:25:00,50.9,97.05 M
2019-06-14 21:25:02,48.9,97.57 M
2019-06-14 21:25:04,44.0,98.85 M
2019-06-14 21:25:06,38.0,96.00 M
2019-06-14 21:25:08,49.9,94.84 M
2019-06-14 21:25:10,40.0,96.19 M
2019-06-14 21:25:12,47.9,98.36 M
2019-06-14 21:25:14,42.0,97.32 M
2019-06-14 21:25:16,50.9,98.64 M
2019-06-14 21:25:18,48.0,96.83 M
2019-06-14 21:25:20,31.0,98.73 M
2019-06-14 21:25:22,46.0,99.25 M
2019-06-14 21:25:24,43.9,102.58 M
2019-06-14 21:25:26,47.0,99.97 M
2019-06-14 21:25:28,35.0,101.72 M
2019-06-14 21:25:30,41.0,99.00 M
2019-06-14 21:25:32,46.9,99.91 M
2019-06-14 21:25:34,38.0,100.78 M
2019-06-14 21:25:36,38.0,99.46 M
2019-06-14 21:25:38,41.0,98.19 M
2019-06-14 21:25:40,85.9,77.59 M
2019-06-14 21:25:42,46.9,93.40 M
2019-06-14 21:25:44,40.0,93.59 M
2019-06-14 21:25:46,45.0,95.77 M
2019-06-14 21:25:48,45.0,97.62 M
2019-06-14 21:25:50,52.9,96.12 M
2019-06-14 21:25:52,45.0,98.10 M
2019-06-14 21:25:54,47.9,97.28 M
2019-06-14 21:25:56,44.0,98.30 M
2019-06-14 21:25:58,43.9,97.07 M
2019-06-14 21:26:00,41.9,96.80 M
2019-06-14 21:26:02,47.0,97.35 M
2019-06-14 21:26:04,48.0,100.57 M
2019-06-14 21:26:06,43.9,99.32 M
2019-06-14 21:26:08,47.9,99.01 M
2019-06-14 21:26:10,46.0,100.63 M
2019-06-14 21:26:12,48.9,101.68 M
2019-06-14 21:26:14,39.0,102.73 M
2019-06-14 21:26:17,40.0,105.58 M
2019-06-14 21:26:19,50.0,100.04 M
2019-06-14 21:26:21,49.9,101.50 M
2019-06-14 21:26:23,39.0,100.34 M
2019-06-14 21:26:25,39.0,98.52 M
2019-06-14 21:26:27,37.0,100.09 M
2019-06-14 21:26:29,42.0,99.91 M
2019-06-14 21:26:31,42.0,98.48 M
2019-06-14 21:26:33,46.9,100.32 M
2019-06-14 21:26:35,38.0,99.12 M
2019-06-14 21:26:37,41.0,101.92 M
2019-06-14 21:26:39,45.0,100.41 M
2019-06-14 21:26:41,51.9,100.55 M
2019-06-14 21:26:43,45.0,100.64 M
2019-06-14 21:26:45,41.0,100.11 M
2019-06-14 21:26:47,46.0,102.06 M
2019-06-14 21:26:49,41.0,100.66 M
2019-06-14 21:26:51,45.0,104.00 M
2019-06-14 21:26:53,49.9,102.73 M
2019-06-14 21:26:55,40.0,104.39 M
2019-06-14 21:26:57,42.0,105.09 M
2019-06-14 21:26:59,43.9,103.75 M
2019-06-14 21:27:01,40.0,104.66 M
2019-06-14 21:27:03,45.0,104.08 M
2019-06-14 21:27:05,24.0,104.65 M
2019-06-14 21:27:07,33.0,102.47 M
2019-06-14 21:27:09,37.0,103.39 M
2019-06-14 21:27:11,37.0,105.07 M
2019-06-14 21:27:13,47.9,104.73 M
2019-06-14 21:27:15,50.9,104.72 M
2019-06-14 21:27:17,36.0,105.72 M
2019-06-14 21:27:19,35.0,105.70 M
2019-06-14 21:27:21,42.0,107.68 M
2019-06-14 21:27:23,34.0,108.97 M
2019-06-14 21:27:25,38.0,110.27 M
2019-06-14 21:27:27,42.0,110.52 M
2019-06-14 21:27:29,40.0,105.73 M
2019-06-14 21:27:31,33.0,107.52 M
2019-06-14 21:27:33,54.0,104.46 M
2019-06-14 21:27:35,43.0,105.86 M
2019-06-14 21:27:37,46.9,104.73 M
2019-06-14 21:27:39,48.0,107.09 M
2019-06-14 21:27:41,45.0,109.31 M
2019-06-14 21:27:43,41.0,109.09 M
2019-06-14 21:27:45,41.0,108.50 M
2019-06-14 21:27:47,49.9,110.46 M
2019-06-14 21:27:49,42.0,108.75 M
2019-06-14 21:27:51,46.9,108.15 M
2019-06-14 21:27:53,44.0,110.89 M
2019-06-14 21:27:55,36.0,109.63 M
2019-06-14 21:27:57,41.0,104.30 M
2019-06-14 21:27:59,40.0,104.70 M
2019-06-14 21:28:01,47.9,103.37 M
2019-06-14 21:28:03,47.9,102.15 M
2019-06-14 21:28:05,43.9,104.05 M
2019-06-14 21:28:07,46.0,102.61 M
2019-06-14 21:28:09,45.9,104.25 M
2019-06-14 21:28:11,45.0,107.24 M
2019-06-14 21:28:13,47.9,106.30 M
2019-06-14 21:28:15,44.0,106.58 M
2019-06-14 21:28:17,39.0,104.98 M
2019-06-14 21:28:19,47.0,103.04 M
2019-06-14 21:28:21,32.0,104.95 M
2019-06-14 21:28:23,47.0,105.68 M
2019-06-14 21:28:25,51.0,106.09 M
2019-06-14 21:28:27,39.0,106.08 M
2019-06-14 21:28:29,46.9,106.08 M
2019-06-14 21:28:31,38.0,105.20 M
2019-06-14 21:28:33,47.9,105.29 M
2019-06-14 21:28:35,44.9,105.17 M
2019-06-14 21:28:37,43.0,107.90 M
2019-06-14 21:28:39,44.9,105.82 M
2019-06-14 21:28:41,44.0,107.07 M
2019-06-14 21:28:43,37.0,109.01 M
2019-06-14 21:28:45,29.0,108.43 M
2019-06-14 21:28:47,38.0,107.30 M
2019-06-14 21:28:49,38.0,106.67 M
2019-06-14 21:28:51,49.9,107.13 M
2019-06-14 21:28:53,51.9,107.86 M
2019-06-14 21:28:55,41.0,105.88 M
2019-06-14 21:28:57,43.0,106.59 M
2019-06-14 21:28:59,42.0,107.26 M
2019-06-14 21:29:01,36.0,107.21 M
2019-06-14 21:29:03,44.9,107.70 M
2019-06-14 21:29:05,50.9,107.08 M
2019-06-14 21:29:07,45.9,109.23 M
2019-06-14 21:29:09,36.0,110.66 M
2019-06-14 21:29:11,53.0,110.59 M
2019-06-14 21:29:13,42.9,109.59 M
2019-06-14 21:29:15,41.0,108.41 M
2019-06-14 21:29:17,42.0,109.86 M
2019-06-14 21:29:19,46.0,110.18 M
2019-06-14 21:29:21,40.0,112.15 M
2019-06-14 21:29:23,42.0,109.54 M
2019-06-14 21:29:25,35.0,105.32 M
2019-06-14 21:29:27,40.0,106.01 M
2019-06-14 21:29:29,34.0,105.20 M
2019-06-14 21:29:31,38.0,103.17 M
2019-06-14 21:29:33,46.9,104.61 M
2019-06-14 21:29:35,43.9,107.55 M
2019-06-14 21:29:37,42.9,106.44 M
2019-06-14 21:29:39,43.9,107.52 M
2019-06-14 21:29:41,36.0,108.67 M
2019-06-14 21:29:43,33.0,107.38 M
2019-06-14 21:29:45,27.0,107.76 M
2019-06-14 21:29:47,36.0,103.58 M
2019-06-14 21:29:49,40.0,104.16 M
2019-06-14 21:29:51,45.0,106.63 M
2019-06-14 21:29:53,48.0,107.57 M
2019-06-14 21:29:55,46.0,107.05 M
2019-06-14 21:29:57,37.0,107.31 M
2019-06-14 21:29:59,40.0,106.71 M
2019-06-14 21:30:01,38.0,107.55 M
2019-06-14 21:30:03,42.0,108.76 M
2019-06-14 21:30:05,29.0,109.12 M
2019-06-14 21:30:08,16.0,109.12 M
2019-06-14 21:30:10,28.0,110.57 M
2019-06-14 21:30:12,33.0,107.41 M
2019-06-14 21:30:14,47.0,110.46 M
2019-06-14 21:30:16,49.9,111.93 M
2019-06-14 21:30:18,46.0,106.41 M
2019-06-14 21:30:20,48.0,107.88 M
2019-06-14 21:30:22,9.0,109.73 M
2019-06-14 21:30:24,9.0,109.73 M
2019-06-14 21:30:26,37.0,111.42 M
2019-06-14 21:30:28,43.0,109.83 M
2019-06-14 21:30:30,32.0,110.51 M
2019-06-14 21:30:32,46.0,110.08 M
2019-06-14 21:30:34,46.0,112.55 M
2019-06-14 21:30:36,43.0,112.36 M
2019-06-14 21:30:38,50.0,104.06 M
2019-06-14 21:30:41,69.9,64.83 M
2019-06-14 21:30:43,53.0,89.70 M
2019-06-14 21:30:45,48.0,91.43 M
2019-06-14 21:30:47,53.9,89.77 M
2019-06-14 21:30:49,48.9,92.48 M
2019-06-14 21:30:51,45.0,94.82 M
2019-06-14 21:30:53,47.9,92.33 M
2019-06-14 21:30:55,50.9,94.55 M
2019-06-14 21:30:57,48.0,94.25 M
2019-06-14 21:30:59,41.0,97.59 M
2019-06-14 21:31:01,40.0,99.96 M
2019-06-14 21:31:03,49.9,97.14 M
2019-06-14 21:31:05,39.0,98.75 M
2019-06-14 21:31:07,43.0,100.56 M
2019-06-14 21:31:09,38.0,98.57 M
2019-06-14 21:31:11,42.9,98.79 M
2019-06-14 21:31:13,39.0,102.17 M
2019-06-14 21:31:15,23.0,96.79 M
2019-06-14 21:31:17,39.0,96.08 M
2019-06-14 21:31:19,42.9,97.68 M
2019-06-14 21:31:21,46.0,99.43 M
2019-06-14 21:31:23,48.9,99.74 M
2019-06-14 21:31:25,38.0,99.77 M
2019-06-14 21:31:27,49.9,99.54 M
2019-06-14 21:31:29,44.0,99.06 M
2019-06-14 21:31:31,42.0,100.41 M
2019-06-14 21:31:33,42.0,99.59 M
2019-06-14 21:31:35,48.9,98.93 M
2019-06-14 21:31:37,40.0,98.81 M
2019-06-14 21:31:39,39.0,101.45 M
2019-06-14 21:31:41,44.0,99.66 M
2019-06-14 21:31:43,39.0,99.15 M
2019-06-14 21:31:45,52.0,98.76 M
2019-06-14 21:31:47,43.0,100.55 M
2019-06-14 21:31:49,42.0,99.93 M
2019-06-14 21:31:51,37.0,100.06 M
2019-06-14 21:31:53,43.0,102.11 M
2019-06-14 21:31:55,39.0,101.13 M
2019-06-14 21:31:57,48.0,104.88 M
2019-06-14 21:31:59,53.0,106.38 M
2019-06-14 21:32:01,41.0,107.75 M
2019-06-14 21:32:03,42.0,107.54 M
2019-06-14 21:32:05,47.9,103.48 M
2019-06-14 21:32:07,46.9,101.36 M
2019-06-14 21:32:09,45.0,102.73 M
2019-06-14 21:32:11,43.0,102.61 M
2019-06-14 21:32:13,43.9,104.55 M
2019-06-14 21:32:15,46.0,106.58 M
2019-06-14 21:32:17,46.0,104.10 M
2019-06-14 21:32:19,41.0,100.55 M
2019-06-14 21:32:21,40.0,100.88 M
2019-06-14 21:32:23,40.0,102.68 M
2019-06-14 21:32:25,48.0,102.78 M
2019-06-14 21:32:27,47.0,103.07 M
2019-06-14 21:32:29,50.9,102.66 M
2019-06-14 21:32:31,44.0,104.17 M
2019-06-14 21:32:33,44.9,103.03 M
2019-06-14 21:32:35,50.9,102.37 M
2019-06-14 21:32:37,45.0,100.87 M
2019-06-14 21:32:39,40.0,103.98 M
2019-06-14 21:32:41,51.9,103.41 M
2019-06-14 21:32:43,39.0,105.92 M
2019-06-14 21:32:45,46.9,107.94 M
2019-06-14 21:32:48,54.9,59.29 M
2019-06-14 21:32:50,55.0,78.34 M
2019-06-14 21:32:52,39.0,90.93 M
2019-06-14 21:32:54,35.0,93.40 M
2019-06-14 21:32:56,42.0,95.57 M
2019-06-14 21:32:58,38.0,95.46 M
2019-06-14 21:33:00,35.0,98.38 M
2019-06-14 21:33:02,39.0,96.93 M
2019-06-14 21:33:04,39.0,98.08 M
2019-06-14 21:33:06,36.0,99.06 M
2019-06-14 21:33:08,36.0,99.22 M
2019-06-14 21:33:10,37.0,100.65 M
2019-06-14 21:33:12,47.0,99.41 M
2019-06-14 21:33:14,45.0,100.11 M
2019-06-14 21:33:16,34.0,102.75 M
2019-06-14 21:33:18,34.0,102.37 M
2019-06-14 21:33:20,35.0,102.04 M
2019-06-14 21:33:22,29.0,101.23 M
2019-06-14 21:33:24,41.0,100.07 M
2019-06-14 21:33:26,36.0,102.29 M
2019-06-14 21:33:28,38.0,101.43 M
2019-06-14 21:33:30,42.0,102.79 M
2019-06-14 21:33:32,35.0,103.77 M
2019-06-14 21:33:34,42.0,104.02 M
2019-06-14 21:33:36,36.0,105.79 M
2019-06-14 21:33:38,40.0,105.24 M
2019-06-14 21:33:40,38.0,107.83 M
2019-06-14 21:33:42,42.0,108.55 M
2019-06-14 21:33:44,38.0,110.40 M
2019-06-14 21:33:46,34.0,109.95 M
2019-06-14 21:33:49,41.0,109.86 M
2019-06-14 21:33:51,44.0,106.30 M
2019-06-14 21:33:53,28.0,107.80 M
2019-06-14 21:33:55,36.0,107.41 M
2019-06-14 21:33:57,35.0,108.50 M
2019-06-14 21:33:59,35.0,110.71 M
2019-06-14 21:34:01,42.0,112.80 M
2019-06-14 21:34:03,43.0,111.49 M
2019-06-14 21:34:05,32.0,113.86 M
2019-06-14 21:34:07,34.0,108.60 M
2019-06-14 21:34:09,33.0,111.20 M
2019-06-14 21:34:11,43.0,111.94 M
2019-06-14 21:34:13,35.0,115.34 M
2019-06-14 21:34:15,36.0,115.55 M
2019-06-14 21:34:17,41.0,112.77 M
2019-06-14 21:34:19,42.0,112.77 M
2019-06-14 21:34:21,39.0,111.56 M
2019-06-14 21:34:23,35.0,112.95 M
2019-06-14 21:34:25,37.0,109.96 M
2019-06-14 21:34:27,41.0,111.53 M
2019-06-14 21:34:29,39.0,111.31 M
2019-06-14 21:34:31,33.0,113.61 M
2019-06-14 21:34:33,37.0,113.32 M
2019-06-14 21:34:35,37.0,113.99 M
2019-06-14 21:34:37,44.0,117.36 M
2019-06-14 21:34:39,39.0,117.44 M
2019-06-14 21:34:41,36.0,117.45 M
2019-06-14 21:34:43,38.0,119.52 M
2019-06-14 21:34:45,35.0,117.16 M
2019-06-14 21:34:47,33.0,118.98 M
2019-06-14 21:34:49,34.0,119.51 M
2019-06-14 21:34:51,33.0,116.14 M
2019-06-14 21:34:53,45.9,117.81 M
2019-06-14 21:34:55,33.0,116.45 M
2019-06-14 21:34:57,36.0,118.23 M
2019-06-14 21:34:59,28.0,119.79 M
2019-06-14 21:35:01,36.0,119.18 M
2019-06-14 21:35:03,46.0,117.96 M
2019-06-14 21:35:05,40.0,113.89 M
2019-06-14 21:35:07,40.0,117.31 M
2019-06-14 21:35:09,34.0,119.33 M
2019-06-14 21:35:11,40.0,120.42 M
2019-06-14 21:35:13,31.0,124.47 M
2019-06-14 21:35:15,38.0,124.89 M
2019-06-14 21:35:17,32.0,126.52 M
2019-06-14 21:35:19,42.0,127.39 M
2019-06-14 21:35:21,35.0,129.85 M
2019-06-14 21:35:23,27.0,123.09 M
2019-06-14 21:35:25,41.0,124.86 M
2019-06-14 21:35:27,36.0,125.38 M
2019-06-14 21:35:29,40.0,125.77 M
2019-06-14 21:35:31,28.0,126.91 M
2019-06-14 21:35:33,41.0,124.72 M
2019-06-14 21:35:35,40.9,123.60 M
2019-06-14 21:35:37,42.9,124.84 M
2019-06-14 21:35:39,27.0,126.38 M
2019-06-14 21:35:41,34.0,127.60 M
2019-06-14 21:35:43,41.0,121.12 M
2019-06-14 21:35:45,35.0,121.18 M
2019-06-14 21:35:47,32.0,123.92 M
2019-06-14 21:35:49,30.0,126.99 M
2019-06-14 21:35:51,40.0,123.77 M
2019-06-14 21:35:53,42.9,124.68 M
2019-06-14 21:35:55,37.0,127.95 M
2019-06-14 21:35:57,26.0,127.44 M
2019-06-14 21:35:59,29.0,128.47 M
2019-06-14 21:36:01,34.0,131.00 M
2019-06-14 21:36:03,32.0,125.81 M
2019-06-14 21:36:05,29.0,127.84 M
2019-06-14 21:36:07,38.0,128.25 M
2019-06-14 21:36:09,34.0,129.55 M
2019-06-14 21:36:11,31.0,132.08 M
2019-06-14 21:36:13,32.0,130.40 M
2019-06-14 21:36:15,41.0,122.64 M
2019-06-14 21:36:17,47.0,124.76 M
2019-06-14 21:36:19,31.0,127.43 M
2019-06-14 21:36:21,32.0,130.45 M
2019-06-14 21:36:23,30.0,131.25 M
2019-06-14 21:36:25,27.0,133.77 M
2019-06-14 21:36:27,29.0,129.76 M
2019-06-14 21:36:29,40.0,127.55 M
2019-06-14 21:36:31,35.0,128.76 M
2019-06-14 21:36:33,30.0,131.15 M
2019-06-14 21:36:35,30.0,128.12 M
2019-06-14 21:36:37,31.0,125.85 M
2019-06-14 21:36:39,31.0,128.13 M
2019-06-14 21:36:41,31.0,131.43 M
2019-06-14 21:36:43,43.9,135.00 M
2019-06-14 21:36:45,35.0,134.88 M
2019-06-14 21:36:47,14.0,137.11 M
2019-06-14 21:36:49,20.0,136.81 M
2019-06-14 21:36:51,22.0,135.91 M
2019-06-14 21:36:53,28.0,138.22 M
2019-06-14 21:36:55,16.0,137.09 M
2019-06-14 21:36:57,39.0,133.33 M
2019-06-14 21:36:59,36.0,133.47 M
2019-06-14 21:37:01,33.0,135.88 M
2019-06-14 21:37:03,45.9,136.18 M
2019-06-14 21:37:05,31.0,137.64 M
2019-06-14 21:37:07,47.9,141.73 M
2019-06-14 21:37:09,34.0,141.73 M
2019-06-14 21:37:11,37.0,142.25 M
2019-06-14 21:37:13,36.0,141.68 M
2019-06-14 21:37:15,31.0,138.96 M
2019-06-14 21:37:17,36.0,141.08 M
2019-06-14 21:37:19,24.0,139.29 M
2019-06-14 21:37:21,47.9,137.91 M
2019-06-14 21:37:23,37.0,139.16 M
2019-06-14 21:37:25,30.0,141.45 M
2019-06-14 21:37:27,37.0,142.47 M
2019-06-14 21:37:29,35.0,144.01 M
2019-06-14 21:37:31,36.0,144.01 M
2019-06-14 21:37:33,39.0,146.28 M
2019-06-14 21:37:35,36.0,146.28 M
2019-06-14 21:37:37,40.0,146.88 M
2019-06-14 21:37:39,35.0,149.35 M
2019-06-14 21:37:41,44.9,146.68 M
2019-06-14 21:37:43,28.0,148.29 M
2019-06-14 21:37:45,47.9,146.63 M
2019-06-14 21:37:52,62.9,64.70 M
2019-06-14 21:37:54,64.9,65.88 M
2019-06-14 21:37:56,56.9,88.70 M
2019-06-14 21:37:58,41.0,92.20 M
2019-06-14 21:38:00,51.0,95.07 M
2019-06-14 21:38:02,56.9,95.80 M
2019-06-14 21:38:04,55.0,95.69 M
2019-06-14 21:38:06,49.0,98.05 M
2019-06-14 21:38:08,45.9,93.84 M
2019-06-14 21:38:10,47.0,93.88 M
2019-06-14 21:38:12,37.0,97.11 M
2019-06-14 21:38:14,50.0,98.00 M
2019-06-14 21:38:16,51.9,100.95 M
2019-06-14 21:38:18,32.0,100.75 M
2019-06-14 21:38:20,52.0,100.44 M
2019-06-14 21:38:22,52.0,97.96 M
2019-06-14 21:38:24,46.9,100.49 M
2019-06-14 21:38:26,55.9,102.62 M
2019-06-14 21:38:28,44.0,102.64 M
2019-06-14 21:38:30,43.0,101.80 M
2019-06-14 21:38:32,38.0,102.55 M
2019-06-14 21:38:34,38.0,102.86 M
2019-06-14 21:38:36,35.0,102.98 M
2019-06-14 21:38:38,43.0,100.89 M
2019-06-14 21:38:40,50.9,99.53 M
2019-06-14 21:38:42,51.9,100.55 M
2019-06-14 21:38:44,42.0,100.88 M
2019-06-14 21:38:46,37.0,99.84 M
2019-06-14 21:38:48,41.9,100.00 M
2019-06-14 21:38:50,46.0,101.88 M
2019-06-14 21:38:52,41.0,103.09 M
2019-06-14 21:38:54,45.0,102.52 M
2019-06-14 21:38:56,43.0,102.05 M
2019-06-14 21:38:58,36.0,103.12 M
2019-06-14 21:39:00,37.0,102.50 M
2019-06-14 21:39:02,43.0,102.77 M
2019-06-14 21:39:04,48.9,100.36 M
2019-06-14 21:39:06,46.9,103.08 M
2019-06-14 21:39:08,45.9,98.66 M
2019-06-14 21:39:10,37.0,101.71 M
2019-06-14 21:39:12,45.9,102.26 M
2019-06-14 21:39:14,46.9,102.69 M
2019-06-14 21:39:16,52.9,102.31 M
2019-06-14 21:39:18,38.0,102.66 M
2019-06-14 21:39:20,46.0,101.05 M
2019-06-14 21:39:22,47.9,103.65 M
2019-06-14 21:39:24,42.0,103.41 M
2019-06-14 21:39:26,47.9,104.41 M
2019-06-14 21:39:28,38.0,104.41 M
2019-06-14 21:39:30,55.0,103.68 M
2019-06-14 21:39:32,45.0,106.19 M
2019-06-14 21:39:34,45.9,109.16 M
2019-06-14 21:39:36,39.0,107.79 M
2019-06-14 21:39:38,42.0,109.15 M
2019-06-14 21:39:40,50.9,108.00 M
2019-06-14 21:39:42,42.0,105.66 M
2019-06-14 21:39:44,42.0,107.38 M
2019-06-14 21:39:46,41.0,108.79 M
2019-06-14 21:39:48,52.9,106.43 M
2019-06-14 21:39:50,47.0,108.48 M
2019-06-14 21:39:52,52.0,110.94 M
2019-06-14 21:39:54,47.0,110.23 M
2019-06-14 21:39:56,38.0,111.44 M
2019-06-14 21:39:58,43.0,112.19 M
2019-06-14 21:40:00,43.0,111.41 M
2019-06-14 21:40:02,43.9,111.03 M
2019-06-14 21:40:04,47.0,113.82 M
2019-06-14 21:40:06,21.0,111.12 M
2019-06-14 21:40:08,33.0,111.64 M
2019-06-14 21:40:10,54.9,106.27 M
2019-06-14 21:40:12,57.9,112.66 M
2019-06-14 21:40:14,48.9,111.82 M
2019-06-14 21:40:17,46.9,108.66 M
2019-06-14 21:40:19,43.0,108.09 M
2019-06-14 21:40:21,44.0,107.14 M
2019-06-14 21:40:23,26.0,107.16 M
2019-06-14 21:40:25,16.0,107.16 M
2019-06-14 21:40:27,34.0,107.66 M
2019-06-14 21:40:29,43.0,107.56 M
2019-06-14 21:40:31,51.0,109.20 M
2019-06-14 21:40:33,51.0,108.20 M
2019-06-14 21:40:35,46.0,110.99 M
2019-06-14 21:40:37,40.0,112.17 M
2019-06-14 21:40:39,45.9,112.55 M
2019-06-14 21:40:41,43.9,114.53 M
2019-06-14 21:40:43,39.0,114.55 M
2019-06-14 21:40:45,51.9,115.72 M
2019-06-14 21:40:47,42.0,115.64 M
2019-06-14 21:40:49,49.0,115.40 M
2019-06-14 21:40:51,48.0,113.77 M
2019-06-14 21:40:53,41.0,114.45 M
2019-06-14 21:40:55,35.0,116.23 M
2019-06-14 21:40:57,41.0,112.52 M
2019-06-14 21:40:59,45.0,111.53 M
2019-06-14 21:41:01,35.0,112.44 M
2019-06-14 21:41:03,40.0,114.98 M
2019-06-14 21:41:05,46.9,115.34 M
2019-06-14 21:41:07,34.0,113.34 M
2019-06-14 21:41:09,42.0,114.10 M
2019-06-14 21:41:11,38.0,113.35 M
2019-06-14 21:41:13,46.0,113.46 M
2019-06-14 21:41:15,47.0,112.63 M
2019-06-14 21:41:17,56.9,111.35 M
2019-06-14 21:41:19,45.9,112.18 M
2019-06-14 21:41:21,36.0,114.08 M
2019-06-14 21:41:23,42.9,116.60 M
2019-06-14 21:41:25,37.0,115.68 M
2019-06-14 21:41:27,47.9,117.96 M
2019-06-14 21:41:29,51.0,119.49 M
2019-06-14 21:41:31,43.0,121.15 M
2019-06-14 21:41:33,49.0,122.52 M
2019-06-14 21:41:35,44.0,122.54 M
2019-06-14 21:41:37,45.9,115.32 M
2019-06-14 21:41:39,50.0,116.82 M
2019-06-14 21:41:41,48.0,116.06 M
2019-06-14 21:41:43,47.0,115.77 M
2019-06-14 21:41:45,46.9,116.25 M
2019-06-14 21:41:47,45.0,117.74 M
2019-06-14 21:41:49,41.0,119.81 M
2019-06-14 21:41:51,44.0,123.11 M
2019-06-14 21:41:53,41.0,123.41 M
2019-06-14 21:41:55,42.0,124.46 M
2019-06-14 21:41:57,44.0,123.91 M
2019-06-14 21:41:59,38.0,122.66 M
2019-06-14 21:42:01,35.0,122.66 M
2019-06-14 21:42:03,41.0,123.08 M
2019-06-14 21:42:05,46.0,126.12 M
2019-06-14 21:42:07,39.0,119.56 M
2019-06-14 21:42:09,50.0,119.67 M
2019-06-14 21:42:11,41.0,121.82 M
2019-06-14 21:42:13,36.0,122.70 M
2019-06-14 21:42:15,50.0,124.63 M
2019-06-14 21:42:17,50.9,124.16 M
2019-06-14 21:42:19,41.0,126.21 M
2019-06-14 21:42:21,44.9,126.74 M
2019-06-14 21:42:23,43.0,124.06 M
2019-06-14 21:42:25,42.0,124.54 M
2019-06-14 21:42:27,44.0,127.24 M
2019-06-14 21:42:29,46.9,125.89 M
2019-06-14 21:42:31,48.0,126.19 M
2019-06-14 21:42:33,39.0,126.96 M
2019-06-14 21:42:35,45.9,127.87 M
2019-06-14 21:42:37,43.0,126.46 M
2019-06-14 21:42:39,54.9,125.68 M
2019-06-14 21:42:41,50.0,119.79 M
2019-06-14 21:42:43,46.0,120.67 M
2019-06-14 21:42:45,39.0,123.69 M
2019-06-14 21:42:47,45.9,122.58 M
2019-06-14 21:42:49,48.9,123.66 M
2019-06-14 21:42:51,48.9,122.18 M
2019-06-14 21:42:55,62.0,62.55 M
2019-06-14 21:42:57,56.0,63.00 M
2019-06-14 21:42:59,56.9,85.58 M
2019-06-14 21:43:01,42.0,90.86 M
2019-06-14 21:43:03,52.9,94.09 M
2019-06-14 21:43:05,47.9,95.69 M
2019-06-14 21:43:08,43.9,95.00 M
2019-06-14 21:43:10,52.0,95.98 M
2019-06-14 21:43:12,50.9,95.32 M
2019-06-14 21:43:14,46.9,95.96 M
2019-06-14 21:43:16,49.9,95.16 M
2019-06-14 21:43:18,47.9,97.26 M
2019-06-14 21:43:20,45.9,96.72 M
2019-06-14 21:43:22,34.0,98.96 M
2019-06-14 21:43:24,40.0,98.19 M
2019-06-14 21:43:26,44.9,97.14 M
2019-06-14 21:43:28,38.0,99.55 M
2019-06-14 21:43:30,38.0,100.41 M
2019-06-14 21:43:32,35.0,100.41 M
2019-06-14 21:43:34,49.0,97.47 M
2019-06-14 21:43:36,46.9,97.77 M
2019-06-14 21:43:38,42.0,98.46 M
2019-06-14 21:43:40,45.0,99.26 M
2019-06-14 21:43:42,36.0,98.75 M
2019-06-14 21:43:44,44.0,100.21 M
2019-06-14 21:43:46,41.0,100.36 M
2019-06-14 21:43:48,40.0,102.49 M
2019-06-14 21:43:50,43.0,100.11 M
2019-06-14 21:43:52,42.0,99.78 M
2019-06-14 21:43:54,35.0,99.33 M
2019-06-14 21:43:56,38.0,101.36 M
2019-06-14 21:43:58,47.0,100.03 M
2019-06-14 21:44:00,31.0,100.18 M
2019-06-14 21:44:02,41.0,99.98 M
2019-06-14 21:44:04,39.0,100.78 M
2019-06-14 21:44:06,42.9,102.07 M
2019-06-14 21:44:08,34.0,100.29 M
2019-06-14 21:44:10,38.0,101.28 M
2019-06-14 21:44:12,40.0,100.87 M
2019-06-14 21:44:14,51.0,101.54 M
2019-06-14 21:44:16,39.0,102.60 M
2019-06-14 21:44:18,46.0,103.85 M
2019-06-14 21:44:20,47.9,102.70 M
2019-06-14 21:44:22,42.0,103.93 M
2019-06-14 21:44:24,40.0,104.72 M
2019-06-14 21:44:26,30.0,106.52 M
2019-06-14 21:44:28,39.0,103.54 M
2019-06-14 21:44:30,33.0,102.64 M
2019-06-14 21:44:32,45.0,103.47 M
2019-06-14 21:44:34,47.0,106.04 M
2019-06-14 21:44:36,51.9,105.56 M
2019-06-14 21:44:38,54.9,105.33 M
2019-06-14 21:44:40,42.0,105.69 M
2019-06-14 21:44:42,39.0,104.36 M
2019-06-14 21:44:44,38.0,102.38 M
2019-06-14 21:44:46,42.0,103.14 M
2019-06-14 21:44:48,45.9,102.89 M
2019-06-14 21:44:50,50.9,104.20 M
2019-06-14 21:44:52,40.0,106.99 M
2019-06-14 21:44:54,38.0,105.09 M
2019-06-14 21:44:56,44.0,107.41 M
2019-06-14 21:44:58,28.0,107.07 M
2019-06-14 21:45:00,46.9,106.70 M
2019-06-14 21:45:02,45.0,106.95 M
2019-06-14 21:45:04,35.0,108.95 M
2019-06-14 21:45:06,33.0,109.83 M
2019-06-14 21:45:08,43.0,102.11 M
2019-06-14 21:45:10,43.0,102.26 M
2019-06-14 21:45:12,44.0,104.19 M
2019-06-14 21:45:14,41.9,104.85 M
2019-06-14 21:45:16,45.0,106.61 M
2019-06-14 21:45:18,40.9,105.26 M
2019-06-14 21:45:20,40.0,106.60 M
2019-06-14 21:45:22,38.0,105.92 M
2019-06-14 21:45:24,38.0,106.43 M
2019-06-14 21:45:26,42.9,108.93 M
2019-06-14 21:45:28,38.0,106.29 M
2019-06-14 21:45:30,47.0,105.55 M
2019-06-14 21:45:32,41.9,107.09 M
2019-06-14 21:45:34,44.0,108.22 M
2019-06-14 21:45:36,35.0,111.00 M
2019-06-14 21:45:38,47.0,108.96 M
2019-06-14 21:45:40,41.0,107.02 M
2019-06-14 21:45:42,37.0,109.00 M
2019-06-14 21:45:44,38.9,103.86 M
2019-06-14 21:45:46,39.0,106.47 M
2019-06-14 21:45:48,45.9,106.41 M
2019-06-14 21:45:50,40.0,107.67 M
2019-06-14 21:45:52,32.0,108.71 M
2019-06-14 21:45:54,36.0,107.52 M
2019-06-14 21:45:56,42.0,109.29 M
2019-06-14 21:45:58,40.9,108.55 M
2019-06-14 21:46:00,38.0,110.04 M
2019-06-14 21:46:02,40.0,108.28 M
2019-06-14 21:46:04,41.0,107.99 M
2019-06-14 21:46:06,35.0,107.69 M
2019-06-14 21:46:08,43.0,108.92 M
2019-06-14 21:46:10,41.0,110.80 M
2019-06-14 21:46:12,45.0,110.56 M
2019-06-14 21:46:14,42.9,108.34 M
2019-06-14 21:46:16,41.9,108.93 M
2019-06-14 21:46:18,39.0,108.86 M
2019-06-14 21:46:20,35.0,109.08 M
2019-06-14 21:46:22,40.0,110.13 M
2019-06-14 21:46:24,41.0,107.86 M
2019-06-14 21:46:26,41.9,110.11 M
2019-06-14 21:46:28,39.0,110.83 M
2019-06-14 21:46:30,42.0,113.38 M
2019-06-14 21:46:32,41.9,114.48 M
2019-06-14 21:46:34,36.0,115.38 M
2019-06-14 21:46:36,43.0,114.35 M
2019-06-14 21:46:38,43.0,112.89 M
2019-06-14 21:46:40,44.0,112.70 M
2019-06-14 21:46:42,41.0,114.13 M
2019-06-14 21:46:45,38.0,113.09 M
2019-06-14 21:46:47,45.0,112.81 M
2019-06-14 21:46:49,27.0,112.80 M
2019-06-14 21:46:51,40.0,113.27 M
2019-06-14 21:46:53,26.0,113.79 M
2019-06-14 21:46:55,35.0,116.05 M
2019-06-14 21:46:57,39.0,116.46 M
2019-06-14 21:46:59,38.0,117.49 M
2019-06-14 21:47:01,40.0,114.64 M
2019-06-14 21:47:03,35.0,114.45 M
2019-06-14 21:47:05,37.0,111.87 M
2019-06-14 21:47:07,27.0,109.51 M
2019-06-14 21:47:09,33.0,112.54 M
2019-06-14 21:47:11,33.0,112.56 M
2019-06-14 21:47:13,44.0,114.95 M
2019-06-14 21:47:15,36.0,111.45 M
2019-06-14 21:47:17,31.0,112.43 M
2019-06-14 21:47:19,24.0,111.20 M
2019-06-14 21:47:21,41.0,113.66 M
2019-06-14 21:47:23,60.9,64.33 M
2019-06-14 21:47:25,47.0,88.45 M
2019-06-14 21:47:27,44.0,90.48 M
2019-06-14 21:47:29,45.0,92.99 M
2019-06-14 21:47:31,48.0,96.44 M
2019-06-14 21:47:33,55.9,99.56 M
2019-06-14 21:47:35,46.0,101.39 M
2019-06-14 21:47:37,42.0,93.29 M
2019-06-14 21:47:39,32.0,97.05 M
2019-06-14 21:47:41,33.0,97.98 M
2019-06-14 21:47:43,28.0,100.33 M
2019-06-14 21:47:45,30.0,99.30 M
2019-06-14 21:47:47,45.9,98.83 M
2019-06-14 21:47:49,39.0,99.56 M
2019-06-14 21:47:51,32.0,100.01 M
2019-06-14 21:47:53,46.0,100.93 M
2019-06-14 21:47:55,41.0,99.25 M
2019-06-14 21:47:57,39.0,99.55 M
2019-06-14 21:47:59,41.9,99.52 M
2019-06-14 21:48:01,45.9,101.30 M
2019-06-14 21:48:03,51.0,102.24 M
2019-06-14 21:48:05,41.9,103.73 M
2019-06-14 21:48:07,41.0,104.29 M
2019-06-14 21:48:09,35.0,106.35 M
2019-06-14 21:48:11,28.0,106.03 M
2019-06-14 21:48:13,40.0,107.33 M
2019-06-14 21:48:15,47.0,105.17 M
2019-06-14 21:48:17,42.0,107.23 M
2019-06-14 21:48:19,47.9,103.94 M
2019-06-14 21:48:21,47.9,102.00 M
2019-06-14 21:48:23,53.9,103.12 M
2019-06-14 21:48:25,48.0,105.21 M
2019-06-14 21:48:27,48.9,104.92 M
2019-06-14 21:48:29,56.0,104.45 M
2019-06-14 21:48:31,44.0,106.14 M
2019-06-14 21:48:33,43.9,109.48 M
2019-06-14 21:48:35,42.0,107.85 M
2019-06-14 21:48:37,29.0,107.42 M
2019-06-14 21:48:39,39.0,108.16 M
2019-06-14 21:48:41,41.0,106.59 M
2019-06-14 21:48:43,45.9,108.37 M
2019-06-14 21:48:45,52.0,105.87 M
2019-06-14 21:48:47,47.0,106.82 M
2019-06-14 21:48:49,45.9,107.30 M
2019-06-14 21:48:51,42.9,109.87 M
2019-06-14 21:48:54,66.9,64.87 M
2019-06-14 21:48:56,51.9,86.72 M
2019-06-14 21:48:58,45.0,91.13 M
2019-06-14 21:49:00,51.0,95.12 M
2019-06-14 21:49:02,48.9,97.03 M
2019-06-14 21:49:04,52.9,98.91 M
2019-06-14 21:49:06,54.0,97.26 M
2019-06-14 21:49:08,40.0,97.42 M
2019-06-14 21:49:10,33.0,98.81 M
2019-06-14 21:49:12,42.9,101.73 M
2019-06-14 21:49:14,44.9,99.10 M
2019-06-14 21:49:16,46.0,100.29 M
2019-06-14 21:49:18,48.9,99.81 M
2019-06-14 21:49:20,40.0,99.99 M
2019-06-14 21:49:22,34.0,101.92 M
2019-06-14 21:49:24,38.0,100.25 M
2019-06-14 21:49:28,58.0,65.66 M
2019-06-14 21:49:30,56.9,85.00 M
2019-06-14 21:49:32,48.9,89.51 M
2019-06-14 21:49:34,45.0,92.16 M
2019-06-14 21:49:36,48.0,96.64 M
2019-06-14 21:49:38,56.9,96.04 M
2019-06-14 21:49:40,58.0,96.84 M
2019-06-14 21:49:42,54.9,96.37 M
2019-06-14 21:49:44,41.9,97.82 M
2019-06-14 21:49:47,47.9,97.62 M
2019-06-14 21:49:49,34.0,98.63 M
2019-06-14 21:49:51,40.9,98.85 M
2019-06-14 21:49:53,52.9,99.17 M
2019-06-14 21:49:55,47.9,98.01 M
2019-06-14 21:49:57,46.0,98.84 M
2019-06-14 21:49:59,43.0,100.33 M
2019-06-14 21:50:01,46.0,101.44 M
2019-06-14 21:50:03,45.9,100.63 M
2019-06-14 21:50:05,51.0,100.21 M
2019-06-14 21:50:07,42.0,103.54 M
2019-06-14 21:50:09,45.0,102.63 M
2019-06-14 21:50:11,50.9,99.99 M
2019-06-14 21:50:13,12.0,100.25 M
2019-06-14 21:50:15,24.0,103.34 M
2019-06-14 21:50:17,37.0,104.43 M
2019-06-14 21:50:19,12.0,104.43 M
2019-06-14 21:50:21,7.0,104.43 M
2019-06-14 21:50:23,14.0,101.95 M
2019-06-14 21:50:25,38.0,103.76 M
2019-06-14 21:50:27,33.0,104.44 M
2019-06-14 21:50:29,39.0,104.59 M
2019-06-14 21:50:31,40.9,103.67 M
2019-06-14 21:50:33,36.0,102.90 M
2019-06-14 21:50:35,42.9,103.65 M
2019-06-14 21:50:37,40.0,104.17 M
2019-06-14 21:50:39,35.0,103.71 M
2019-06-14 21:50:41,37.0,105.16 M
2019-06-14 21:50:43,49.9,105.78 M
2019-06-14 21:50:45,43.0,105.65 M
2019-06-14 21:50:47,46.0,104.27 M
2019-06-14 21:50:49,41.0,102.05 M
2019-06-14 21:50:51,43.0,102.11 M
2019-06-14 21:50:53,44.9,105.17 M
2019-06-14 21:50:55,36.0,105.58 M
2019-06-14 21:50:57,35.0,106.16 M
2019-06-14 21:50:59,35.0,106.35 M
2019-06-14 21:51:01,34.0,107.52 M
2019-06-14 21:51:03,41.9,108.80 M
2019-06-14 21:51:05,35.0,108.22 M
2019-06-14 21:51:07,42.9,108.69 M
2019-06-14 21:51:09,41.0,106.28 M
2019-06-14 21:51:11,47.9,108.28 M
2019-06-14 21:51:13,33.0,109.02 M
2019-06-14 21:51:15,43.0,109.89 M
2019-06-14 21:51:17,37.0,110.99 M
2019-06-14 21:51:19,45.0,110.18 M
2019-06-14 21:51:21,40.0,109.95 M
2019-06-14 21:51:23,41.0,111.60 M
2019-06-14 21:51:25,35.0,110.59 M
2019-06-14 21:51:27,41.0,108.32 M
2019-06-14 21:51:29,40.0,108.86 M
2019-06-14 21:51:31,48.0,111.81 M
2019-06-14 21:51:33,43.9,114.01 M
2019-06-14 21:51:35,32.0,116.52 M
2019-06-14 21:51:37,46.9,115.81 M
2019-06-14 21:51:39,44.9,116.82 M
2019-06-14 21:51:41,40.0,119.61 M
2019-06-14 21:51:43,33.0,119.91 M
2019-06-14 21:51:45,34.0,121.02 M
2019-06-14 21:51:47,40.0,115.76 M
2019-06-14 21:51:49,38.0,112.70 M
2019-06-14 21:51:51,40.0,114.90 M
2019-06-14 21:51:53,41.0,117.17 M
2019-06-14 21:51:55,39.0,114.67 M
2019-06-14 21:51:57,41.0,116.52 M
2019-06-14 21:51:59,44.9,118.52 M
2019-06-14 21:52:01,34.0,116.49 M
2019-06-14 21:52:03,36.0,116.01 M
2019-06-14 21:52:05,47.9,115.60 M
2019-06-14 21:52:07,38.0,116.36 M
2019-06-14 21:52:09,38.0,118.41 M
2019-06-14 21:52:11,41.0,117.52 M
2019-06-14 21:52:13,43.9,118.38 M
2019-06-14 21:52:15,46.0,117.37 M
2019-06-14 21:52:17,39.0,118.46 M
2019-06-14 21:52:19,41.9,117.85 M
2019-06-14 21:52:21,36.0,119.02 M
2019-06-14 21:52:23,38.0,119.21 M
2019-06-14 21:52:25,46.9,121.28 M
2019-06-14 21:52:27,33.0,120.54 M
2019-06-14 21:52:29,40.0,119.71 M
2019-06-14 21:52:31,34.0,117.37 M
2019-06-14 21:52:33,36.0,117.79 M
2019-06-14 21:52:35,26.0,118.48 M
2019-06-14 21:52:37,36.0,116.39 M
2019-06-14 21:52:39,34.0,117.11 M
2019-06-14 21:52:41,37.0,117.77 M
2019-06-14 21:52:43,37.0,118.77 M
2019-06-14 21:52:45,46.9,119.38 M
2019-06-14 21:52:47,39.0,117.94 M
2019-06-14 21:52:49,38.0,120.00 M
2019-06-14 21:52:51,43.9,121.84 M
2019-06-14 21:52:53,36.0,120.57 M
2019-06-14 21:52:55,46.9,120.07 M
2019-06-14 21:52:58,48.9,119.97 M
2019-06-14 21:53:00,43.9,121.18 M
2019-06-14 21:53:02,40.0,121.08 M
2019-06-14 21:53:04,46.9,119.65 M
2019-06-14 21:53:06,43.9,121.68 M
2019-06-14 21:53:08,46.9,122.19 M
2019-06-14 21:53:10,39.0,122.67 M
2019-06-14 21:53:12,47.9,125.73 M
2019-06-14 21:53:14,44.9,126.24 M
2019-06-14 21:53:16,42.0,128.32 M
2019-06-14 21:53:18,45.9,127.93 M
2019-06-14 21:53:20,30.0,128.68 M
2019-06-14 21:53:22,40.0,129.35 M
2019-06-14 21:53:24,40.0,127.93 M
2019-06-14 21:53:26,44.9,123.66 M
2019-06-14 21:53:28,41.0,124.12 M
2019-06-14 21:53:30,41.0,125.09 M
2019-06-14 21:53:32,40.0,126.38 M
2019-06-14 21:53:34,37.0,127.25 M
2019-06-14 21:53:36,42.0,127.61 M
2019-06-14 21:53:38,30.0,127.87 M
2019-06-14 21:53:40,33.0,129.06 M
2019-06-14 21:53:42,45.9,124.55 M
2019-06-14 21:53:44,32.0,126.12 M
2019-06-14 21:53:46,39.0,128.61 M
2019-06-14 21:53:48,43.9,126.14 M
2019-06-14 21:53:50,40.9,126.37 M
2019-06-14 21:53:52,38.0,126.62 M
2019-06-14 21:53:54,46.9,129.37 M
2019-06-14 21:53:56,36.0,129.62 M
2019-06-14 21:53:58,40.0,128.43 M
2019-06-14 21:54:00,45.9,129.80 M
2019-06-14 21:54:02,37.0,132.10 M
2019-06-14 21:54:04,36.0,128.95 M
2019-06-14 21:54:06,35.0,128.96 M
2019-06-14 21:54:08,42.9,128.79 M
2019-06-14 21:54:10,40.0,126.68 M
2019-06-14 21:54:12,30.0,127.97 M
2019-06-14 21:54:14,40.0,130.48 M
2019-06-14 21:54:16,51.0,129.13 M
2019-06-14 21:54:18,37.0,129.10 M
2019-06-14 21:54:20,32.0,131.38 M
2019-06-14 21:54:22,39.0,129.05 M
2019-06-14 21:54:24,41.0,126.16 M
2019-06-14 21:54:26,30.0,128.67 M
2019-06-14 21:54:29,59.0,61.45 M
2019-06-14 21:54:31,49.9,84.75 M
2019-06-14 21:54:33,32.0,90.66 M
2019-06-14 21:54:35,53.0,94.61 M
2019-06-14 21:54:37,54.9,95.70 M
2019-06-14 21:54:39,54.0,96.75 M
2019-06-14 21:54:41,56.9,96.80 M
2019-06-14 21:54:43,45.0,98.05 M
2019-06-14 21:54:45,36.0,98.47 M
2019-06-14 21:54:47,39.0,98.04 M
2019-06-14 21:54:49,41.9,97.62 M
2019-06-14 21:54:51,45.0,99.34 M
2019-06-14 21:54:53,45.9,99.67 M
2019-06-14 21:54:55,40.0,100.26 M
2019-06-14 21:54:57,45.9,102.42 M
2019-06-14 21:54:59,39.9,100.47 M
2019-06-14 21:55:01,42.0,101.02 M
2019-06-14 21:55:03,41.0,96.09 M
2019-06-14 21:55:05,38.0,99.10 M
2019-06-14 21:55:07,42.0,100.63 M
2019-06-14 21:55:09,45.0,100.23 M
2019-06-14 21:55:11,40.9,101.22 M
2019-06-14 21:55:13,36.0,99.41 M
2019-06-14 21:55:15,44.9,102.10 M
2019-06-14 21:55:17,39.0,100.38 M
2019-06-14 21:55:19,35.0,100.76 M
2019-06-14 21:55:21,36.0,102.47 M
2019-06-14 21:55:23,33.0,102.77 M
2019-06-14 21:55:25,44.9,106.94 M
2019-06-14 21:55:27,43.9,101.91 M
2019-06-14 21:55:29,46.0,102.45 M
2019-06-14 21:55:31,45.9,104.59 M
2019-06-14 21:55:33,42.9,104.99 M
2019-06-14 21:55:35,48.0,107.75 M
2019-06-14 21:55:38,57.0,64.02 M
2019-06-14 21:55:40,58.9,88.11 M
2019-06-14 21:55:42,54.9,92.39 M
2019-06-14 21:55:44,47.9,95.00 M
2019-06-14 21:55:46,57.0,95.10 M
2019-06-14 21:55:50,61.0,65.02 M
2019-06-14 21:55:52,49.0,86.62 M
2019-06-14 21:55:54,50.9,91.55 M
2019-06-14 21:55:56,41.0,94.76 M
2019-06-14 21:55:58,41.0,94.70 M
2019-06-14 21:56:00,51.0,96.84 M
2019-06-14 21:56:02,47.9,100.06 M
2019-06-14 21:56:04,46.9,98.07 M
2019-06-14 21:56:06,44.0,100.98 M
2019-06-14 21:56:08,66.9,64.83 M
2019-06-14 21:56:10,57.0,86.70 M
2019-06-14 21:56:12,39.0,92.50 M
2019-06-14 21:56:14,48.9,93.25 M
2019-06-14 21:56:16,39.0,95.89 M
2019-06-14 21:56:18,40.0,96.00 M
2019-06-14 21:56:20,43.9,98.23 M
2019-06-14 21:56:22,50.9,100.38 M
2019-06-14 21:56:24,36.0,100.17 M
2019-06-14 21:56:26,39.0,98.80 M
2019-06-14 21:56:28,46.9,98.88 M
2019-06-14 21:56:30,42.9,101.02 M
2019-06-14 21:56:32,42.9,101.60 M
2019-06-14 21:56:34,41.9,100.21 M
2019-06-14 21:56:36,42.0,100.78 M
2019-06-14 21:56:38,42.9,101.89 M
2019-06-14 21:56:40,42.9,99.60 M
2019-06-14 21:56:42,44.9,100.05 M
2019-06-14 21:56:44,42.0,100.70 M
2019-06-14 21:56:46,54.9,99.33 M
2019-06-14 21:56:48,38.0,99.29 M
2019-06-14 21:56:50,28.0,101.55 M
2019-06-14 21:56:52,37.0,101.38 M
2019-06-14 21:56:54,42.0,103.98 M
2019-06-14 21:56:56,36.0,100.97 M
2019-06-14 21:56:58,37.0,101.74 M
2019-06-14 21:57:00,40.0,103.22 M
2019-06-14 21:57:02,38.0,103.32 M
2019-06-14 21:57:04,35.0,104.88 M
2019-06-14 21:57:06,36.0,104.08 M
2019-06-14 21:57:08,34.0,103.21 M
2019-06-14 21:57:10,36.0,104.21 M
2019-06-14 21:57:12,40.9,104.89 M
2019-06-14 21:57:14,39.0,105.28 M
2019-06-14 21:57:16,43.0,105.52 M
2019-06-14 21:57:18,41.0,105.89 M
2019-06-14 21:57:20,36.0,107.75 M
2019-06-14 21:57:22,39.0,107.74 M
2019-06-14 21:57:24,40.9,107.42 M
2019-06-14 21:57:26,51.9,109.08 M
2019-06-14 21:57:28,45.9,109.98 M
2019-06-14 21:57:30,44.0,110.26 M
2019-06-14 21:57:32,44.9,112.51 M
2019-06-14 21:57:34,42.0,109.59 M
2019-06-14 21:57:36,44.0,110.60 M
2019-06-14 21:57:38,45.9,113.65 M
2019-06-14 21:57:40,29.0,113.91 M
2019-06-14 21:57:42,34.0,113.64 M
2019-06-14 21:57:44,36.0,111.60 M
2019-06-14 21:57:46,41.0,110.94 M
2019-06-14 21:57:48,40.9,112.09 M
2019-06-14 21:57:50,47.9,114.16 M
2019-06-14 21:57:52,43.9,111.88 M
2019-06-14 21:57:54,39.0,110.16 M
2019-06-14 21:57:56,48.9,111.45 M
2019-06-14 21:57:58,37.0,111.23 M
2019-06-14 21:58:00,40.0,112.85 M
2019-06-14 21:58:02,40.0,112.84 M
2019-06-14 21:58:04,33.0,114.14 M
2019-06-14 21:58:06,39.0,113.80 M
2019-06-14 21:58:08,44.0,111.05 M
2019-06-14 21:58:10,50.9,111.58 M
2019-06-14 21:58:12,45.0,114.51 M
2019-06-14 21:58:14,36.0,115.53 M
2019-06-14 21:58:16,53.9,117.81 M
2019-06-14 21:58:18,42.0,117.49 M
2019-06-14 21:58:20,50.9,117.23 M
2019-06-14 21:58:22,41.9,118.13 M
2019-06-14 21:58:24,40.0,121.15 M
2019-06-14 21:58:26,44.9,121.22 M
2019-06-14 21:58:28,41.0,123.77 M
2019-06-14 21:58:30,37.0,118.29 M
2019-06-14 21:58:32,43.9,121.33 M
2019-06-14 21:58:34,45.9,119.90 M
2019-06-14 21:58:36,39.0,116.51 M
2019-06-14 21:58:39,39.0,119.38 M
2019-06-14 21:58:41,34.0,121.59 M
2019-06-14 21:58:43,42.0,121.83 M
2019-06-14 21:58:45,36.0,119.65 M
2019-06-14 21:58:47,46.9,120.61 M
2019-06-14 21:58:49,40.0,120.25 M
2019-06-14 21:58:51,47.9,119.62 M
2019-06-14 21:58:53,46.9,118.80 M
2019-06-14 21:58:55,41.0,120.57 M
2019-06-14 21:58:57,42.0,123.60 M
2019-06-14 21:58:59,38.0,120.48 M
2019-06-14 21:59:01,40.0,121.04 M
2019-06-14 21:59:03,43.0,122.20 M
2019-06-14 21:59:05,42.9,121.04 M
2019-06-14 21:59:07,44.0,121.00 M
2019-06-14 21:59:09,40.9,123.21 M
2019-06-14 21:59:11,28.0,121.00 M
2019-06-14 21:59:13,34.0,120.12 M
2019-06-14 21:59:15,39.0,120.15 M
2019-06-14 21:59:17,36.0,120.04 M
2019-06-14 21:59:19,50.9,123.31 M
2019-06-14 21:59:21,44.0,124.55 M
2019-06-14 21:59:23,39.0,126.59 M
2019-06-14 21:59:25,34.0,128.34 M
2019-06-14 21:59:27,52.9,128.81 M
2019-06-14 21:59:29,38.0,131.34 M
2019-06-14 21:59:31,38.0,132.21 M
2019-06-14 21:59:33,31.0,132.72 M
2019-06-14 21:59:35,33.0,135.49 M
2019-06-14 21:59:37,37.0,129.71 M
2019-06-14 21:59:39,51.9,129.29 M
2019-06-14 21:59:41,45.9,128.45 M
2019-06-14 21:59:43,41.0,129.20 M
2019-06-14 21:59:45,37.0,132.20 M
2019-06-14 21:59:47,46.9,132.84 M
2019-06-14 21:59:49,39.0,133.66 M
2019-06-14 21:59:51,31.0,131.00 M
2019-06-14 21:59:53,47.9,130.04 M
2019-06-14 21:59:55,42.9,131.25 M
2019-06-14 21:59:57,35.0,131.25 M
2019-06-14 21:59:59,46.9,132.62 M
2019-06-14 22:00:01,42.0,132.70 M
2019-06-14 22:00:03,43.9,133.94 M
2019-06-14 22:00:05,37.0,136.22 M
2019-06-14 22:00:07,38.0,135.77 M
2019-06-14 22:00:09,32.0,136.96 M
2019-06-14 22:00:11,41.0,137.58 M
2019-06-14 22:00:13,45.9,133.75 M
2019-06-14 22:00:15,41.9,134.37 M
2019-06-14 22:00:17,45.0,135.97 M
2019-06-14 22:00:19,43.0,135.65 M
2019-06-14 22:00:21,43.0,134.68 M
2019-06-14 22:00:23,44.9,136.37 M
2019-06-14 22:00:25,46.9,136.45 M
2019-06-14 22:00:27,42.0,138.88 M
2019-06-14 22:00:29,37.0,135.00 M
2019-06-14 22:00:31,44.9,137.53 M
2019-06-14 22:00:33,38.0,137.88 M
2019-06-14 22:00:35,41.9,137.88 M
2019-06-14 22:00:37,32.0,139.62 M
2019-06-14 22:00:39,35.0,142.39 M
2019-06-14 22:00:41,39.0,143.16 M
2019-06-14 22:00:43,35.0,141.14 M
2019-06-14 22:00:45,38.0,138.57 M
2019-06-14 22:00:47,34.0,138.83 M
2019-06-14 22:00:49,38.0,140.04 M
2019-06-14 22:00:51,43.0,141.57 M
2019-06-14 22:00:53,35.0,143.16 M
2019-06-14 22:00:55,41.0,140.60 M
2019-06-14 22:00:57,44.9,141.95 M
2019-06-14 22:00:59,45.9,140.68 M
2019-06-14 22:01:01,44.9,139.01 M
2019-06-14 22:01:03,47.9,139.48 M
2019-06-14 22:01:05,39.0,139.99 M
2019-06-14 22:01:08,68.0,65.72 M
2019-06-14 22:01:10,54.9,86.29 M
2019-06-14 22:01:12,49.9,92.46 M
2019-06-14 22:01:14,46.9,95.51 M
2019-06-14 22:01:16,48.9,96.61 M
2019-06-14 22:01:18,41.0,97.63 M
2019-06-14 22:01:20,46.0,98.12 M
2019-06-14 22:01:22,49.0,98.28 M
2019-06-14 22:01:24,42.0,97.17 M
2019-06-14 22:01:26,41.0,97.67 M
2019-06-14 22:01:28,48.9,96.48 M
2019-06-14 22:01:30,42.9,97.28 M
2019-06-14 22:01:33,43.0,99.53 M
2019-06-14 22:01:35,41.0,99.72 M
2019-06-14 22:01:37,43.9,99.75 M
2019-06-14 22:01:39,42.0,101.10 M
2019-06-14 22:01:41,37.0,99.70 M
2019-06-14 22:01:43,42.0,101.71 M
2019-06-14 22:01:45,45.9,100.55 M
2019-06-14 22:01:47,45.0,103.23 M
2019-06-14 22:01:49,43.0,99.75 M
2019-06-14 22:01:51,40.0,100.77 M
2019-06-14 22:01:53,40.9,103.41 M
2019-06-14 22:01:55,39.0,103.25 M
2019-06-14 22:01:57,49.0,104.36 M
2019-06-14 22:01:59,43.0,102.57 M
2019-06-14 22:02:01,32.0,103.95 M
2019-06-14 22:02:03,37.0,105.22 M
2019-06-14 22:02:05,37.0,102.66 M
2019-06-14 22:02:07,46.9,102.62 M
2019-06-14 22:02:09,53.9,103.36 M
2019-06-14 22:02:11,46.9,105.54 M
2019-06-14 22:02:13,33.0,106.79 M
2019-06-14 22:02:15,37.0,105.31 M
2019-06-14 22:02:17,43.0,108.17 M
2019-06-14 22:02:19,42.9,106.75 M
2019-06-14 22:02:21,43.9,106.14 M
2019-06-14 22:02:23,45.9,105.25 M
2019-06-14 22:02:25,47.0,106.04 M
2019-06-14 22:02:27,51.9,107.35 M
2019-06-14 22:02:29,45.9,105.18 M
2019-06-14 22:02:31,47.9,104.40 M
2019-06-14 22:02:33,43.0,104.95 M
2019-06-14 22:02:35,41.9,107.40 M
2019-06-14 22:02:37,49.9,109.30 M
2019-06-14 22:02:39,49.9,108.92 M
2019-06-14 22:02:41,47.9,108.93 M
2019-06-14 22:02:43,38.0,110.98 M
2019-06-14 22:02:45,36.0,113.81 M
2019-06-14 22:02:47,39.0,111.29 M
2019-06-14 22:02:49,42.9,112.26 M
2019-06-14 22:02:51,45.9,113.13 M
2019-06-14 22:02:53,42.9,113.65 M
2019-06-14 22:02:55,41.0,113.11 M
2019-06-14 22:02:57,41.9,112.16 M
2019-06-14 22:02:59,41.0,114.24 M
2019-06-14 22:03:01,52.9,114.99 M
2019-06-14 22:03:03,45.0,115.76 M
2019-06-14 22:03:05,42.0,118.36 M
2019-06-14 22:03:07,35.0,119.14 M
2019-06-14 22:03:09,38.0,120.71 M
2019-06-14 22:03:11,42.0,121.98 M
2019-06-14 22:03:13,39.0,124.31 M
2019-06-14 22:03:15,35.0,117.84 M
2019-06-14 22:03:17,44.0,117.90 M
2019-06-14 22:03:19,38.0,114.90 M
2019-06-14 22:03:21,41.0,117.27 M
2019-06-14 22:03:23,46.9,115.71 M
2019-06-14 22:03:25,37.0,116.23 M
2019-06-14 22:03:27,39.0,117.70 M
2019-06-14 22:03:29,45.0,119.48 M
2019-06-14 22:03:31,43.9,116.09 M
2019-06-14 22:03:33,43.0,117.77 M
2019-06-14 22:03:35,37.0,120.87 M
2019-06-14 22:03:37,42.0,121.90 M
2019-06-14 22:03:39,41.0,124.73 M
2019-06-14 22:03:41,46.0,117.95 M
2019-06-14 22:03:43,42.9,118.64 M
2019-06-14 22:03:45,43.9,119.78 M
2019-06-14 22:03:47,37.0,122.88 M
2019-06-14 22:03:49,38.0,124.70 M
2019-06-14 22:03:51,44.9,125.71 M
2019-06-14 22:03:53,40.0,127.53 M
2019-06-14 22:03:55,34.0,124.87 M
2019-06-14 22:03:57,39.0,125.13 M
2019-06-14 22:03:59,32.0,127.44 M
2019-06-14 22:04:01,32.0,120.88 M
2019-06-14 22:04:03,37.0,121.03 M
2019-06-14 22:04:05,45.9,121.50 M
2019-06-14 22:04:07,44.9,121.78 M
2019-06-14 22:04:09,46.9,122.43 M
2019-06-14 22:04:11,43.9,123.79 M
2019-06-14 22:04:13,40.0,124.54 M
2019-06-14 22:04:15,41.9,125.25 M
2019-06-14 22:04:17,42.9,123.71 M
2019-06-14 22:04:19,39.0,127.03 M
2019-06-14 22:04:21,39.0,124.00 M
2019-06-14 22:04:23,36.0,122.68 M
2019-06-14 22:04:25,37.0,123.45 M
2019-06-14 22:04:27,38.0,125.11 M
2019-06-14 22:04:29,42.0,126.86 M
2019-06-14 22:04:31,32.0,130.20 M
2019-06-14 22:04:33,42.9,126.43 M
2019-06-14 22:04:35,38.0,128.73 M
2019-06-14 22:04:37,40.0,126.72 M
2019-06-14 22:04:39,41.0,128.00 M
2019-06-14 22:04:41,48.0,129.71 M
2019-06-14 22:04:43,43.9,128.39 M
2019-06-14 22:04:46,41.0,128.39 M
2019-06-14 22:04:48,42.0,129.40 M
2019-06-14 22:04:50,40.0,127.80 M
2019-06-14 22:04:52,37.0,128.22 M
2019-06-14 22:04:54,52.0,127.79 M
2019-06-14 22:04:56,47.9,129.48 M
2019-06-14 22:04:58,41.0,130.93 M
2019-06-14 22:05:00,44.0,132.56 M
2019-06-14 22:05:02,41.0,134.74 M
2019-06-14 22:05:04,30.0,133.51 M
2019-06-14 22:05:06,28.0,131.53 M
2019-06-14 22:05:08,38.0,130.70 M
2019-06-14 22:05:10,36.0,130.84 M
2019-06-14 22:05:12,50.0,131.50 M
2019-06-14 22:05:14,42.9,134.22 M
2019-06-14 22:05:16,42.9,134.07 M
2019-06-14 22:05:18,39.0,132.88 M
2019-06-14 22:05:20,44.9,135.45 M
2019-06-14 22:05:22,42.9,135.03 M
2019-06-14 22:05:24,30.0,136.68 M
2019-06-14 22:05:26,36.0,134.39 M
2019-06-14 22:05:28,41.9,135.02 M
2019-06-14 22:05:30,35.0,134.20 M
2019-06-14 22:05:32,40.9,136.24 M
2019-06-14 22:05:34,44.9,135.95 M
2019-06-14 22:05:36,39.0,136.62 M
2019-06-14 22:05:38,39.0,139.19 M
2019-06-14 22:05:40,34.0,136.82 M
2019-06-14 22:05:42,43.0,137.24 M
2019-06-14 22:05:44,50.9,134.75 M
2019-06-14 22:05:46,44.9,136.16 M
2019-06-14 22:05:48,34.0,136.36 M
2019-06-14 22:05:50,58.0,136.66 M
2019-06-14 22:05:52,41.9,138.87 M
2019-06-14 22:05:54,40.0,141.41 M
2019-06-14 22:05:56,39.0,141.93 M
2019-06-14 22:05:58,39.0,142.21 M
2019-06-14 22:06:00,41.0,143.74 M
2019-06-14 22:06:02,41.9,144.73 M
2019-06-14 22:06:04,40.0,141.24 M
2019-06-14 22:06:06,37.0,139.37 M
2019-06-14 22:06:10,63.9,64.07 M
2019-06-14 22:06:12,46.0,84.15 M
2019-06-14 22:06:14,55.9,91.62 M
2019-06-14 22:06:16,50.9,93.81 M
2019-06-14 22:06:18,48.9,93.57 M
2019-06-14 22:06:20,50.0,94.36 M
2019-06-14 22:06:22,62.0,95.15 M
2019-06-14 22:06:24,53.0,96.07 M
2019-06-14 22:06:26,40.0,95.89 M
2019-06-14 22:06:28,47.9,97.80 M
2019-06-14 22:06:30,43.9,97.08 M
2019-06-14 22:06:32,42.9,97.50 M
2019-06-14 22:06:34,39.0,99.90 M
2019-06-14 22:06:36,43.0,96.88 M
2019-06-14 22:06:38,40.9,98.18 M
2019-06-14 22:06:40,38.0,99.79 M
2019-06-14 22:06:42,32.0,99.64 M
2019-06-14 22:06:44,31.0,99.91 M
2019-06-14 22:06:46,44.0,100.27 M
2019-06-14 22:06:48,40.0,99.78 M
2019-06-14 22:06:50,46.0,98.83 M
2019-06-14 22:06:52,43.9,99.40 M
2019-06-14 22:06:54,44.9,97.30 M
2019-06-14 22:06:56,51.9,98.04 M
2019-06-14 22:06:58,44.0,98.93 M
2019-06-14 22:07:00,44.9,99.29 M
2019-06-14 22:07:02,43.9,100.91 M
2019-06-14 22:07:04,44.0,101.66 M
2019-06-14 22:07:06,37.0,100.98 M
2019-06-14 22:07:08,41.0,101.82 M
2019-06-14 22:07:10,41.0,104.21 M
2019-06-14 22:07:12,40.0,102.26 M
2019-06-14 22:07:14,53.0,102.60 M
2019-06-14 22:07:16,47.0,100.40 M
2019-06-14 22:07:18,43.9,101.23 M
2019-06-14 22:07:20,34.0,101.28 M
2019-06-14 22:07:22,42.9,99.90 M
2019-06-14 22:07:24,42.9,100.21 M
2019-06-14 22:07:26,40.0,102.29 M
2019-06-14 22:07:28,43.9,101.76 M
2019-06-14 22:07:30,40.0,103.26 M
2019-06-14 22:07:32,33.0,102.11 M
2019-06-14 22:07:35,44.0,103.13 M
2019-06-14 22:07:37,33.0,103.60 M
2019-06-14 22:07:39,31.0,103.21 M
2019-06-14 22:07:41,35.0,103.50 M
2019-06-14 22:07:43,30.0,103.81 M
2019-06-14 22:07:45,43.0,103.74 M
2019-06-14 22:07:47,38.0,106.29 M
2019-06-14 22:07:49,38.0,106.79 M
2019-06-14 22:07:51,42.9,104.76 M
2019-06-14 22:07:53,44.0,105.38 M
2019-06-14 22:07:55,47.0,106.60 M
2019-06-14 22:07:57,37.0,108.16 M
2019-06-14 22:07:59,32.0,105.93 M
2019-06-14 22:08:01,32.0,107.20 M
2019-06-14 22:08:03,36.0,108.27 M
2019-06-14 22:08:05,39.0,106.40 M
2019-06-14 22:08:07,42.0,105.23 M
2019-06-14 22:08:09,45.9,106.21 M
2019-06-14 22:08:11,39.0,103.93 M
2019-06-14 22:08:13,41.0,107.18 M
2019-06-14 22:08:15,33.0,107.48 M
2019-06-14 22:08:17,37.0,106.80 M
2019-06-14 22:08:19,32.0,108.09 M
2019-06-14 22:08:21,48.0,107.11 M
2019-06-14 22:08:23,47.9,107.76 M
2019-06-14 22:08:25,36.0,108.52 M
2019-06-14 22:08:27,38.0,111.59 M
2019-06-14 22:08:29,36.0,110.53 M
2019-06-14 22:08:31,37.0,111.48 M
2019-06-14 22:08:33,33.0,114.29 M
2019-06-14 22:08:35,45.0,113.65 M
2019-06-14 22:08:37,39.0,113.65 M
2019-06-14 22:08:39,47.0,113.24 M
2019-06-14 22:08:41,38.0,113.38 M
2019-06-14 22:08:43,35.0,109.54 M
2019-06-14 22:08:45,39.0,111.84 M
2019-06-14 22:08:47,38.0,110.79 M
2019-06-14 22:08:49,41.0,110.09 M
2019-06-14 22:08:51,43.9,108.68 M
2019-06-14 22:08:53,48.0,110.86 M
2019-06-14 22:08:55,35.0,110.23 M
2019-06-14 22:08:57,31.0,112.01 M
2019-06-14 22:08:59,32.0,113.19 M
2019-06-14 22:09:01,36.0,111.29 M
2019-06-14 22:09:03,35.0,110.16 M
2019-06-14 22:09:05,36.0,110.39 M
2019-06-14 22:09:07,38.0,110.70 M
2019-06-14 22:09:09,38.0,112.24 M
2019-06-14 22:09:11,40.0,110.90 M
2019-06-14 22:09:13,49.0,109.88 M
2019-06-14 22:09:15,42.0,110.42 M
2019-06-14 22:09:17,50.9,110.90 M
2019-06-14 22:09:19,40.0,110.89 M
2019-06-14 22:09:21,42.0,110.80 M
2019-06-14 22:09:23,41.0,113.71 M
2019-06-14 22:09:25,38.0,111.02 M
2019-06-14 22:09:27,42.9,113.06 M
2019-06-14 22:09:29,37.0,115.61 M
2019-06-14 22:09:31,49.0,113.80 M
2019-06-14 22:09:33,41.0,111.50 M
2019-06-14 22:09:35,48.0,113.29 M
2019-06-14 22:09:37,49.9,113.69 M
2019-06-14 22:09:39,46.0,111.50 M
2019-06-14 22:09:41,56.0,112.12 M
2019-06-14 22:09:43,47.9,113.12 M
2019-06-14 22:09:45,30.0,114.66 M
2019-06-14 22:09:47,38.0,115.67 M
2019-06-14 22:09:49,41.9,116.30 M
2019-06-14 22:09:51,41.0,115.87 M
2019-06-14 22:09:53,47.0,118.37 M
2019-06-14 22:09:55,43.0,113.80 M
2019-06-14 22:09:57,38.0,114.50 M
2019-06-14 22:09:59,44.9,114.02 M
2019-06-14 22:10:01,38.0,114.41 M
2019-06-14 22:10:03,42.0,115.75 M
2019-06-14 22:10:05,47.9,116.71 M
2019-06-14 22:10:07,39.0,118.99 M
2019-06-14 22:10:09,38.0,120.84 M
2019-06-14 22:10:11,45.9,122.48 M
2019-06-14 22:10:13,40.9,124.14 M
2019-06-14 22:10:15,45.0,123.24 M
2019-06-14 22:10:17,42.0,121.34 M
2019-06-14 22:10:19,35.0,116.75 M
2019-06-14 22:10:21,39.0,117.74 M
2019-06-14 22:10:23,40.0,117.82 M
2019-06-14 22:10:25,45.9,118.68 M
2019-06-14 22:10:27,38.0,116.36 M
2019-06-14 22:10:29,37.0,116.82 M
2019-06-14 22:10:31,47.0,118.12 M
2019-06-14 22:10:33,45.0,117.81 M
2019-06-14 22:10:35,44.0,121.36 M
2019-06-14 22:10:37,40.0,122.79 M
2019-06-14 22:10:39,34.0,120.36 M
2019-06-14 22:10:41,35.0,120.52 M
2019-06-14 22:10:43,36.0,118.70 M
2019-06-14 22:10:45,43.9,118.86 M
2019-06-14 22:10:47,45.9,119.66 M
2019-06-14 22:10:50,48.9,119.64 M
2019-06-14 22:10:52,42.0,119.99 M
2019-06-14 22:10:54,41.0,121.16 M
2019-06-14 22:10:56,36.0,122.45 M
2019-06-14 22:10:58,41.0,121.71 M
2019-06-14 22:11:00,49.0,121.20 M
2019-06-14 22:11:02,39.0,121.46 M
2019-06-14 22:11:04,41.0,123.88 M
2019-06-14 22:11:06,48.9,124.24 M
2019-06-14 22:11:08,42.0,120.73 M
2019-06-14 22:11:12,56.9,63.83 M
2019-06-14 22:11:14,56.9,85.63 M
2019-06-14 22:11:16,43.9,92.15 M
2019-06-14 22:11:18,48.9,93.84 M
2019-06-14 22:11:20,52.9,95.57 M
2019-06-14 22:11:22,50.0,96.66 M
2019-06-14 22:11:24,41.0,97.74 M
2019-06-14 22:11:26,37.0,98.39 M
2019-06-14 22:11:28,47.0,97.30 M
2019-06-14 22:11:30,56.9,97.63 M
2019-06-14 22:11:32,46.9,97.46 M
2019-06-14 22:11:34,54.9,97.96 M
2019-06-14 22:11:36,56.0,98.48 M
2019-06-14 22:11:38,41.0,99.52 M
2019-06-14 22:11:40,46.9,100.80 M
2019-06-14 22:11:42,42.9,102.94 M
2019-06-14 22:11:44,47.0,96.35 M
2019-06-14 22:11:46,36.0,96.53 M
2019-06-14 22:11:48,45.9,99.58 M
2019-06-14 22:11:50,47.0,99.25 M
2019-06-14 22:11:52,41.9,101.76 M
2019-06-14 22:11:54,55.9,102.49 M
2019-06-14 22:11:56,39.0,100.23 M
2019-06-14 22:11:58,37.0,101.42 M
2019-06-14 22:12:00,35.0,101.56 M
2019-06-14 22:12:02,42.9,101.66 M
2019-06-14 22:12:04,46.0,104.22 M
2019-06-14 22:12:06,47.9,102.28 M
2019-06-14 22:12:08,42.0,102.87 M
2019-06-14 22:12:10,50.9,101.95 M
2019-06-14 22:12:12,44.0,104.08 M
2019-06-14 22:12:14,46.0,101.17 M
2019-06-14 22:12:16,39.0,104.37 M
2019-06-14 22:12:18,34.0,105.61 M
2019-06-14 22:12:20,45.9,106.08 M
2019-06-14 22:12:22,39.0,104.08 M
2019-06-14 22:12:24,42.0,104.47 M
2019-06-14 22:12:26,42.9,103.86 M
2019-06-14 22:12:28,42.0,106.70 M
2019-06-14 22:12:30,51.9,104.38 M
2019-06-14 22:12:32,40.0,105.07 M
2019-06-14 22:12:34,48.0,108.41 M
2019-06-14 22:12:36,40.0,109.66 M
2019-06-14 22:12:38,39.0,107.32 M
2019-06-14 22:12:40,40.0,106.27 M
2019-06-14 22:12:42,49.9,109.55 M
2019-06-14 22:12:44,43.0,107.43 M
2019-06-14 22:12:46,34.0,107.76 M
2019-06-14 22:12:48,34.0,107.86 M
2019-06-14 22:12:50,42.0,107.21 M
2019-06-14 22:12:52,50.0,107.22 M
2019-06-14 22:12:54,50.9,108.93 M
2019-06-14 22:12:56,48.9,108.16 M
2019-06-14 22:12:58,43.9,108.68 M
2019-06-14 22:13:00,30.0,110.89 M
2019-06-14 22:13:02,30.0,111.09 M
2019-06-14 22:13:04,39.9,109.66 M
2019-06-14 22:13:06,40.0,112.11 M
2019-06-14 22:13:08,46.0,112.10 M
2019-06-14 22:13:10,40.0,112.07 M
2019-06-14 22:13:12,41.0,109.65 M
2019-06-14 22:13:14,43.9,111.07 M
2019-06-14 22:13:16,36.0,110.95 M
2019-06-14 22:13:18,40.0,113.21 M
2019-06-14 22:13:20,38.0,112.74 M
2019-06-14 22:13:22,37.0,113.16 M
2019-06-14 22:13:24,35.0,111.94 M
2019-06-14 22:13:26,38.0,112.04 M
2019-06-14 22:13:28,35.0,112.80 M
2019-06-14 22:13:30,40.0,111.62 M
2019-06-14 22:13:32,43.9,110.14 M
2019-06-14 22:13:34,43.9,111.70 M
2019-06-14 22:13:36,51.0,112.61 M
2019-06-14 22:13:39,42.9,113.82 M
2019-06-14 22:13:41,43.9,116.00 M
2019-06-14 22:13:43,39.0,116.75 M
2019-06-14 22:13:45,40.0,118.48 M
2019-06-14 22:13:47,39.0,119.00 M
2019-06-14 22:13:49,39.0,117.66 M
2019-06-14 22:13:51,35.0,118.33 M
2019-06-14 22:13:53,34.0,120.78 M
2019-06-14 22:13:55,37.0,121.29 M
2019-06-14 22:13:57,41.0,124.31 M
2019-06-14 22:13:59,46.9,118.18 M
2019-06-14 22:14:01,50.0,118.45 M
2019-06-14 22:14:03,42.0,121.14 M
2019-06-14 22:14:05,43.9,120.11 M
2019-06-14 22:14:07,41.0,120.38 M
2019-06-14 22:14:09,36.0,118.41 M
2019-06-14 22:14:11,38.0,119.20 M
2019-06-14 22:14:13,42.9,121.49 M
2019-06-14 22:14:15,45.9,119.05 M
2019-06-14 22:14:17,36.0,119.20 M
2019-06-14 22:14:19,36.0,121.24 M
2019-06-14 22:14:21,41.0,120.66 M
2019-06-14 22:14:23,33.0,118.54 M
2019-06-14 22:14:25,48.0,121.54 M
2019-06-14 22:14:27,32.0,120.18 M
2019-06-14 22:14:29,34.0,119.50 M
2019-06-14 22:14:31,42.0,120.34 M
2019-06-14 22:14:33,39.0,119.92 M
2019-06-14 22:14:35,46.0,120.82 M
2019-06-14 22:14:37,42.9,121.59 M
2019-06-14 22:14:39,40.9,122.50 M
2019-06-14 22:14:41,44.9,126.22 M
2019-06-14 22:14:43,38.0,122.03 M
2019-06-14 22:14:45,39.0,121.46 M
2019-06-14 22:14:47,43.9,122.29 M
2019-06-14 22:14:49,46.0,123.14 M
2019-06-14 22:14:51,41.0,124.29 M
2019-06-14 22:14:53,48.0,122.41 M
2019-06-14 22:14:55,38.0,120.42 M
2019-06-14 22:14:57,45.9,121.43 M
2019-06-14 22:14:59,43.0,123.36 M
2019-06-14 22:15:01,42.0,124.03 M
2019-06-14 22:15:03,43.0,125.98 M
2019-06-14 22:15:05,44.9,127.93 M
2019-06-14 22:15:07,42.0,130.24 M
2019-06-14 22:15:09,47.9,127.77 M
2019-06-14 22:15:11,40.0,126.80 M
2019-06-14 22:15:13,40.0,123.95 M
2019-06-14 22:15:15,39.0,125.21 M
2019-06-14 22:15:17,43.9,125.28 M
2019-06-14 22:15:19,38.0,125.74 M
2019-06-14 22:15:21,36.0,125.00 M
2019-06-14 22:15:23,53.0,124.72 M
2019-06-14 22:15:25,49.9,127.96 M
2019-06-14 22:15:27,41.0,129.00 M
2019-06-14 22:15:29,41.0,131.74 M
2019-06-14 22:15:31,34.0,128.91 M
2019-06-14 22:15:33,37.0,130.07 M
2019-06-14 22:15:35,39.0,126.69 M
2019-06-14 22:15:37,41.9,127.52 M
2019-06-14 22:15:39,44.9,127.64 M
2019-06-14 22:15:41,49.0,125.78 M
2019-06-14 22:15:43,42.0,127.04 M
2019-06-14 22:15:45,45.0,127.18 M
2019-06-14 22:15:47,39.0,130.15 M
2019-06-14 22:15:49,38.0,131.57 M
2019-06-14 22:15:51,37.0,132.60 M
2019-06-14 22:15:53,38.0,133.77 M
2019-06-14 22:15:55,42.0,134.76 M
2019-06-14 22:15:57,31.0,136.71 M
2019-06-14 22:15:59,42.9,129.09 M
2019-06-14 22:16:01,48.9,130.05 M
2019-06-14 22:16:03,35.0,130.47 M
2019-06-14 22:16:05,29.0,132.50 M
2019-06-14 22:16:07,31.0,132.68 M
2019-06-14 22:16:09,45.9,132.12 M
2019-06-14 22:16:12,70.0,68.89 M
2019-06-14 22:16:14,52.0,90.46 M
2019-06-14 22:16:16,55.9,92.56 M
2019-06-14 22:16:18,53.0,93.16 M
2019-06-14 22:16:20,61.0,95.27 M
2019-06-14 22:16:22,52.9,97.02 M
2019-06-14 22:16:24,50.9,92.62 M
2019-06-14 22:16:26,48.9,95.30 M
2019-06-14 22:16:28,51.9,93.60 M
2019-06-14 22:16:30,49.9,96.00 M
2019-06-14 22:16:32,44.9,99.22 M
2019-06-14 22:16:34,41.0,97.85 M
2019-06-14 22:16:36,49.9,100.43 M
2019-06-14 22:16:38,43.0,99.31 M
2019-06-14 22:16:40,37.0,101.46 M
2019-06-14 22:16:42,52.9,96.83 M
2019-06-14 22:16:44,55.0,99.29 M
2019-06-14 22:16:46,50.9,100.23 M
2019-06-14 22:16:48,51.9,103.05 M
2019-06-14 22:16:51,48.9,99.71 M
2019-06-14 22:16:53,48.9,101.15 M
2019-06-14 22:16:55,50.0,101.73 M
2019-06-14 22:16:57,45.9,98.18 M
2019-06-14 22:16:59,39.0,100.75 M
2019-06-14 22:17:01,48.0,101.32 M
2019-06-14 22:17:03,51.9,101.69 M
2019-06-14 22:17:05,48.9,103.55 M
2019-06-14 22:17:07,51.9,104.27 M
2019-06-14 22:17:09,43.0,102.51 M
2019-06-14 22:17:11,44.0,104.31 M
2019-06-14 22:17:13,51.0,102.18 M
2019-06-14 22:17:15,49.9,103.26 M
2019-06-14 22:17:17,55.0,104.86 M
2019-06-14 22:17:19,52.0,105.41 M
2019-06-14 22:17:21,50.9,106.01 M
2019-06-14 22:17:23,41.0,105.64 M
2019-06-14 22:17:25,47.9,106.45 M
2019-06-14 22:17:27,44.9,105.68 M
2019-06-14 22:17:29,49.9,105.77 M
2019-06-14 22:17:31,49.0,103.46 M
2019-06-14 22:17:33,41.0,105.67 M
2019-06-14 22:17:35,51.9,103.67 M
2019-06-14 22:17:37,43.9,102.84 M
2019-06-14 22:17:39,42.0,102.59 M
2019-06-14 22:17:41,48.9,104.39 M
2019-06-14 22:17:43,43.0,106.94 M
2019-06-14 22:17:45,44.0,101.97 M
2019-06-14 22:17:47,49.0,102.93 M
2019-06-14 22:17:49,48.9,104.64 M
2019-06-14 22:17:51,43.9,105.68 M
2019-06-14 22:17:53,49.9,105.99 M
2019-06-14 22:17:55,50.9,109.13 M
2019-06-14 22:17:57,43.0,104.29 M
2019-06-14 22:17:59,42.0,107.48 M
2019-06-14 22:18:01,38.0,108.48 M
2019-06-14 22:18:03,48.9,102.70 M
2019-06-14 22:18:05,41.0,105.52 M
2019-06-14 22:18:07,41.0,109.36 M
2019-06-14 22:18:09,35.0,107.41 M
2019-06-14 22:18:11,45.0,107.89 M
2019-06-14 22:18:13,43.0,109.45 M
2019-06-14 22:18:15,44.0,106.80 M
2019-06-14 22:18:17,49.9,107.61 M
2019-06-14 22:18:19,48.9,107.84 M
2019-06-14 22:18:21,56.9,110.85 M
2019-06-14 22:18:23,49.9,111.73 M
2019-06-14 22:18:25,45.9,113.67 M
2019-06-14 22:18:27,42.0,112.43 M
2019-06-14 22:18:29,43.0,109.85 M
2019-06-14 22:18:31,36.0,109.09 M
2019-06-14 22:18:33,40.0,109.44 M
2019-06-14 22:18:35,51.9,108.92 M
2019-06-14 22:18:37,49.9,107.88 M
2019-06-14 22:18:39,49.9,109.15 M
2019-06-14 22:18:41,49.9,110.59 M
2019-06-14 22:18:43,47.9,103.71 M
2019-06-14 22:18:45,53.9,105.86 M
2019-06-14 22:18:47,50.0,108.98 M
2019-06-14 22:18:49,42.0,110.81 M
2019-06-14 22:18:51,53.0,113.48 M
2019-06-14 22:18:53,39.0,108.28 M
2019-06-14 22:18:55,46.0,106.09 M
2019-06-14 22:18:57,46.0,107.88 M
2019-06-14 22:18:59,52.9,109.61 M
2019-06-14 22:19:01,44.0,105.35 M
2019-06-14 22:19:03,46.0,109.04 M
2019-06-14 22:19:05,53.0,110.21 M
2019-06-14 22:19:07,57.9,111.39 M
2019-06-14 22:19:09,53.0,112.18 M
2019-06-14 22:19:11,51.0,112.80 M
2019-06-14 22:19:13,45.0,113.89 M
2019-06-14 22:19:15,49.9,115.54 M
2019-06-14 22:19:17,47.9,114.77 M
2019-06-14 22:19:19,51.9,113.12 M
2019-06-14 22:19:21,52.9,115.49 M
2019-06-14 22:19:23,46.9,117.02 M
2019-06-14 22:19:25,46.9,113.86 M
2019-06-14 22:19:27,50.9,114.55 M
2019-06-14 22:19:29,52.0,114.41 M
2019-06-14 22:19:31,44.9,113.02 M
2019-06-14 22:19:33,42.0,113.61 M
2019-06-14 22:19:35,43.9,111.77 M
2019-06-14 22:19:37,49.9,112.57 M
2019-06-14 22:19:39,50.9,110.39 M
2019-06-14 22:19:41,41.0,111.29 M
2019-06-14 22:19:43,47.9,111.78 M
2019-06-14 22:19:45,57.9,112.89 M
2019-06-14 22:19:47,53.0,114.38 M
2019-06-14 22:19:49,55.9,115.52 M
2019-06-14 22:19:51,39.0,116.30 M
2019-06-14 22:19:53,40.0,117.75 M
2019-06-14 22:19:55,51.0,117.91 M
2019-06-14 22:19:57,69.0,65.06 M
2019-06-14 22:19:59,58.9,85.90 M
2019-06-14 22:20:01,49.0,91.55 M
2019-06-14 22:20:03,35.0,93.48 M
2019-06-14 22:20:05,36.0,95.69 M
2019-06-14 22:20:07,35.0,97.82 M
2019-06-14 22:20:09,44.9,96.54 M
2019-06-14 22:20:11,40.0,98.94 M
2019-06-14 22:20:13,40.0,97.94 M
2019-06-14 22:20:16,72.0,65.18 M
2019-06-14 22:20:18,53.9,85.31 M
2019-06-14 22:20:20,51.9,91.82 M
2019-06-14 22:20:22,50.0,94.24 M
2019-06-14 22:20:24,49.0,95.96 M
2019-06-14 22:20:27,39.0,97.04 M
2019-06-14 22:20:29,47.9,97.55 M
2019-06-14 22:20:31,53.0,97.34 M
2019-06-14 22:20:33,41.0,97.02 M
2019-06-14 22:20:35,44.0,97.50 M
2019-06-14 22:20:37,52.0,98.03 M
2019-06-14 22:20:39,40.0,98.29 M
2019-06-14 22:20:41,44.9,100.47 M
2019-06-14 22:20:43,44.9,97.14 M
2019-06-14 22:20:45,42.0,98.76 M
2019-06-14 22:20:47,34.0,99.50 M
2019-06-14 22:20:49,36.0,99.85 M
2019-06-14 22:20:51,33.0,96.96 M
2019-06-14 22:20:53,37.0,97.39 M
2019-06-14 22:20:55,32.0,98.90 M
2019-06-14 22:20:57,34.0,99.11 M
2019-06-14 22:20:59,32.0,100.19 M
2019-06-14 22:21:01,32.0,101.85 M
2019-06-14 22:21:03,29.0,99.36 M
2019-06-14 22:21:05,30.0,100.16 M
2019-06-14 22:21:07,33.0,99.82 M
2019-06-14 22:21:09,37.0,98.75 M
2019-06-14 22:21:11,36.0,100.03 M
2019-06-14 22:21:13,44.9,100.11 M
2019-06-14 22:21:15,39.0,99.19 M
2019-06-14 22:21:17,37.0,99.25 M
2019-06-14 22:21:19,46.0,98.97 M
2019-06-14 22:21:21,45.9,99.96 M
2019-06-14 22:21:23,43.9,100.28 M
2019-06-14 22:21:25,40.0,102.82 M
2019-06-14 22:21:27,35.0,99.03 M
2019-06-14 22:21:29,48.9,99.63 M
2019-06-14 22:21:31,39.0,99.89 M
2019-06-14 22:21:33,42.0,101.18 M
2019-06-14 22:21:35,44.9,103.48 M
2019-06-14 22:21:37,44.9,102.62 M
2019-06-14 22:21:39,35.0,103.15 M
2019-06-14 22:21:43,66.9,63.76 M
2019-06-14 22:21:45,51.9,85.93 M
2019-06-14 22:21:47,50.0,93.34 M
2019-06-14 22:21:49,52.9,92.86 M
2019-06-14 22:21:51,49.0,93.82 M
2019-06-14 22:21:53,47.9,95.65 M
2019-06-14 22:21:55,53.0,98.38 M
2019-06-14 22:21:57,44.9,97.57 M
2019-06-14 22:21:59,46.9,98.93 M
2019-06-14 22:22:01,47.9,97.63 M
2019-06-14 22:22:03,39.9,99.32 M
2019-06-14 22:22:05,45.0,99.30 M
2019-06-14 22:22:07,43.9,103.01 M
2019-06-14 22:22:09,37.0,99.45 M
2019-06-14 22:22:11,38.0,97.17 M
2019-06-14 22:22:13,41.0,100.75 M
2019-06-14 22:22:15,40.0,101.46 M
2019-06-14 22:22:17,37.0,102.49 M
2019-06-14 22:22:19,35.0,101.45 M
2019-06-14 22:22:21,41.0,100.32 M
2019-06-14 22:22:23,40.0,103.96 M
2019-06-14 22:22:25,47.9,106.07 M
2019-06-14 22:22:27,45.0,109.02 M
2019-06-14 22:22:29,47.0,110.07 M
2019-06-14 22:22:31,50.9,102.91 M
2019-06-14 22:22:33,43.9,103.15 M
2019-06-14 22:22:35,45.0,105.36 M
2019-06-14 22:22:37,40.0,104.54 M
2019-06-14 22:22:39,36.0,105.77 M
2019-06-14 22:22:41,37.0,105.30 M
2019-06-14 22:22:43,33.0,106.68 M
2019-06-14 22:22:45,37.0,108.35 M
2019-06-14 22:22:47,48.9,105.93 M
2019-06-14 22:22:49,43.0,104.47 M
2019-06-14 22:22:51,54.9,107.68 M
2019-06-14 22:22:53,45.9,107.13 M
2019-06-14 22:22:55,42.9,106.75 M
2019-06-14 22:22:57,41.9,107.55 M
2019-06-14 22:22:59,43.9,110.34 M
2019-06-14 22:23:01,47.9,108.88 M
2019-06-14 22:23:03,46.9,110.55 M
2019-06-14 22:23:05,40.0,111.98 M
2019-06-14 22:23:07,40.9,113.04 M
2019-06-14 22:23:09,52.0,112.84 M
2019-06-14 22:23:11,46.0,115.17 M
2019-06-14 22:23:13,47.9,116.71 M
2019-06-14 22:23:15,49.9,118.53 M
2019-06-14 22:23:17,43.0,117.44 M
2019-06-14 22:23:19,29.0,114.35 M
2019-06-14 22:23:21,35.0,113.82 M
2019-06-14 22:23:24,42.0,114.20 M
2019-06-14 22:23:26,57.9,112.67 M
2019-06-14 22:23:28,41.0,112.83 M
2019-06-14 22:23:30,45.0,113.91 M
2019-06-14 22:23:32,45.9,115.61 M
2019-06-14 22:23:34,42.9,118.18 M
2019-06-14 22:23:36,52.0,118.84 M
2019-06-14 22:23:38,38.0,114.09 M
2019-06-14 22:23:40,46.9,116.75 M
2019-06-14 22:23:42,39.0,119.31 M
2019-06-14 22:23:44,41.0,116.85 M
2019-06-14 22:23:46,44.0,119.42 M
2019-06-14 22:23:48,40.0,115.33 M
2019-06-14 22:23:50,42.0,115.70 M
2019-06-14 22:23:52,37.0,118.58 M
2019-06-14 22:23:54,44.9,119.34 M
2019-06-14 22:23:56,51.9,118.24 M
2019-06-14 22:23:58,51.0,120.05 M
2019-06-14 22:24:00,47.0,120.57 M
2019-06-14 22:24:02,45.9,122.62 M
2019-06-14 22:24:04,34.0,125.18 M
2019-06-14 22:24:06,39.0,124.66 M
2019-06-14 22:24:08,42.0,126.65 M
2019-06-14 22:24:10,35.0,120.10 M
2019-06-14 22:24:12,44.9,120.05 M
2019-06-14 22:24:14,47.9,122.03 M
2019-06-14 22:24:16,49.0,124.20 M
2019-06-14 22:24:18,48.9,125.09 M
2019-06-14 22:24:20,41.0,127.52 M
2019-06-14 22:24:22,44.9,122.08 M
2019-06-14 22:24:24,40.9,124.96 M
2019-06-14 22:24:26,48.9,122.27 M
2019-06-14 22:24:28,48.9,124.77 M
2019-06-14 22:24:30,32.0,126.50 M
2019-06-14 22:24:32,46.0,129.08 M
2019-06-14 22:24:34,47.9,122.68 M
2019-06-14 22:24:36,47.0,125.41 M
2019-06-14 22:24:38,48.9,127.32 M
2019-06-14 22:24:40,44.9,127.70 M
2019-06-14 22:24:42,44.0,125.18 M
2019-06-14 22:24:44,51.9,123.22 M
2019-06-14 22:24:46,41.0,125.61 M
2019-06-14 22:24:48,45.9,129.22 M
2019-06-14 22:24:50,50.0,129.14 M
2019-06-14 22:24:52,50.9,130.49 M
2019-06-14 22:24:54,46.9,131.65 M
2019-06-14 22:24:56,53.9,132.42 M
2019-06-14 22:24:58,42.9,135.25 M
2019-06-14 22:25:00,32.0,134.70 M
2019-06-14 22:25:02,39.0,134.16 M
2019-06-14 22:25:04,43.9,136.96 M
2019-06-14 22:25:06,39.0,131.80 M
2019-06-14 22:25:08,51.0,131.04 M
2019-06-14 22:25:10,44.0,132.21 M
2019-06-14 22:25:12,44.0,132.25 M
2019-06-14 22:25:14,39.0,125.75 M
2019-06-14 22:25:16,30.0,128.84 M
2019-06-14 22:25:18,49.0,131.67 M
2019-06-14 22:25:20,43.9,132.55 M
2019-06-14 22:25:22,38.0,134.61 M
2019-06-14 22:25:24,36.0,138.43 M
2019-06-14 22:25:26,33.0,138.59 M
2019-06-14 22:25:28,38.0,139.85 M
2019-06-14 22:25:30,42.0,133.42 M
2019-06-14 22:25:32,47.0,134.54 M
2019-06-14 22:25:34,38.0,137.11 M
2019-06-14 22:25:36,42.9,137.98 M
2019-06-14 22:25:38,43.0,140.95 M
2019-06-14 22:25:40,53.0,144.25 M
2019-06-14 22:25:42,43.0,139.00 M
2019-06-14 22:25:44,40.0,141.52 M
2019-06-14 22:25:46,47.0,140.23 M
2019-06-14 22:25:48,42.0,140.90 M
2019-06-14 22:25:50,44.0,141.02 M
2019-06-14 22:25:52,44.9,137.71 M
2019-06-14 22:25:54,50.9,136.28 M
2019-06-14 22:25:56,44.9,138.08 M
2019-06-14 22:25:58,41.0,140.91 M
2019-06-14 22:26:00,50.0,136.79 M
2019-06-14 22:26:02,37.0,138.55 M
2019-06-14 22:26:04,44.9,140.02 M
2019-06-14 22:26:06,46.0,141.07 M
2019-06-14 22:26:08,39.0,142.54 M
2019-06-14 22:26:10,45.9,144.32 M
2019-06-14 22:26:12,47.9,136.32 M
2019-06-14 22:26:14,46.9,138.75 M
2019-06-14 22:26:16,47.0,139.84 M
2019-06-14 22:26:18,48.0,142.66 M
2019-06-14 22:26:20,44.9,144.97 M
2019-06-14 22:26:22,38.0,146.76 M
2019-06-14 22:26:24,45.9,149.33 M
2019-06-14 22:26:26,41.0,147.07 M
2019-06-14 22:26:28,48.9,146.36 M
2019-06-14 22:26:30,41.0,147.57 M
2019-06-14 22:26:32,50.0,147.60 M
2019-06-14 22:26:34,43.9,149.11 M
2019-06-14 22:26:36,44.9,149.08 M
2019-06-14 22:26:38,43.0,150.62 M
2019-06-14 22:26:40,47.9,153.18 M
2019-06-14 22:26:44,55.9,59.24 M
2019-06-14 22:26:46,51.0,83.18 M
2019-06-14 22:26:48,52.9,91.63 M
2019-06-14 22:26:50,55.0,95.54 M
2019-06-14 22:26:52,40.9,95.75 M
2019-06-14 22:26:54,42.0,97.92 M
2019-06-14 22:26:56,47.9,97.25 M
2019-06-14 22:26:58,43.9,98.89 M
2019-06-14 22:27:00,42.9,98.98 M
2019-06-14 22:27:02,37.0,101.69 M
2019-06-14 22:27:04,43.9,98.42 M
2019-06-14 22:27:06,47.9,99.81 M
2019-06-14 22:27:08,38.0,99.97 M
2019-06-14 22:27:10,43.9,98.68 M
2019-06-14 22:27:12,34.0,98.65 M
2019-06-14 22:27:14,39.0,98.95 M
2019-06-14 22:27:16,37.0,100.67 M
2019-06-14 22:27:18,47.9,101.60 M
2019-06-14 22:27:20,42.9,101.82 M
2019-06-14 22:27:22,43.0,103.27 M
2019-06-14 22:27:24,40.0,104.48 M
2019-06-14 22:27:26,33.0,104.48 M
2019-06-14 22:27:28,41.9,107.13 M
2019-06-14 22:27:30,40.0,105.76 M
2019-06-14 22:27:32,39.0,103.49 M
2019-06-14 22:27:34,44.9,101.98 M
2019-06-14 22:27:36,42.9,103.04 M
2019-06-14 22:27:38,46.9,103.15 M
2019-06-14 22:27:40,39.0,105.20 M
2019-06-14 22:27:42,43.9,104.80 M
2019-06-14 22:27:44,34.0,105.82 M
2019-06-14 22:27:46,41.0,108.18 M
2019-06-14 22:27:48,33.0,107.01 M
2019-06-14 22:27:50,41.0,107.52 M
2019-06-14 22:27:52,33.0,109.39 M
2019-06-14 22:27:54,39.0,105.48 M
2019-06-14 22:27:56,39.0,107.38 M
2019-06-14 22:27:58,34.0,106.47 M
2019-06-14 22:28:00,37.0,109.86 M
2019-06-14 22:28:02,43.0,109.38 M
2019-06-14 22:28:04,40.0,107.98 M
2019-06-14 22:28:06,48.0,109.25 M
2019-06-14 22:28:08,34.0,110.42 M
2019-06-14 22:28:10,38.0,109.79 M
2019-06-14 22:28:12,38.0,109.45 M
2019-06-14 22:28:14,41.0,109.50 M
2019-06-14 22:28:16,36.0,109.80 M
2019-06-14 22:28:18,37.0,112.12 M
2019-06-14 22:28:20,37.0,114.72 M
2019-06-14 22:28:22,41.0,108.62 M
2019-06-14 22:28:24,44.0,110.27 M
2019-06-14 22:28:26,45.9,110.98 M
2019-06-14 22:28:28,39.0,112.59 M
2019-06-14 22:28:30,38.0,112.91 M
2019-06-14 22:28:32,36.0,113.67 M
2019-06-14 22:28:34,32.0,111.42 M
2019-06-14 22:28:36,39.0,110.53 M
2019-06-14 22:28:38,31.0,112.62 M
2019-06-14 22:28:40,26.0,113.27 M
2019-06-14 22:28:42,32.0,113.63 M
2019-06-14 22:28:44,35.0,112.92 M
2019-06-14 22:28:46,31.0,111.92 M
2019-06-14 22:28:48,44.0,113.74 M
2019-06-14 22:28:50,29.0,116.15 M
2019-06-14 22:28:52,37.0,117.57 M
2019-06-14 22:28:54,37.0,115.03 M
2019-06-14 22:28:56,49.9,112.14 M
2019-06-14 22:28:58,37.0,113.84 M
2019-06-14 22:29:00,34.0,115.62 M
2019-06-14 22:29:02,39.0,116.43 M
2019-06-14 22:29:04,36.0,117.97 M
2019-06-14 22:29:06,36.0,116.53 M
2019-06-14 22:29:08,37.0,118.84 M
2019-06-14 22:29:10,33.0,119.26 M
2019-06-14 22:29:12,29.0,119.62 M
2019-06-14 22:29:14,28.0,119.40 M
2019-06-14 22:29:16,36.0,119.30 M
2019-06-14 22:29:18,41.0,118.79 M
2019-06-14 22:29:20,46.9,119.38 M
2019-06-14 22:29:22,32.0,121.86 M
2019-06-14 22:29:24,37.0,119.88 M
2019-06-14 22:29:26,34.0,120.30 M
2019-06-14 22:29:28,43.9,118.23 M
2019-06-14 22:29:30,37.0,120.01 M
2019-06-14 22:29:32,30.0,121.68 M
2019-06-14 22:29:34,38.0,123.41 M
2019-06-14 22:29:36,28.0,120.43 M
2019-06-14 22:29:38,32.0,122.96 M
2019-06-14 22:29:40,36.0,121.50 M
2019-06-14 22:29:42,37.0,123.54 M
2019-06-14 22:29:44,40.0,124.05 M
2019-06-14 22:29:46,42.9,121.94 M
2019-06-14 22:29:48,35.0,123.13 M
2019-06-14 22:29:51,33.0,126.46 M
2019-06-14 22:29:53,39.9,124.83 M
2019-06-14 22:29:55,41.9,121.38 M
2019-06-14 22:29:57,35.0,123.43 M
2019-06-14 22:29:59,27.0,124.17 M
2019-06-14 22:30:01,37.0,122.29 M
2019-06-14 22:30:03,26.0,123.99 M
2019-06-14 22:30:05,31.0,125.14 M
2019-06-14 22:30:07,35.0,124.50 M
2019-06-14 22:30:09,46.0,124.84 M
2019-06-14 22:30:11,39.0,126.72 M
2019-06-14 22:30:13,31.0,126.84 M
2019-06-14 22:30:15,33.0,127.98 M
2019-06-14 22:30:17,27.0,129.89 M
2019-06-14 22:30:19,30.0,126.49 M
2019-06-14 22:30:21,35.0,124.77 M
2019-06-14 22:30:23,36.0,125.09 M
2019-06-14 22:30:25,22.0,126.88 M
2019-06-14 22:30:27,37.0,127.72 M
2019-06-14 22:30:29,30.0,127.96 M
2019-06-14 22:30:31,32.0,128.56 M
2019-06-14 22:30:33,32.0,125.97 M
2019-06-14 22:30:35,39.0,128.21 M
2019-06-14 22:30:37,33.0,127.27 M
2019-06-14 22:30:39,35.0,130.09 M
2019-06-14 22:30:41,38.0,129.84 M
2019-06-14 22:30:43,42.0,127.90 M
2019-06-14 22:30:45,28.0,129.34 M
2019-06-14 22:30:47,28.0,130.57 M
2019-06-14 22:30:49,25.0,130.44 M
2019-06-14 22:30:51,24.0,127.92 M
2019-06-14 22:30:53,31.0,130.07 M
2019-06-14 22:30:55,32.0,130.21 M
2019-06-14 22:30:57,34.0,130.55 M
2019-06-14 22:30:59,45.9,131.79 M
2019-06-14 22:31:01,38.0,131.17 M
2019-06-14 22:31:03,29.0,132.19 M
2019-06-14 22:31:05,23.0,132.60 M
2019-06-14 22:31:07,34.0,130.69 M
2019-06-14 22:31:09,37.0,130.75 M
2019-06-14 22:31:11,34.0,132.62 M
2019-06-14 22:31:13,40.0,134.41 M
2019-06-14 22:31:15,34.0,134.64 M
2019-06-14 22:31:17,43.0,136.17 M
2019-06-14 22:31:19,29.0,137.53 M
2019-06-14 22:31:21,39.0,131.72 M
2019-06-14 22:31:23,35.0,132.63 M
2019-06-14 22:31:25,37.0,135.44 M
2019-06-14 22:31:27,40.0,135.79 M
2019-06-14 22:31:29,40.9,132.75 M
2019-06-14 22:31:31,32.0,134.80 M
2019-06-14 22:31:33,29.0,136.09 M
2019-06-14 22:31:35,25.0,134.75 M
2019-06-14 22:31:37,38.0,136.19 M
2019-06-14 22:31:39,36.0,136.04 M
2019-06-14 22:31:41,32.0,136.70 M
2019-06-14 22:31:45,56.0,62.73 M
2019-06-14 22:31:47,40.0,84.88 M
2019-06-14 22:31:49,43.9,91.69 M
2019-06-14 22:31:51,41.9,95.14 M
2019-06-14 22:31:53,36.0,95.95 M
2019-06-14 22:31:55,48.9,96.65 M
2019-06-14 22:31:57,51.9,97.03 M
2019-06-14 22:31:59,48.9,96.30 M
2019-06-14 22:32:01,49.9,97.68 M
2019-06-14 22:32:03,42.9,98.36 M
2019-06-14 22:32:05,38.0,99.27 M
2019-06-14 22:32:07,51.9,97.31 M
2019-06-14 22:32:09,41.9,98.33 M
2019-06-14 22:32:11,48.9,98.84 M
2019-06-14 22:32:13,35.0,99.28 M
2019-06-14 22:32:15,37.0,101.02 M
2019-06-14 22:32:17,45.9,101.41 M
2019-06-14 22:32:19,37.0,102.70 M
2019-06-14 22:32:21,44.0,102.34 M
2019-06-14 22:32:23,40.0,99.61 M
2019-06-14 22:32:25,45.9,98.36 M
2019-06-14 22:32:27,43.9,100.62 M
2019-06-14 22:32:29,48.0,99.42 M
2019-06-14 22:32:31,44.0,100.60 M
2019-06-14 22:32:33,48.9,99.50 M
2019-06-14 22:32:35,41.9,102.37 M
2019-06-14 22:32:37,46.9,104.73 M
2019-06-14 22:32:39,48.9,105.37 M
2019-06-14 22:32:42,36.0,106.94 M
2019-06-14 22:32:44,40.0,107.76 M
2019-06-14 22:32:46,52.0,99.99 M
2019-06-14 22:32:48,41.0,100.02 M
2019-06-14 22:32:50,47.9,99.02 M
2019-06-14 22:32:52,45.9,99.91 M
2019-06-14 22:32:54,37.0,101.91 M
2019-06-14 22:32:57,53.0,58.76 M
2019-06-14 22:32:59,64.9,80.88 M
2019-06-14 22:33:01,43.0,90.55 M
2019-06-14 22:33:03,52.0,92.28 M
2019-06-14 22:33:05,53.9,93.16 M
2019-06-14 22:33:07,50.9,95.19 M
2019-06-14 22:33:09,40.0,97.62 M
2019-06-14 22:33:11,39.0,97.21 M
2019-06-14 22:33:13,48.9,97.14 M
2019-06-14 22:33:16,64.0,64.52 M
2019-06-14 22:33:18,55.0,87.88 M
2019-06-14 22:33:20,50.9,92.33 M
2019-06-14 22:33:22,50.9,94.26 M
2019-06-14 22:33:24,43.9,95.38 M
2019-06-14 22:33:26,39.0,97.82 M
2019-06-14 22:33:28,40.0,96.88 M
2019-06-14 22:33:30,39.0,98.15 M
2019-06-14 22:33:32,38.0,98.42 M
2019-06-14 22:33:34,33.0,98.68 M
2019-06-14 22:33:36,34.0,99.49 M
2019-06-14 22:33:38,37.0,101.10 M
2019-06-14 22:33:40,36.0,101.29 M
2019-06-14 22:33:42,38.0,101.03 M
2019-06-14 22:33:44,35.0,100.14 M
2019-06-14 22:33:46,38.0,100.11 M
2019-06-14 22:33:48,35.0,99.37 M
2019-06-14 22:33:50,45.0,101.22 M
2019-06-14 22:33:52,44.0,100.28 M
2019-06-14 22:33:54,37.0,102.32 M
2019-06-14 22:33:56,39.0,101.32 M
2019-06-14 22:33:58,33.0,100.43 M
2019-06-14 22:34:00,41.0,102.61 M
2019-06-14 22:34:02,37.0,101.57 M
2019-06-14 22:34:04,44.0,104.16 M
2019-06-14 22:34:06,38.0,103.27 M
2019-06-14 22:34:08,46.0,102.88 M
2019-06-14 22:34:10,41.0,104.69 M
2019-06-14 22:34:12,38.0,106.88 M
2019-06-14 22:34:14,33.0,107.89 M
2019-06-14 22:34:16,43.9,110.72 M
2019-06-14 22:34:18,42.0,100.65 M
2019-06-14 22:34:20,39.0,103.39 M
2019-06-14 22:34:22,34.0,106.73 M
2019-06-14 22:34:25,62.0,64.90 M
2019-06-14 22:34:27,56.9,86.75 M
2019-06-14 22:34:29,45.9,91.53 M
2019-06-14 22:34:31,53.9,94.30 M
2019-06-14 22:34:33,47.9,96.33 M
2019-06-14 22:34:35,44.0,96.84 M
2019-06-14 22:34:37,52.9,97.26 M
2019-06-14 22:34:39,51.9,96.02 M
2019-06-14 22:34:41,50.0,97.93 M
2019-06-14 22:34:43,48.9,99.60 M
2019-06-14 22:34:45,37.0,98.76 M
2019-06-14 22:34:47,39.0,97.68 M
2019-06-14 22:34:49,35.0,99.13 M
2019-06-14 22:34:51,49.9,97.50 M
2019-06-14 22:34:53,39.0,98.03 M
2019-06-14 22:34:55,45.9,100.52 M
2019-06-14 22:34:57,36.0,99.98 M
2019-06-14 22:34:59,35.0,100.38 M
2019-06-14 22:35:01,41.0,101.12 M
2019-06-14 22:35:03,36.0,101.72 M
2019-06-14 22:35:05,40.0,103.52 M
2019-06-14 22:35:07,33.0,101.45 M
2019-06-14 22:35:09,40.0,99.29 M
2019-06-14 22:35:11,33.0,100.24 M
2019-06-14 22:35:13,49.0,100.88 M
2019-06-14 22:35:15,48.9,101.34 M
2019-06-14 22:35:17,40.9,102.53 M
2019-06-14 22:35:19,32.0,105.17 M
2019-06-14 22:35:21,43.0,104.47 M
2019-06-14 22:35:23,43.9,105.73 M
2019-06-14 22:35:25,37.0,104.41 M
2019-06-14 22:35:27,42.9,104.91 M
2019-06-14 22:35:29,38.0,103.75 M
2019-06-14 22:35:31,37.0,103.95 M
2019-06-14 22:35:34,34.0,105.75 M
2019-06-14 22:35:36,32.0,104.84 M
2019-06-14 22:35:38,42.9,107.16 M
2019-06-14 22:35:40,41.0,106.11 M
2019-06-14 22:35:42,39.0,108.38 M
2019-06-14 22:35:44,42.9,108.10 M
2019-06-14 22:35:46,47.0,106.02 M
2019-06-14 22:35:48,42.9,107.80 M
2019-06-14 22:35:50,35.0,109.87 M
2019-06-14 22:35:52,38.0,109.45 M
2019-06-14 22:35:54,33.0,109.91 M
2019-06-14 22:35:56,34.0,110.43 M
2019-06-14 22:35:58,43.0,107.93 M
2019-06-14 22:36:00,37.0,109.82 M
2019-06-14 22:36:02,33.0,111.23 M
2019-06-14 22:36:04,40.0,112.98 M
2019-06-14 22:36:06,36.0,114.75 M
2019-06-14 22:36:08,37.0,112.72 M
2019-06-14 22:36:10,42.9,112.36 M
2019-06-14 22:36:12,41.9,111.53 M
2019-06-14 22:36:14,42.9,111.45 M
2019-06-14 22:36:16,40.0,110.57 M
2019-06-14 22:36:18,45.9,112.06 M
2019-06-14 22:36:20,35.0,112.68 M
2019-06-14 22:36:22,43.9,112.46 M
2019-06-14 22:36:24,38.0,112.21 M
2019-06-14 22:36:26,37.0,113.59 M
2019-06-14 22:36:28,38.0,115.13 M
2019-06-14 22:36:30,38.0,114.25 M
2019-06-14 22:36:32,43.9,114.46 M
2019-06-14 22:36:34,37.0,116.23 M
2019-06-14 22:36:36,38.0,114.89 M
2019-06-14 22:36:38,37.0,115.32 M
2019-06-14 22:36:40,40.9,116.09 M
2019-06-14 22:36:42,41.0,115.65 M
2019-06-14 22:36:44,38.0,117.57 M
2019-06-14 22:36:46,34.0,118.00 M
2019-06-14 22:36:48,37.0,120.69 M
2019-06-14 22:36:50,34.0,119.85 M
2019-06-14 22:36:52,38.0,118.44 M
2019-06-14 22:36:54,32.0,121.19 M
2019-06-14 22:36:56,35.0,121.38 M
2019-06-14 22:36:58,37.0,120.25 M
2019-06-14 22:37:00,29.0,119.23 M
2019-06-14 22:37:02,36.0,117.32 M
2019-06-14 22:37:04,41.0,118.71 M
2019-06-14 22:37:06,31.0,120.25 M
2019-06-14 22:37:08,27.0,123.33 M
2019-06-14 22:37:10,34.0,121.76 M
2019-06-14 22:37:12,31.0,122.25 M
2019-06-14 22:37:14,28.0,123.87 M
2019-06-14 22:37:16,30.0,122.84 M
2019-06-14 22:37:18,37.0,121.21 M
2019-06-14 22:37:20,38.0,121.56 M
2019-06-14 22:37:22,40.0,124.07 M
2019-06-14 22:37:24,29.0,122.90 M
2019-06-14 22:37:26,36.0,120.95 M
2019-06-14 22:37:28,34.0,120.84 M
2019-06-14 22:37:30,28.0,122.62 M
2019-06-14 22:37:32,35.0,122.97 M
2019-06-14 22:37:34,32.0,122.83 M
2019-06-14 22:37:36,37.0,123.56 M
2019-06-14 22:37:38,31.0,121.85 M
2019-06-14 22:37:40,32.0,121.70 M
2019-06-14 22:37:42,40.0,122.94 M
2019-06-14 22:37:44,32.0,123.52 M
2019-06-14 22:37:46,33.0,124.37 M
2019-06-14 22:37:48,35.0,125.55 M
2019-06-14 22:37:50,38.0,124.40 M
2019-06-14 22:37:52,36.0,126.10 M
2019-06-14 22:37:54,38.0,126.29 M
2019-06-14 22:37:56,36.0,128.42 M
2019-06-14 22:37:58,33.0,126.86 M
2019-06-14 22:38:00,33.0,125.82 M
2019-06-14 22:38:02,35.0,125.32 M
2019-06-14 22:38:04,30.0,126.86 M
2019-06-14 22:38:06,34.0,128.33 M
2019-06-14 22:38:08,33.0,127.88 M
2019-06-14 22:38:10,40.0,126.40 M
2019-06-14 22:38:12,37.0,128.68 M
2019-06-14 22:38:14,34.0,129.95 M
2019-06-14 22:38:16,37.0,128.86 M
2019-06-14 22:38:18,42.0,129.98 M
2019-06-14 22:38:20,42.0,131.98 M
2019-06-14 22:38:22,29.0,132.78 M
2019-06-14 22:38:24,47.0,131.79 M
2019-06-14 22:38:26,41.9,133.80 M
2019-06-14 22:38:28,38.0,134.58 M
2019-06-14 22:38:30,26.0,135.34 M
2019-06-14 22:38:32,44.9,136.37 M
2019-06-14 22:38:34,33.0,138.36 M
2019-06-14 22:38:36,36.0,138.36 M
2019-06-14 22:38:39,31.0,136.48 M
2019-06-14 22:38:41,46.9,134.84 M
2019-06-14 22:38:43,33.0,137.06 M
2019-06-14 22:38:45,33.0,133.89 M
2019-06-14 22:38:47,39.0,135.46 M
2019-06-14 22:38:49,34.0,136.09 M
2019-06-14 22:38:51,33.0,135.15 M
2019-06-14 22:38:53,34.0,136.78 M
2019-06-14 22:38:55,32.0,135.92 M
2019-06-14 22:38:57,29.0,136.72 M
2019-06-14 22:38:59,38.0,135.28 M
2019-06-14 22:39:01,46.9,136.28 M
2019-06-14 22:39:03,43.9,137.53 M
2019-06-14 22:39:05,37.0,137.16 M
2019-06-14 22:39:07,48.0,134.88 M
2019-06-14 22:39:09,31.0,132.92 M
2019-06-14 22:39:11,22.0,133.43 M
2019-06-14 22:39:13,35.0,135.64 M
2019-06-14 22:39:15,29.0,135.04 M
2019-06-14 22:39:17,43.0,135.26 M
2019-06-14 22:39:19,35.0,134.92 M
2019-06-14 22:39:21,31.0,135.93 M
2019-06-14 22:39:23,29.0,136.00 M
2019-06-14 22:39:26,67.0,64.54 M
2019-06-14 22:39:28,51.0,86.28 M
2019-06-14 22:39:30,48.0,91.79 M
2019-06-14 22:39:32,42.0,94.51 M
2019-06-14 22:39:34,45.9,96.51 M
2019-06-14 22:39:36,53.9,94.72 M
2019-06-14 22:39:38,52.9,95.03 M
2019-06-14 22:39:40,44.9,97.01 M
2019-06-14 22:39:42,40.9,98.07 M
2019-06-14 22:39:44,43.9,95.55 M
2019-06-14 22:39:46,45.9,96.91 M
2019-06-14 22:39:48,32.0,98.27 M
2019-06-14 22:39:50,39.0,98.54 M
2019-06-14 22:39:52,34.0,96.63 M
2019-06-14 22:39:54,50.0,95.98 M
2019-06-14 22:39:56,41.0,97.11 M
2019-06-14 22:40:01,67.9,71.61 M
2019-06-14 22:40:03,47.9,91.67 M
2019-06-14 22:40:05,60.0,93.70 M
2019-06-14 22:40:07,65.0,94.59 M
2019-06-14 22:40:09,58.0,98.29 M
2019-06-14 22:40:11,55.0,98.05 M
2019-06-14 22:40:13,56.0,97.39 M
2019-06-14 22:40:15,51.0,99.67 M
2019-06-14 22:40:17,40.0,98.50 M
2019-06-14 22:40:19,48.9,97.41 M
2019-06-14 22:40:21,47.9,97.21 M
2019-06-14 22:40:23,54.9,97.86 M
2019-06-14 22:40:25,53.9,100.64 M
2019-06-14 22:40:27,55.9,99.85 M
2019-06-14 22:40:29,56.9,99.81 M
2019-06-14 22:40:31,41.0,100.96 M
2019-06-14 22:40:33,51.0,98.66 M
2019-06-14 22:40:35,53.9,98.62 M
2019-06-14 22:40:37,57.0,99.33 M
2019-06-14 22:40:39,52.9,102.11 M
2019-06-14 22:40:41,52.9,96.52 M
2019-06-14 22:40:43,45.0,100.14 M
2019-06-14 22:40:45,48.0,102.38 M
2019-06-14 22:40:47,49.0,100.50 M
2019-06-14 22:40:49,44.0,105.03 M
2019-06-14 22:40:51,54.9,105.50 M
2019-06-14 22:40:53,54.0,105.25 M
2019-06-14 22:40:55,48.9,106.98 M
2019-06-14 22:40:57,43.9,108.13 M
2019-06-14 22:40:59,49.9,107.34 M
2019-06-14 22:41:01,53.9,107.05 M
2019-06-14 22:41:03,49.9,108.34 M
2019-06-14 22:41:05,40.0,109.61 M
2019-06-14 22:41:07,37.0,108.21 M
2019-06-14 22:41:09,52.0,100.13 M
2019-06-14 22:41:11,48.9,99.34 M
2019-06-14 22:41:13,52.9,101.52 M
2019-06-14 22:41:15,50.9,104.54 M
2019-06-14 22:41:17,37.0,107.26 M
2019-06-14 22:41:19,39.0,108.76 M
2019-06-14 22:41:21,37.0,98.12 M
2019-06-14 22:41:23,48.9,99.30 M
2019-06-14 22:41:25,39.0,100.22 M
2019-06-14 22:41:28,50.0,102.17 M
2019-06-14 22:41:30,41.0,104.91 M
2019-06-14 22:41:32,36.0,104.27 M
2019-06-14 22:41:34,42.0,101.38 M
2019-06-14 22:41:36,35.0,101.78 M
2019-06-14 22:41:38,45.9,100.85 M
2019-06-14 22:41:40,41.0,101.02 M
2019-06-14 22:41:42,35.0,100.85 M
2019-06-14 22:41:44,48.9,104.26 M
2019-06-14 22:41:46,48.9,98.90 M
2019-06-14 22:41:48,49.9,99.19 M
2019-06-14 22:41:50,44.9,99.81 M
2019-06-14 22:41:52,42.0,97.36 M
2019-06-14 22:41:54,35.0,98.69 M
2019-06-14 22:41:56,56.9,65.68 M
2019-06-14 22:41:58,53.0,86.28 M
2019-06-14 22:42:00,45.9,92.83 M
2019-06-14 22:42:02,40.0,95.00 M
2019-06-14 22:42:04,44.9,96.92 M
2019-06-14 22:42:06,54.9,96.89 M
2019-06-14 22:42:08,55.9,97.02 M
2019-06-14 22:42:10,53.9,95.73 M
2019-06-14 22:42:12,46.9,96.58 M
2019-06-14 22:42:14,50.9,97.16 M
2019-06-14 22:42:16,37.0,98.25 M
2019-06-14 22:42:18,36.0,96.10 M
2019-06-14 22:42:20,47.9,95.75 M
2019-06-14 22:42:22,34.0,96.61 M
2019-06-14 22:42:24,42.9,99.76 M
2019-06-14 22:42:26,43.0,97.47 M
2019-06-14 22:42:28,46.0,100.39 M
2019-06-14 22:42:30,43.0,97.98 M
2019-06-14 22:42:32,34.0,99.89 M
2019-06-14 22:42:34,38.0,101.16 M
2019-06-14 22:42:36,37.0,99.17 M
2019-06-14 22:42:38,39.0,99.72 M
2019-06-14 22:42:40,41.0,100.39 M
2019-06-14 22:42:42,47.0,100.20 M
2019-06-14 22:42:44,44.9,100.69 M
2019-06-14 22:42:46,38.0,101.71 M
2019-06-14 22:42:48,45.0,99.75 M
2019-06-14 22:42:50,39.0,101.82 M
2019-06-14 22:42:52,43.0,100.44 M
2019-06-14 22:42:54,43.0,102.26 M
2019-06-14 22:42:56,42.0,101.81 M
2019-06-14 22:42:58,38.0,102.87 M
2019-06-14 22:43:00,41.9,102.33 M
2019-06-14 22:43:02,45.9,103.41 M
2019-06-14 22:43:04,43.0,103.04 M
2019-06-14 22:43:06,45.9,100.77 M
2019-06-14 22:43:08,41.0,101.41 M
2019-06-14 22:43:10,40.0,102.43 M
2019-06-14 22:43:12,39.0,102.93 M
2019-06-14 22:43:14,46.9,105.54 M
2019-06-14 22:43:16,42.0,102.50 M
2019-06-14 22:43:18,37.0,102.42 M
2019-06-14 22:43:20,34.0,105.30 M
2019-06-14 22:43:22,34.0,105.56 M
2019-06-14 22:43:24,47.9,107.14 M
2019-06-14 22:43:26,48.9,106.42 M
2019-06-14 22:43:28,46.0,105.93 M
2019-06-14 22:43:30,48.9,106.75 M
2019-06-14 22:43:32,43.9,107.25 M
2019-06-14 22:43:34,41.9,108.10 M
2019-06-14 22:43:36,37.0,106.31 M
2019-06-14 22:43:38,43.9,106.43 M
2019-06-14 22:43:40,41.0,106.89 M
2019-06-14 22:43:42,39.0,108.09 M
2019-06-14 22:43:44,37.0,108.66 M
2019-06-14 22:43:46,39.0,106.31 M
2019-06-14 22:43:48,45.9,104.90 M
2019-06-14 22:43:50,43.9,105.92 M
2019-06-14 22:43:52,47.0,106.09 M
2019-06-14 22:43:54,45.0,107.83 M
2019-06-14 22:43:56,51.9,108.36 M
2019-06-14 22:43:58,46.0,106.86 M
2019-06-14 22:44:00,37.0,106.46 M
2019-06-14 22:44:02,35.0,107.04 M
2019-06-14 22:44:04,42.0,108.60 M
2019-06-14 22:44:06,50.0,107.75 M
2019-06-14 22:44:08,35.0,108.52 M
2019-06-14 22:44:10,40.0,107.80 M
2019-06-14 22:44:12,44.9,108.82 M
2019-06-14 22:44:14,44.9,110.13 M
2019-06-14 22:44:16,44.9,109.81 M
2019-06-14 22:44:18,46.0,108.16 M
2019-06-14 22:44:20,35.0,107.88 M
2019-06-14 22:44:22,45.9,110.96 M
2019-06-14 22:44:24,41.0,113.01 M
2019-06-14 22:44:26,43.0,110.08 M
2019-06-14 22:44:28,50.9,109.68 M
2019-06-14 22:44:30,40.0,110.50 M
2019-06-14 22:44:32,42.0,111.25 M
2019-06-14 22:44:34,44.9,112.80 M
2019-06-14 22:44:37,42.9,112.84 M
2019-06-14 22:44:39,41.0,106.32 M
2019-06-14 22:44:41,34.0,107.98 M
2019-06-14 22:44:43,37.0,110.53 M
2019-06-14 22:44:45,44.9,112.09 M
2019-06-14 22:44:47,53.9,111.98 M
2019-06-14 22:44:49,45.9,112.84 M
2019-06-14 22:44:51,41.0,111.57 M
2019-06-14 22:44:53,50.9,111.04 M
2019-06-14 22:44:55,50.9,112.59 M
2019-06-14 22:44:57,45.9,110.93 M
2019-06-14 22:44:59,49.0,110.03 M
2019-06-14 22:45:01,42.0,113.00 M
2019-06-14 22:45:03,41.0,115.29 M
2019-06-14 22:45:05,40.0,114.96 M
2019-06-14 22:45:07,40.9,112.06 M
2019-06-14 22:45:09,42.9,112.64 M
2019-06-14 22:45:11,42.9,110.69 M
2019-06-14 22:45:13,42.0,112.98 M
2019-06-14 22:45:15,48.9,114.96 M
2019-06-14 22:45:17,39.0,113.57 M
2019-06-14 22:45:19,40.0,111.84 M
2019-06-14 22:45:21,35.0,114.12 M
2019-06-14 22:45:23,30.0,113.48 M
2019-06-14 22:45:25,33.0,115.00 M
2019-06-14 22:45:27,39.0,114.38 M
2019-06-14 22:45:29,37.0,114.12 M
2019-06-14 22:45:31,35.0,114.58 M
2019-06-14 22:45:33,35.0,114.63 M
2019-06-14 22:45:35,43.9,114.58 M
2019-06-14 22:45:37,44.0,116.89 M
2019-06-14 22:45:39,42.0,115.11 M
2019-06-14 22:45:41,52.0,115.14 M
2019-06-14 22:45:43,37.0,116.88 M
2019-06-14 22:45:45,46.0,117.10 M
2019-06-14 22:45:47,41.0,116.80 M
2019-06-14 22:45:49,46.9,117.01 M
2019-06-14 22:45:51,46.9,116.19 M
2019-06-14 22:45:53,39.9,118.00 M
2019-06-14 22:45:55,40.0,117.62 M
2019-06-14 22:45:57,33.0,116.27 M
2019-06-14 22:45:59,33.0,119.80 M
2019-06-14 22:46:01,47.9,118.38 M
2019-06-14 22:46:03,36.0,116.77 M
2019-06-14 22:46:05,38.0,118.48 M
2019-06-14 22:46:07,33.0,117.51 M
2019-06-14 22:46:09,37.0,118.97 M
2019-06-14 22:46:11,36.0,118.34 M
2019-06-14 22:46:13,30.0,119.78 M
2019-06-14 22:46:15,46.9,120.31 M
2019-06-14 22:46:17,36.0,117.61 M
2019-06-14 22:46:19,43.9,119.39 M
2019-06-14 22:46:21,37.0,120.36 M
2019-06-14 22:46:23,47.9,118.38 M
2019-06-14 22:46:25,48.9,119.68 M
2019-06-14 22:46:27,41.0,119.33 M
2019-06-14 22:46:29,50.9,120.79 M
2019-06-14 22:46:31,34.0,123.88 M
2019-06-14 22:46:33,36.0,120.19 M
2019-06-14 22:46:35,39.0,118.58 M
2019-06-14 22:46:37,46.0,118.12 M
2019-06-14 22:46:39,47.9,119.15 M
2019-06-14 22:46:41,53.9,120.43 M
2019-06-14 22:46:43,41.0,121.51 M
2019-06-14 22:46:45,40.0,121.59 M
2019-06-14 22:46:47,38.0,122.37 M
2019-06-14 22:46:49,40.0,124.18 M
2019-06-14 22:46:51,52.0,125.46 M
2019-06-14 22:46:53,37.0,127.75 M
2019-06-14 22:46:57,67.9,65.44 M
2019-06-14 22:46:59,68.0,66.02 M
2019-06-14 22:47:01,58.0,87.92 M
2019-06-14 22:47:03,46.9,92.39 M
2019-06-14 22:47:05,48.9,94.69 M
2019-06-14 22:47:07,58.0,98.10 M
2019-06-14 22:47:09,46.0,97.51 M
2019-06-14 22:47:11,52.0,97.39 M
2019-06-14 22:47:13,38.0,97.54 M
2019-06-14 22:47:15,47.9,96.36 M
2019-06-14 22:47:17,31.0,99.04 M
2019-06-14 22:47:20,41.0,98.37 M
2019-06-14 22:47:22,45.9,100.03 M
2019-06-14 22:47:24,51.9,99.46 M
2019-06-14 22:47:26,39.0,99.63 M
2019-06-14 22:47:28,46.0,100.52 M
2019-06-14 22:47:30,44.0,99.79 M
2019-06-14 22:47:32,44.0,99.58 M
2019-06-14 22:47:34,41.0,100.42 M
2019-06-14 22:47:36,37.0,99.49 M
2019-06-14 22:47:38,46.0,99.99 M
2019-06-14 22:47:40,46.9,100.49 M
2019-06-14 22:47:42,51.9,99.18 M
2019-06-14 22:47:44,45.9,98.94 M
2019-06-14 22:47:46,45.9,101.59 M
2019-06-14 22:47:48,39.9,104.47 M
2019-06-14 22:47:50,46.9,103.34 M
2019-06-14 22:47:52,41.9,101.82 M
2019-06-14 22:47:54,33.0,101.33 M
2019-06-14 22:47:56,40.0,102.71 M
2019-06-14 22:47:58,33.0,101.37 M
2019-06-14 22:48:00,39.0,104.22 M
2019-06-14 22:48:02,39.9,102.58 M
2019-06-14 22:48:04,42.9,102.70 M
2019-06-14 22:48:06,45.0,102.03 M
2019-06-14 22:48:08,40.9,103.32 M
2019-06-14 22:48:10,41.9,104.43 M
2019-06-14 22:48:12,40.0,105.58 M
2019-06-14 22:48:14,39.0,103.74 M
2019-06-14 22:48:16,50.9,103.07 M
2019-06-14 22:48:18,36.0,103.34 M
2019-06-14 22:48:20,43.0,106.07 M
2019-06-14 22:48:22,40.0,105.57 M
2019-06-14 22:48:24,44.0,104.84 M
2019-06-14 22:48:26,36.0,106.08 M
2019-06-14 22:48:28,52.9,107.16 M
2019-06-14 22:48:30,42.9,107.69 M
2019-06-14 22:48:32,45.9,107.37 M
2019-06-14 22:48:34,49.9,107.89 M
2019-06-14 22:48:36,42.9,107.98 M
2019-06-14 22:48:38,41.0,109.00 M
2019-06-14 22:48:40,35.0,110.75 M
2019-06-14 22:48:42,49.9,113.06 M
2019-06-14 22:48:44,44.9,113.55 M
2019-06-14 22:48:46,43.0,114.10 M
2019-06-14 22:48:48,49.0,112.52 M
2019-06-14 22:48:50,36.0,114.10 M
2019-06-14 22:48:52,40.0,112.28 M
2019-06-14 22:48:54,48.9,110.82 M
2019-06-14 22:48:56,45.0,112.30 M
2019-06-14 22:48:58,39.0,111.36 M
2019-06-14 22:49:00,46.9,113.62 M
2019-06-14 22:49:02,35.0,111.04 M
2019-06-14 22:49:04,33.0,110.97 M
2019-06-14 22:49:06,39.0,111.38 M
2019-06-14 22:49:08,36.0,111.16 M
2019-06-14 22:49:10,36.0,112.16 M
2019-06-14 22:49:12,33.0,113.03 M
2019-06-14 22:49:14,38.0,112.95 M
2019-06-14 22:49:16,36.0,114.94 M
2019-06-14 22:49:18,29.0,114.91 M
2019-06-14 22:49:20,32.0,112.89 M
2019-06-14 22:49:22,44.0,114.10 M
2019-06-14 22:49:24,43.0,112.05 M
2019-06-14 22:49:26,42.0,115.04 M
2019-06-14 22:49:28,38.0,114.05 M
2019-06-14 22:49:30,35.0,115.70 M
2019-06-14 22:49:32,35.0,116.99 M
2019-06-14 22:49:34,52.9,112.02 M
2019-06-14 22:49:36,40.0,114.18 M
2019-06-14 22:49:38,41.9,115.15 M
2019-06-14 22:49:41,61.0,66.62 M
2019-06-14 22:49:43,52.9,91.09 M
2019-06-14 22:49:45,53.9,92.48 M
2019-06-14 22:49:47,56.9,92.77 M
2019-06-14 22:49:49,58.0,93.93 M
2019-06-14 22:49:51,57.9,95.95 M
2019-06-14 22:49:53,43.9,95.70 M
2019-06-14 22:49:55,41.0,95.17 M
2019-06-14 22:49:57,36.0,96.36 M
2019-06-14 22:49:59,41.9,98.11 M
2019-06-14 22:50:01,41.0,95.90 M
2019-06-14 22:50:03,35.0,96.75 M
2019-06-14 22:50:05,48.0,96.74 M
2019-06-14 22:50:07,50.0,96.87 M
2019-06-14 22:50:09,42.0,98.29 M
2019-06-14 22:50:11,45.0,100.90 M
2019-06-14 22:50:13,50.0,98.49 M
2019-06-14 22:50:15,46.0,98.55 M
2019-06-14 22:50:17,50.9,101.36 M
2019-06-14 22:50:19,44.9,97.04 M
2019-06-14 22:50:21,42.0,100.13 M
2019-06-14 22:50:23,51.0,97.22 M
2019-06-14 22:50:25,42.0,98.54 M
2019-06-14 22:50:28,47.9,95.52 M
2019-06-14 22:50:30,45.0,98.74 M
2019-06-14 22:50:32,47.9,97.05 M
2019-06-14 22:50:34,39.0,99.04 M
2019-06-14 22:50:36,51.9,98.66 M
2019-06-14 22:50:38,47.9,97.37 M
2019-06-14 22:50:40,45.0,100.88 M
2019-06-14 22:50:42,51.9,102.53 M
2019-06-14 22:50:44,51.9,98.54 M
2019-06-14 22:50:46,46.0,98.66 M
2019-06-14 22:50:48,47.9,99.83 M
2019-06-14 22:50:50,45.0,100.51 M
2019-06-14 22:50:52,48.9,102.68 M
2019-06-14 22:50:54,54.0,103.09 M
2019-06-14 22:50:56,48.9,102.23 M
2019-06-14 22:50:58,45.9,101.99 M
2019-06-14 22:51:00,37.0,102.91 M
2019-06-14 22:51:02,48.9,99.39 M
2019-06-14 22:51:04,44.0,100.23 M
2019-06-14 22:51:06,48.9,101.42 M
2019-06-14 22:51:08,47.9,101.23 M
2019-06-14 22:51:10,37.0,104.75 M
2019-06-14 22:51:12,41.0,101.20 M
2019-06-14 22:51:14,42.0,99.84 M
2019-06-14 22:51:16,45.0,102.34 M
2019-06-14 22:51:18,45.0,100.52 M
2019-06-14 22:51:20,38.0,100.80 M
2019-06-14 22:51:22,49.9,99.85 M
2019-06-14 22:51:24,41.0,101.75 M
2019-06-14 22:51:26,41.0,103.69 M
2019-06-14 22:51:28,40.0,101.00 M
2019-06-14 22:51:30,42.0,101.75 M
2019-06-14 22:51:32,40.0,100.60 M
2019-06-14 22:51:34,40.0,101.49 M
2019-06-14 22:51:36,64.9,64.59 M
2019-06-14 22:51:38,48.0,87.56 M
2019-06-14 22:51:40,51.9,90.60 M
2019-06-14 22:51:42,31.0,94.25 M
2019-06-14 22:51:44,40.0,93.46 M
2019-06-14 22:51:46,39.0,94.60 M
2019-06-14 22:51:48,61.9,95.30 M
2019-06-14 22:51:50,35.0,97.32 M
2019-06-14 22:51:52,53.0,96.83 M
2019-06-14 22:51:54,42.0,97.53 M
2019-06-14 22:51:56,43.9,96.80 M
2019-06-14 22:51:58,29.0,98.26 M
2019-06-14 22:52:00,42.9,97.62 M
2019-06-14 22:52:02,30.0,97.50 M
2019-06-14 22:52:04,37.0,99.05 M
2019-06-14 22:52:06,34.0,96.90 M
2019-06-14 22:52:08,34.0,97.28 M
2019-06-14 22:52:10,48.9,97.50 M
2019-06-14 22:52:12,52.9,98.56 M
2019-06-14 22:52:14,46.9,98.86 M
2019-06-14 22:52:16,48.0,98.57 M
2019-06-14 22:52:18,46.9,97.98 M
2019-06-14 22:52:20,42.0,97.69 M
2019-06-14 22:52:22,38.0,99.88 M
2019-06-14 22:52:24,42.9,98.59 M
2019-06-14 22:52:26,28.0,99.30 M
2019-06-14 22:52:28,45.9,100.37 M
2019-06-14 22:52:30,44.0,101.95 M
2019-06-14 22:52:32,36.0,102.73 M
2019-06-14 22:52:34,43.0,101.06 M
2019-06-14 22:52:36,45.0,101.56 M
2019-06-14 22:52:38,36.0,102.37 M
2019-06-14 22:52:40,35.0,101.25 M
2019-06-14 22:52:42,44.9,99.03 M
2019-06-14 22:52:44,45.9,100.96 M
2019-06-14 22:52:46,46.9,102.61 M
2019-06-14 22:52:48,44.0,101.90 M
2019-06-14 22:52:50,43.0,102.36 M
2019-06-14 22:52:52,42.0,99.73 M
2019-06-14 22:52:54,44.9,99.85 M
2019-06-14 22:52:56,42.0,100.48 M
2019-06-14 22:52:58,63.9,66.82 M
2019-06-14 22:53:01,61.9,65.34 M
2019-06-14 22:53:03,52.9,81.29 M
2019-06-14 22:53:05,43.0,90.70 M
2019-06-14 22:53:07,40.0,92.67 M
2019-06-14 22:53:09,44.0,95.87 M
2019-06-14 22:53:11,48.9,96.30 M
2019-06-14 22:53:13,37.0,98.09 M
2019-06-14 22:53:15,43.0,99.57 M
2019-06-14 22:53:17,40.0,99.32 M
2019-06-14 22:53:19,40.0,96.60 M
2019-06-14 22:53:21,34.0,96.64 M
2019-06-14 22:53:23,37.0,97.21 M
2019-06-14 22:53:26,40.0,96.75 M
2019-06-14 22:53:28,32.0,98.88 M
2019-06-14 22:53:30,32.0,100.12 M
2019-06-14 22:53:32,46.0,99.25 M
2019-06-14 22:53:34,29.0,101.50 M
2019-06-14 22:53:36,39.0,101.87 M
2019-06-14 22:53:38,34.0,101.82 M
2019-06-14 22:53:40,35.0,100.21 M
2019-06-14 22:53:42,35.0,102.11 M
2019-06-14 22:53:44,32.0,102.55 M
2019-06-14 22:53:46,35.0,101.96 M
2019-06-14 22:53:48,39.0,103.45 M
2019-06-14 22:53:50,31.0,104.01 M
2019-06-14 22:53:52,36.0,101.51 M
2019-06-14 22:53:54,38.0,102.25 M
2019-06-14 22:53:56,36.0,101.28 M
2019-06-14 22:53:58,31.0,102.09 M
2019-06-14 22:54:00,30.0,104.62 M
2019-06-14 22:54:02,30.0,106.12 M
2019-06-14 22:54:06,57.9,65.49 M
2019-06-14 22:54:08,52.9,88.15 M
2019-06-14 22:54:10,43.0,92.88 M
2019-06-14 22:54:12,56.9,95.05 M
2019-06-14 22:54:14,59.0,96.57 M
2019-06-14 22:54:16,38.0,98.04 M
2019-06-14 22:54:18,37.0,97.37 M
2019-06-14 22:54:20,51.9,97.12 M
2019-06-14 22:54:22,46.0,97.90 M
2019-06-14 22:54:24,45.9,96.57 M
2019-06-14 22:54:26,36.0,96.91 M
2019-06-14 22:54:28,51.9,95.97 M
2019-06-14 22:54:30,38.0,97.90 M
2019-06-14 22:54:32,47.0,97.55 M
2019-06-14 22:54:34,40.0,98.20 M
2019-06-14 22:54:36,44.0,99.19 M
2019-06-14 22:54:38,41.0,97.70 M
2019-06-14 22:54:40,38.0,96.85 M
2019-06-14 22:54:42,39.0,99.77 M
2019-06-14 22:54:44,44.9,100.98 M
2019-06-14 22:54:46,45.0,99.36 M
2019-06-14 22:54:48,48.9,99.58 M
2019-06-14 22:54:50,49.9,99.45 M
2019-06-14 22:54:52,46.9,101.82 M
2019-06-14 22:54:54,40.0,99.99 M
2019-06-14 22:54:56,40.0,99.52 M
2019-06-14 22:54:58,44.0,100.41 M
2019-06-14 22:55:00,43.0,100.00 M
2019-06-14 22:55:02,36.0,101.75 M
2019-06-14 22:55:04,40.0,100.39 M
2019-06-14 22:55:06,50.9,100.54 M
2019-06-14 22:55:08,24.0,102.87 M
2019-06-14 22:55:10,40.9,102.21 M
2019-06-14 22:55:12,44.0,99.24 M
2019-06-14 22:55:14,43.9,101.76 M
2019-06-14 22:55:16,45.0,99.82 M
2019-06-14 22:55:18,38.0,102.14 M
2019-06-14 22:55:20,47.9,103.47 M
2019-06-14 22:55:22,43.0,105.02 M
2019-06-14 22:55:24,52.9,101.77 M
2019-06-14 22:55:26,39.0,101.07 M
2019-06-14 22:55:28,50.9,99.21 M
2019-06-14 22:55:30,44.9,99.26 M
2019-06-14 22:55:32,40.0,99.82 M
2019-06-14 22:55:34,39.0,102.77 M
2019-06-14 22:55:36,33.0,104.84 M
2019-06-14 22:55:38,48.0,104.97 M
2019-06-14 22:55:40,47.9,108.22 M
2019-06-14 22:55:42,45.9,103.91 M
2019-06-14 22:55:44,40.0,105.39 M
2019-06-14 22:55:46,43.9,105.39 M
2019-06-14 22:55:48,53.0,105.52 M
2019-06-14 22:55:50,45.0,104.40 M
2019-06-14 22:55:52,42.9,105.53 M
2019-06-14 22:55:54,46.0,107.05 M
2019-06-14 22:55:56,46.0,106.01 M
2019-06-14 22:55:58,39.0,108.48 M
2019-06-14 22:56:00,35.0,107.47 M
2019-06-14 22:56:02,39.0,107.99 M
2019-06-14 22:56:04,42.0,106.00 M
2019-06-14 22:56:06,37.0,107.02 M
2019-06-14 22:56:08,43.0,106.66 M
2019-06-14 22:56:10,48.0,107.25 M
2019-06-14 22:56:12,46.0,109.06 M
2019-06-14 22:56:14,40.9,109.57 M
2019-06-14 22:56:17,43.9,111.28 M
2019-06-14 22:56:19,47.9,113.81 M
2019-06-14 22:56:21,41.9,110.79 M
2019-06-14 22:56:23,36.0,107.80 M
2019-06-14 22:56:25,48.0,109.88 M
2019-06-14 22:56:27,42.0,109.01 M
2019-06-14 22:56:29,43.9,110.76 M
2019-06-14 22:56:31,38.0,110.95 M
2019-06-14 22:56:33,28.0,112.90 M
2019-06-14 22:56:35,42.0,113.57 M
2019-06-14 22:56:37,35.0,111.69 M
2019-06-14 22:56:39,41.0,107.98 M
2019-06-14 22:56:41,37.0,110.70 M
2019-06-14 22:56:43,32.0,110.02 M
2019-06-14 22:56:45,41.0,112.03 M
2019-06-14 22:56:47,41.9,108.56 M
2019-06-14 22:56:49,46.9,109.77 M
2019-06-14 22:56:51,45.9,112.02 M
2019-06-14 22:56:53,47.9,115.05 M
2019-06-14 22:56:55,38.0,115.05 M
2019-06-14 22:56:57,33.0,116.27 M
2019-06-14 22:56:59,37.0,113.23 M
2019-06-14 22:57:01,38.0,112.61 M
2019-06-14 22:57:03,44.9,111.71 M
2019-06-14 22:57:05,47.9,113.20 M
2019-06-14 22:57:07,51.0,113.73 M
2019-06-14 22:57:09,49.9,115.20 M
2019-06-14 22:57:11,34.0,116.94 M
2019-06-14 22:57:13,42.0,120.23 M
2019-06-14 22:57:15,51.9,113.74 M
2019-06-14 22:57:17,41.0,115.22 M
2019-06-14 22:57:19,33.0,115.63 M
2019-06-14 22:57:21,32.0,117.36 M
2019-06-14 22:57:23,34.0,113.74 M
2019-06-14 22:57:25,40.0,109.79 M
2019-06-14 22:57:27,41.0,113.06 M
2019-06-14 22:57:29,44.9,113.34 M
2019-06-14 22:57:31,46.9,114.03 M
2019-06-14 22:57:33,44.9,115.52 M
2019-06-14 22:57:35,39.0,114.56 M
2019-06-14 22:57:37,47.9,113.41 M
2019-06-14 22:57:39,44.9,114.70 M
2019-06-14 22:57:41,44.9,112.80 M
2019-06-14 22:57:43,45.9,115.21 M
2019-06-14 22:57:45,46.9,118.00 M
2019-06-14 22:57:47,52.0,118.75 M
2019-06-14 22:57:49,41.9,120.01 M
2019-06-14 22:57:51,44.9,121.26 M
2019-06-14 22:57:53,42.9,122.65 M
2019-06-14 22:57:55,49.9,118.36 M
2019-06-14 22:57:57,48.9,119.61 M
2019-06-14 22:57:59,42.9,122.43 M
2019-06-14 22:58:01,46.0,122.36 M
2019-06-14 22:58:03,48.9,123.64 M
2019-06-14 22:58:05,45.0,123.64 M
2019-06-14 22:58:07,39.0,121.40 M
2019-06-14 22:58:09,49.9,124.42 M
2019-06-14 22:58:11,42.9,124.42 M
2019-06-14 22:58:13,35.0,124.34 M
2019-06-14 22:58:15,35.0,122.58 M
2019-06-14 22:58:17,44.0,122.47 M
2019-06-14 22:58:19,43.0,122.62 M
2019-06-14 22:58:21,39.0,120.45 M
2019-06-14 22:58:23,45.9,120.72 M
2019-06-14 22:58:25,49.0,117.60 M
2019-06-14 22:58:27,47.0,119.97 M
2019-06-14 22:58:29,37.0,120.74 M
2019-06-14 22:58:31,37.0,117.91 M
2019-06-14 22:58:33,55.0,121.71 M
2019-06-14 22:58:35,56.9,120.76 M
2019-06-14 22:58:37,48.0,121.46 M
2019-06-14 22:58:39,45.9,122.63 M
2019-06-14 22:58:41,41.0,121.58 M
2019-06-14 22:58:43,38.0,120.52 M
2019-06-14 22:58:45,37.0,120.59 M
2019-06-14 22:58:47,39.0,120.93 M
2019-06-14 22:58:49,35.0,120.81 M
2019-06-14 22:58:51,42.9,122.56 M
2019-06-14 22:58:53,33.0,122.43 M
2019-06-14 22:58:55,34.0,122.85 M
2019-06-14 22:58:57,37.0,124.39 M
2019-06-14 22:58:59,42.0,119.17 M
2019-06-14 22:59:01,50.9,122.59 M
2019-06-14 22:59:03,42.9,122.56 M
2019-06-14 22:59:06,58.9,65.66 M
2019-06-14 22:59:08,42.0,86.06 M
2019-06-14 22:59:10,47.9,94.14 M
2019-06-14 22:59:12,47.9,95.54 M
2019-06-14 22:59:14,46.9,96.85 M
2019-06-14 22:59:16,46.0,97.32 M
2019-06-14 22:59:18,48.9,98.30 M
2019-06-14 22:59:20,42.9,97.96 M
2019-06-14 22:59:22,43.0,98.12 M
2019-06-14 22:59:24,40.0,97.80 M
2019-06-14 22:59:27,49.9,97.10 M
2019-06-14 22:59:29,53.9,98.14 M
2019-06-14 22:59:31,35.0,98.93 M
2019-06-14 22:59:33,33.0,101.13 M
2019-06-14 22:59:35,31.0,103.83 M
2019-06-14 22:59:37,36.0,100.78 M
2019-06-14 22:59:39,37.0,100.97 M
2019-06-14 22:59:41,37.0,103.00 M
2019-06-14 22:59:43,36.0,101.45 M
2019-06-14 22:59:45,38.0,101.90 M
2019-06-14 22:59:47,50.9,103.71 M
2019-06-14 22:59:49,47.9,104.51 M
2019-06-14 22:59:51,47.9,105.18 M
2019-06-14 22:59:53,41.0,106.64 M
2019-06-14 22:59:55,43.9,103.29 M
2019-06-14 22:59:57,30.0,104.04 M
2019-06-14 22:59:59,31.0,104.95 M
2019-06-14 23:00:01,31.0,106.85 M
2019-06-14 23:00:03,37.0,105.79 M
2019-06-14 23:00:05,42.9,104.65 M
2019-06-14 23:00:07,55.0,108.32 M
2019-06-14 23:00:09,43.0,103.89 M
2019-06-14 23:00:11,50.9,105.15 M
2019-06-14 23:00:13,38.0,108.05 M
2019-06-14 23:00:15,41.0,110.43 M
2019-06-14 23:00:17,32.0,107.24 M
2019-06-14 23:00:19,31.0,107.09 M
2019-06-14 23:00:21,38.0,107.90 M
2019-06-14 23:00:23,29.0,108.07 M
2019-06-14 23:00:25,34.0,106.64 M
2019-06-14 23:00:27,42.9,109.01 M
2019-06-14 23:00:29,44.0,108.96 M
2019-06-14 23:00:31,38.0,111.59 M
2019-06-14 23:00:33,32.0,111.59 M
2019-06-14 23:00:35,42.0,114.23 M
2019-06-14 23:00:37,42.0,110.19 M
2019-06-14 23:00:39,35.0,112.05 M
2019-06-14 23:00:41,35.0,115.19 M
2019-06-14 23:00:43,34.0,110.02 M
2019-06-14 23:00:45,42.9,110.14 M
2019-06-14 23:00:47,42.0,111.72 M
2019-06-14 23:00:49,49.9,112.18 M
2019-06-14 23:00:51,36.0,112.75 M
2019-06-14 23:00:53,42.9,113.20 M
2019-06-14 23:00:55,45.0,116.33 M
2019-06-14 23:00:57,47.9,115.79 M
2019-06-14 23:00:59,43.0,115.79 M
2019-06-14 23:01:01,38.0,116.59 M
2019-06-14 23:01:03,37.0,112.15 M
2019-06-14 23:01:05,47.9,115.08 M
2019-06-14 23:01:07,38.0,114.24 M
2019-06-14 23:01:09,46.9,117.55 M
2019-06-14 23:01:11,35.0,118.57 M
2019-06-14 23:01:13,33.0,115.21 M
2019-06-14 23:01:15,40.0,114.82 M
2019-06-14 23:01:17,30.0,116.39 M
2019-06-14 23:01:19,30.0,114.21 M
2019-06-14 23:01:21,41.9,115.22 M
2019-06-14 23:01:23,37.0,117.40 M
2019-06-14 23:01:25,44.9,117.57 M
2019-06-14 23:01:27,39.0,116.32 M
2019-06-14 23:01:29,30.0,115.79 M
2019-06-14 23:01:31,43.9,116.53 M
2019-06-14 23:01:33,36.0,117.43 M
2019-06-14 23:01:35,28.0,118.90 M
2019-06-14 23:01:37,35.0,121.76 M
2019-06-14 23:01:39,33.0,119.77 M
2019-06-14 23:01:41,34.0,120.17 M
2019-06-14 23:01:43,23.0,122.05 M
2019-06-14 23:01:45,33.0,117.80 M
2019-06-14 23:01:47,41.0,119.71 M
2019-06-14 23:01:49,39.0,121.29 M
2019-06-14 23:01:51,46.9,120.18 M
2019-06-14 23:01:53,28.0,120.16 M
2019-06-14 23:01:55,43.0,121.70 M
2019-06-14 23:01:57,43.9,122.21 M
2019-06-14 23:01:59,40.0,125.07 M
2019-06-14 23:02:01,36.0,125.83 M
2019-06-14 23:02:03,38.0,126.05 M
2019-06-14 23:02:05,40.9,123.90 M
2019-06-14 23:02:07,33.0,121.79 M
2019-06-14 23:02:09,31.0,123.93 M
2019-06-14 23:02:11,30.0,124.25 M
2019-06-14 23:02:13,38.0,123.57 M
2019-06-14 23:02:15,40.0,122.99 M
2019-06-14 23:02:17,39.0,124.97 M
2019-06-14 23:02:19,41.0,127.46 M
2019-06-14 23:02:21,33.0,129.39 M
2019-06-14 23:02:23,42.0,124.29 M
2019-06-14 23:02:25,35.0,124.30 M
2019-06-14 23:02:27,47.9,123.78 M
2019-06-14 23:02:29,27.0,125.46 M
2019-06-14 23:02:31,33.0,127.27 M
2019-06-14 23:02:33,37.0,127.43 M
2019-06-14 23:02:35,29.0,130.10 M
2019-06-14 23:02:37,30.0,124.92 M
2019-06-14 23:02:40,26.0,125.84 M
2019-06-14 23:02:42,33.0,128.54 M
2019-06-14 23:02:44,32.0,127.16 M
2019-06-14 23:02:46,39.0,129.51 M
2019-06-14 23:02:48,36.0,127.22 M
2019-06-14 23:02:50,31.0,129.79 M
2019-06-14 23:02:52,40.0,127.81 M
2019-06-14 23:02:54,30.0,130.11 M
2019-06-14 23:02:56,41.0,129.83 M
2019-06-14 23:02:58,26.0,131.96 M
2019-06-14 23:03:00,31.0,128.48 M
2019-06-14 23:03:02,44.0,130.10 M
2019-06-14 23:03:04,29.0,132.35 M
2019-06-14 23:03:06,35.0,131.37 M
2019-06-14 23:03:08,49.0,132.36 M
2019-06-14 23:03:10,45.9,134.46 M
2019-06-14 23:03:12,35.0,132.82 M
2019-06-14 23:03:14,31.0,132.82 M
2019-06-14 23:03:16,26.0,135.17 M
2019-06-14 23:03:18,37.0,129.62 M
2019-06-14 23:03:20,38.0,129.16 M
2019-06-14 23:03:22,36.0,127.69 M
2019-06-14 23:03:24,22.0,128.38 M
2019-06-14 23:03:26,30.0,131.22 M
2019-06-14 23:03:28,39.0,133.10 M
2019-06-14 23:03:30,41.9,131.09 M
2019-06-14 23:03:32,38.0,131.93 M
2019-06-14 23:03:34,31.0,134.96 M
2019-06-14 23:03:36,51.9,137.27 M
2019-06-14 23:03:38,28.0,132.67 M
2019-06-14 23:03:40,39.0,133.61 M
2019-06-14 23:03:42,35.0,134.09 M
2019-06-14 23:03:44,41.9,136.43 M
2019-06-14 23:03:46,43.9,134.81 M
2019-06-14 23:03:48,42.9,134.29 M
2019-06-14 23:03:50,29.0,136.51 M
2019-06-14 23:03:52,21.0,136.14 M
2019-06-14 23:03:54,44.9,134.95 M
2019-06-14 23:03:56,28.0,136.83 M
2019-06-14 23:03:58,19.0,135.87 M
2019-06-14 23:04:00,33.0,136.33 M
2019-06-14 23:04:02,28.0,134.82 M
2019-06-14 23:04:04,26.0,135.08 M
2019-06-14 23:04:07,67.0,64.47 M
2019-06-14 23:04:09,58.0,87.94 M
2019-06-14 23:04:11,52.9,92.49 M
2019-06-14 23:04:13,49.9,95.68 M
2019-06-14 23:04:15,53.9,97.08 M
2019-06-14 23:04:17,58.0,95.79 M
2019-06-14 23:04:19,45.9,97.24 M
2019-06-14 23:04:21,47.9,98.25 M
2019-06-14 23:04:23,41.0,97.61 M
2019-06-14 23:04:25,41.0,99.29 M
2019-06-14 23:04:27,37.0,101.72 M
2019-06-14 23:04:29,40.0,98.33 M
2019-06-14 23:04:31,40.9,98.11 M
2019-06-14 23:04:33,49.9,98.54 M
2019-06-14 23:04:35,44.0,99.99 M
2019-06-14 23:04:37,43.0,98.35 M
2019-06-14 23:04:39,48.9,99.54 M
2019-06-14 23:04:41,37.0,99.84 M
2019-06-14 23:04:43,42.0,100.36 M
2019-06-14 23:04:45,48.9,98.14 M
2019-06-14 23:04:47,44.9,101.20 M
2019-06-14 23:04:49,48.0,101.29 M
2019-06-14 23:04:51,46.9,103.15 M
2019-06-14 23:04:53,47.9,103.72 M
2019-06-14 23:04:55,47.0,99.08 M
2019-06-14 23:04:57,35.0,101.16 M
2019-06-14 23:04:59,30.0,101.45 M
2019-06-14 23:05:01,38.0,102.19 M
2019-06-14 23:05:03,43.0,103.38 M
2019-06-14 23:05:05,58.9,103.31 M
2019-06-14 23:05:07,44.9,103.87 M
2019-06-14 23:05:09,35.0,105.20 M
2019-06-14 23:05:11,43.9,107.78 M
2019-06-14 23:05:13,46.9,104.80 M
2019-06-14 23:05:15,35.0,105.23 M
2019-06-14 23:05:17,34.0,105.09 M
2019-06-14 23:05:19,47.9,106.71 M
2019-06-14 23:05:21,46.9,107.74 M
2019-06-14 23:05:23,45.0,109.21 M
2019-06-14 23:05:25,43.0,108.97 M
2019-06-14 23:05:27,51.0,108.61 M
2019-06-14 23:05:29,47.0,107.58 M
2019-06-14 23:05:31,42.0,106.58 M
2019-06-14 23:05:33,42.9,105.19 M
2019-06-14 23:05:35,43.0,107.34 M
2019-06-14 23:05:37,44.9,106.15 M
2019-06-14 23:05:39,52.9,107.05 M
2019-06-14 23:05:42,51.9,105.39 M
2019-06-14 23:05:44,63.9,65.62 M
2019-06-14 23:05:46,52.9,86.20 M
2019-06-14 23:05:48,36.0,93.30 M
2019-06-14 23:05:50,38.0,94.56 M
2019-06-14 23:05:52,40.0,94.50 M
2019-06-14 23:05:54,36.0,96.01 M
2019-06-14 23:05:56,42.0,97.82 M
2019-06-14 23:05:58,43.9,98.54 M
2019-06-14 23:06:00,40.0,98.99 M
2019-06-14 23:06:02,45.0,101.01 M
2019-06-14 23:06:04,46.9,99.96 M
2019-06-14 23:06:06,44.0,101.56 M
2019-06-14 23:06:08,37.0,103.71 M
2019-06-14 23:06:10,35.0,97.38 M
2019-06-14 23:06:12,40.0,99.87 M
2019-06-14 23:06:14,47.9,99.26 M
2019-06-14 23:06:16,51.0,99.17 M
2019-06-14 23:06:18,37.0,101.59 M
2019-06-14 23:06:20,41.9,101.48 M
2019-06-14 23:06:22,41.0,102.91 M
2019-06-14 23:06:24,35.0,106.05 M
2019-06-14 23:06:26,38.0,100.82 M
2019-06-14 23:06:28,46.0,103.44 M
2019-06-14 23:06:30,39.0,104.17 M
2019-06-14 23:06:32,40.0,103.29 M
2019-06-14 23:06:34,42.0,101.25 M
2019-06-14 23:06:36,40.9,101.40 M
2019-06-14 23:06:38,43.0,103.14 M
2019-06-14 23:06:40,48.9,103.76 M
2019-06-14 23:06:42,37.0,106.12 M
2019-06-14 23:06:44,37.0,104.32 M
2019-06-14 23:06:46,45.9,103.10 M
2019-06-14 23:06:48,38.0,104.69 M
2019-06-14 23:06:50,45.9,104.38 M
2019-06-14 23:06:52,48.0,106.90 M
2019-06-14 23:06:54,32.0,108.30 M
2019-06-14 23:06:56,39.0,109.88 M
2019-06-14 23:06:58,40.0,107.26 M
2019-06-14 23:07:00,42.0,108.56 M
2019-06-14 23:07:02,46.9,107.59 M
2019-06-14 23:07:04,47.0,108.49 M
2019-06-14 23:07:06,36.0,107.14 M
2019-06-14 23:07:08,32.0,108.16 M
2019-06-14 23:07:10,36.0,108.20 M
2019-06-14 23:07:12,37.0,107.56 M
2019-06-14 23:07:14,46.9,109.46 M
2019-06-14 23:07:16,38.0,109.71 M
2019-06-14 23:07:18,40.0,109.42 M
2019-06-14 23:07:20,38.0,109.45 M
2019-06-14 23:07:22,49.9,110.21 M
2019-06-14 23:07:24,38.0,110.88 M
2019-06-14 23:07:26,50.0,110.75 M
2019-06-14 23:07:28,45.9,111.35 M
2019-06-14 23:07:30,48.0,112.38 M
2019-06-14 23:07:32,51.9,114.43 M
2019-06-14 23:07:34,43.9,115.18 M
2019-06-14 23:07:36,44.9,118.50 M
2019-06-14 23:07:38,43.9,113.26 M
2019-06-14 23:07:40,48.9,115.70 M
2019-06-14 23:07:42,38.0,114.66 M
2019-06-14 23:07:44,48.9,116.19 M
2019-06-14 23:07:46,40.0,118.79 M
2019-06-14 23:07:48,43.9,119.20 M
2019-06-14 23:07:50,48.9,119.77 M
2019-06-14 23:07:52,42.0,122.55 M
2019-06-14 23:07:54,44.9,121.70 M
2019-06-14 23:07:56,40.0,117.32 M
2019-06-14 23:07:58,41.0,118.54 M
2019-06-14 23:08:00,43.9,119.82 M
2019-06-14 23:08:02,37.0,116.04 M
2019-06-14 23:08:04,35.0,118.86 M
2019-06-14 23:08:06,39.0,118.85 M
2019-06-14 23:08:08,38.0,120.39 M
2019-06-14 23:08:10,42.0,117.96 M
2019-06-14 23:08:12,40.0,119.77 M
2019-06-14 23:08:14,47.0,117.43 M
2019-06-14 23:08:16,47.9,119.71 M
2019-06-14 23:08:18,50.0,117.91 M
2019-06-14 23:08:20,45.9,121.23 M
2019-06-14 23:08:22,41.0,121.49 M
2019-06-14 23:08:24,44.9,124.33 M
2019-06-14 23:08:26,46.9,123.58 M
2019-06-14 23:08:28,45.0,121.92 M
2019-06-14 23:08:30,41.0,124.07 M
2019-06-14 23:08:32,40.0,123.70 M
2019-06-14 23:08:34,38.9,121.93 M
2019-06-14 23:08:36,44.0,123.21 M
2019-06-14 23:08:38,40.0,121.66 M
2019-06-14 23:08:40,39.0,121.87 M
2019-06-14 23:08:42,37.0,122.86 M
2019-06-14 23:08:44,38.0,125.89 M
2019-06-14 23:08:47,42.0,128.51 M
2019-06-14 23:08:49,41.9,123.46 M
2019-06-14 23:08:51,41.0,125.26 M
2019-06-14 23:08:53,45.9,123.93 M
2019-06-14 23:08:55,43.0,125.52 M
2019-06-14 23:08:57,44.9,120.91 M
2019-06-14 23:08:59,37.0,122.85 M
2019-06-14 23:09:01,48.9,125.95 M
2019-06-14 23:09:03,49.9,127.31 M
2019-06-14 23:09:05,43.0,129.06 M
2019-06-14 23:09:07,36.0,125.56 M
2019-06-14 23:09:09,44.9,128.62 M
2019-06-14 23:09:11,40.0,131.98 M
2019-06-14 23:09:13,37.0,126.98 M
2019-06-14 23:09:15,36.0,127.09 M
2019-06-14 23:09:17,43.9,127.05 M
2019-06-14 23:09:19,39.0,129.53 M
2019-06-14 23:09:21,47.9,129.27 M
2019-06-14 23:09:23,42.9,129.89 M
2019-06-14 23:09:25,50.9,132.43 M
2019-06-14 23:09:27,53.9,132.07 M
2019-06-14 23:09:29,40.0,133.71 M
2019-06-14 23:09:31,49.0,135.14 M
2019-06-14 23:09:33,38.0,137.30 M
2019-06-14 23:09:35,50.0,137.45 M
2019-06-14 23:09:37,42.0,141.16 M
2019-06-14 23:09:39,46.9,141.74 M
2019-06-14 23:09:41,40.0,143.98 M
2019-06-14 23:09:43,41.0,145.02 M
2019-06-14 23:09:45,38.0,145.64 M
2019-06-14 23:09:47,41.0,134.41 M
2019-06-14 23:09:49,39.0,131.75 M
2019-06-14 23:09:51,47.0,133.80 M
2019-06-14 23:09:53,45.9,131.80 M
2019-06-14 23:09:55,45.0,131.90 M
2019-06-14 23:09:57,33.0,133.69 M
2019-06-14 23:09:59,42.0,133.25 M
2019-06-14 23:10:01,40.9,135.47 M
2019-06-14 23:10:03,33.0,133.63 M
2019-06-14 23:10:05,40.0,133.59 M
2019-06-14 23:10:07,40.0,135.39 M
2019-06-14 23:10:09,48.9,134.05 M
2019-06-14 23:10:11,40.0,135.20 M
2019-06-14 23:10:13,45.0,136.95 M
2019-06-14 23:10:15,40.9,140.02 M
2019-06-14 23:10:17,51.9,137.65 M
2019-06-14 23:10:19,38.0,139.18 M
2019-06-14 23:10:21,45.9,140.21 M
2019-06-14 23:10:23,42.9,142.51 M
2019-06-14 23:10:25,43.9,138.22 M
2019-06-14 23:10:27,41.9,139.90 M
2019-06-14 23:10:29,36.0,140.25 M
2019-06-14 23:10:31,48.9,138.23 M
2019-06-14 23:10:33,43.9,138.48 M
2019-06-14 23:10:35,37.0,141.32 M
2019-06-14 23:10:37,39.0,142.01 M
2019-06-14 23:10:39,38.0,141.93 M
2019-06-14 23:10:41,34.0,137.27 M
2019-06-14 23:10:44,64.9,64.88 M
2019-06-14 23:10:46,67.9,87.71 M
2019-06-14 23:10:48,49.9,93.24 M
2019-06-14 23:10:50,55.9,95.05 M
2019-06-14 23:10:52,57.9,94.91 M
2019-06-14 23:10:54,52.9,96.14 M
2019-06-14 23:10:56,62.9,96.12 M
2019-06-14 23:10:58,50.9,92.97 M
2019-06-14 23:11:00,49.9,97.05 M
2019-06-14 23:11:02,53.9,98.33 M
2019-06-14 23:11:04,50.9,98.85 M
2019-06-14 23:11:06,48.0,97.01 M
2019-06-14 23:11:08,48.9,96.79 M
2019-06-14 23:11:10,43.0,99.56 M
2019-06-14 23:11:12,40.0,97.54 M
2019-06-14 23:11:14,43.0,98.42 M
2019-06-14 23:11:16,50.9,98.44 M
2019-06-14 23:11:18,47.9,100.25 M
2019-06-14 23:11:20,46.0,97.29 M
2019-06-14 23:11:22,51.0,98.91 M
2019-06-14 23:11:24,40.0,98.85 M
2019-06-14 23:11:26,48.0,101.21 M
2019-06-14 23:11:28,50.0,99.29 M
2019-06-14 23:11:30,43.0,99.89 M
2019-06-14 23:11:32,45.9,99.72 M
2019-06-14 23:11:34,49.9,100.07 M
2019-06-14 23:11:36,43.0,100.69 M
2019-06-14 23:11:38,44.0,100.43 M
2019-06-14 23:11:40,45.9,101.09 M
2019-06-14 23:11:42,42.0,101.54 M
2019-06-14 23:11:44,41.0,101.69 M
2019-06-14 23:11:46,44.9,101.00 M
2019-06-14 23:11:48,43.0,103.44 M
2019-06-14 23:11:50,43.9,103.00 M
2019-06-14 23:11:52,34.0,103.59 M
2019-06-14 23:11:55,36.0,102.89 M
2019-06-14 23:11:57,41.0,103.00 M
2019-06-14 23:11:59,39.0,103.04 M
2019-06-14 23:12:01,45.9,103.81 M
2019-06-14 23:12:03,50.0,102.53 M
2019-06-14 23:12:05,41.0,103.18 M
2019-06-14 23:12:07,32.0,105.41 M
2019-06-14 23:12:09,42.0,107.45 M
2019-06-14 23:12:11,40.0,104.87 M
2019-06-14 23:12:13,48.0,105.04 M
2019-06-14 23:12:15,44.9,107.60 M
2019-06-14 23:12:17,31.0,106.64 M
2019-06-14 23:12:19,42.9,106.28 M
2019-06-14 23:12:21,43.9,107.38 M
2019-06-14 23:12:23,44.0,106.59 M
2019-06-14 23:12:25,46.9,104.28 M
2019-06-14 23:12:27,44.0,105.79 M
2019-06-14 23:12:29,48.0,106.80 M
2019-06-14 23:12:31,36.0,108.64 M
2019-06-14 23:12:33,42.9,109.62 M
2019-06-14 23:12:35,47.9,108.95 M
2019-06-14 23:12:37,46.0,106.87 M
2019-06-14 23:12:39,40.0,108.53 M
2019-06-14 23:12:41,45.9,107.81 M
2019-06-14 23:12:43,48.9,108.73 M
2019-06-14 23:12:45,47.0,111.53 M
2019-06-14 23:12:47,47.0,112.16 M
2019-06-14 23:12:49,30.0,112.06 M
2019-06-14 23:12:51,42.0,108.27 M
2019-06-14 23:12:53,43.9,108.68 M
2019-06-14 23:12:55,48.9,108.73 M
2019-06-14 23:12:57,46.9,109.46 M
2019-06-14 23:12:59,40.9,110.11 M
2019-06-14 23:13:01,42.0,112.65 M
2019-06-14 23:13:03,43.9,115.16 M
2019-06-14 23:13:05,48.9,110.77 M
2019-06-14 23:13:07,48.9,111.67 M
2019-06-14 23:13:09,41.9,113.55 M
2019-06-14 23:13:11,41.0,116.36 M
2019-06-14 23:13:13,46.9,116.88 M
2019-06-14 23:13:15,46.9,109.05 M
2019-06-14 23:13:17,44.0,109.69 M
2019-06-14 23:13:19,44.9,110.90 M
2019-06-14 23:13:21,40.0,112.28 M
2019-06-14 23:13:23,49.0,112.64 M
2019-06-14 23:13:25,47.9,110.98 M
2019-06-14 23:13:27,45.9,111.03 M
2019-06-14 23:13:29,45.9,110.72 M
2019-06-14 23:13:31,49.9,111.34 M
2019-06-14 23:13:33,43.0,112.32 M
2019-06-14 23:13:35,46.9,114.60 M
2019-06-14 23:13:37,37.0,113.33 M
2019-06-14 23:13:39,40.0,115.26 M
2019-06-14 23:13:41,43.0,113.86 M
2019-06-14 23:13:43,49.9,114.27 M
2019-06-14 23:13:45,42.0,113.09 M
2019-06-14 23:13:47,49.0,116.27 M
2019-06-14 23:13:49,42.9,116.86 M
2019-06-14 23:13:51,52.9,117.96 M
2019-06-14 23:13:53,50.9,115.29 M
2019-06-14 23:13:55,43.0,114.34 M
2019-06-14 23:13:57,48.0,116.86 M
2019-06-14 23:13:59,47.9,118.62 M
2019-06-14 23:14:01,46.9,117.75 M
2019-06-14 23:14:03,49.9,116.98 M
2019-06-14 23:14:05,49.0,116.26 M
2019-06-14 23:14:07,54.9,117.66 M
2019-06-14 23:14:09,44.9,118.76 M
2019-06-14 23:14:11,44.9,119.76 M
2019-06-14 23:14:13,50.9,121.00 M
2019-06-14 23:14:15,48.9,119.87 M
2019-06-14 23:14:17,46.9,118.91 M
2019-06-14 23:14:19,35.0,120.45 M
2019-06-14 23:14:21,36.0,120.05 M
2019-06-14 23:14:23,34.0,121.21 M
2019-06-14 23:14:25,41.0,119.98 M
2019-06-14 23:14:27,44.0,122.51 M
2019-06-14 23:14:29,46.9,119.63 M
2019-06-14 23:14:31,56.9,121.41 M
2019-06-14 23:14:33,43.9,119.62 M
2019-06-14 23:14:35,50.9,120.34 M
2019-06-14 23:14:37,43.9,121.10 M
2019-06-14 23:14:39,45.9,119.39 M
2019-06-14 23:14:41,44.0,119.18 M
2019-06-14 23:14:43,50.9,120.42 M
2019-06-14 23:14:45,42.0,119.64 M
2019-06-14 23:14:47,43.9,120.26 M
2019-06-14 23:14:49,39.0,122.28 M
2019-06-14 23:14:51,41.9,121.84 M
2019-06-14 23:14:53,39.0,119.90 M
2019-06-14 23:14:55,44.9,122.64 M
2019-06-14 23:14:57,48.9,122.74 M
2019-06-14 23:14:59,51.9,120.15 M
2019-06-14 23:15:01,41.9,121.41 M
2019-06-14 23:15:03,49.9,123.41 M
2019-06-14 23:15:06,41.0,122.08 M
2019-06-14 23:15:08,44.9,121.45 M
2019-06-14 23:15:10,30.0,123.21 M
2019-06-14 23:15:12,37.0,124.15 M
2019-06-14 23:15:14,36.0,124.14 M
2019-06-14 23:15:16,40.0,120.75 M
2019-06-14 23:15:18,35.0,122.01 M
2019-06-14 23:15:20,42.0,122.59 M
2019-06-14 23:15:22,52.0,121.93 M
2019-06-14 23:15:24,55.0,123.46 M
2019-06-14 23:15:26,37.0,125.50 M
2019-06-14 23:15:28,46.0,126.23 M
2019-06-14 23:15:30,44.0,127.57 M
2019-06-14 23:15:32,42.0,129.78 M
2019-06-14 23:15:34,41.0,123.80 M
2019-06-14 23:15:36,44.9,125.86 M
2019-06-14 23:15:38,41.0,124.69 M
2019-06-14 23:15:40,41.0,124.38 M
2019-06-14 23:15:42,41.0,126.87 M
2019-06-14 23:15:45,64.9,64.86 M
2019-06-14 23:15:47,55.0,86.31 M
2019-06-14 23:15:49,53.9,93.43 M
2019-06-14 23:15:51,60.9,64.34 M
2019-06-14 23:15:54,56.9,64.35 M
2019-06-14 23:15:56,48.0,86.12 M
2019-06-14 23:15:58,40.0,91.38 M
2019-06-14 23:16:00,50.9,95.62 M
2019-06-14 23:16:02,56.9,96.57 M
2019-06-14 23:16:04,37.0,96.97 M
2019-06-14 23:16:06,43.0,96.43 M
2019-06-14 23:16:08,49.9,98.46 M
2019-06-14 23:16:10,41.0,98.43 M
2019-06-14 23:16:12,40.0,98.72 M
2019-06-14 23:16:14,43.0,97.27 M
2019-06-14 23:16:16,42.0,97.04 M
2019-06-14 23:16:18,41.0,96.76 M
2019-06-14 23:16:20,36.0,97.73 M
2019-06-14 23:16:22,41.0,97.18 M
2019-06-14 23:16:24,48.9,97.53 M
2019-06-14 23:16:26,46.9,98.45 M
2019-06-14 23:16:28,38.0,98.62 M
2019-06-14 23:16:30,39.0,101.41 M
2019-06-14 23:16:32,42.9,103.72 M
2019-06-14 23:16:34,50.9,99.96 M
2019-06-14 23:16:36,45.9,100.51 M
2019-06-14 23:16:38,41.9,103.00 M
2019-06-14 23:16:40,34.0,105.38 M
2019-06-14 23:16:42,41.0,104.11 M
2019-06-14 23:16:44,46.9,105.18 M
2019-06-14 23:16:46,44.9,105.64 M
2019-06-14 23:16:48,40.9,106.71 M
2019-06-14 23:16:50,40.0,108.64 M
2019-06-14 23:16:52,40.9,108.31 M
2019-06-14 23:16:54,50.9,110.85 M
2019-06-14 23:16:56,42.0,109.23 M
2019-06-14 23:16:58,38.0,108.52 M
2019-06-14 23:17:00,34.0,108.14 M
2019-06-14 23:17:02,40.0,108.94 M
2019-06-14 23:17:04,44.9,107.36 M
2019-06-14 23:17:06,40.0,106.30 M
2019-06-14 23:17:08,44.9,106.10 M
2019-06-14 23:17:10,45.9,105.72 M
2019-06-14 23:17:12,49.9,105.63 M
2019-06-14 23:17:14,49.0,108.82 M
2019-06-14 23:17:16,42.9,112.02 M
2019-06-14 23:17:18,47.9,109.17 M
2019-06-14 23:17:20,36.0,107.32 M
2019-06-14 23:17:22,27.0,108.34 M
2019-06-14 23:17:24,43.9,110.11 M
2019-06-14 23:17:26,44.9,109.04 M
2019-06-14 23:17:28,42.9,109.10 M
2019-06-14 23:17:30,46.0,109.65 M
2019-06-14 23:17:32,39.0,110.70 M
2019-06-14 23:17:35,48.0,110.40 M
2019-06-14 23:17:37,41.9,111.82 M
2019-06-14 23:17:39,37.0,111.80 M
2019-06-14 23:17:41,46.9,111.43 M
2019-06-14 23:17:43,51.0,112.09 M
2019-06-14 23:17:45,41.0,114.11 M
2019-06-14 23:17:47,41.9,115.87 M
2019-06-14 23:17:49,44.9,116.12 M
2019-06-14 23:17:51,36.0,117.88 M
2019-06-14 23:17:53,34.0,116.32 M
2019-06-14 23:17:55,51.0,115.71 M
2019-06-14 23:17:57,33.0,116.23 M
2019-06-14 23:17:59,36.0,119.28 M
2019-06-14 23:18:01,30.0,119.79 M
2019-06-14 23:18:03,32.0,123.59 M
2019-06-14 23:18:05,36.0,118.88 M
2019-06-14 23:18:07,36.0,116.75 M
2019-06-14 23:18:09,49.9,117.54 M
2019-06-14 23:18:11,46.0,120.25 M
2019-06-14 23:18:13,38.0,119.44 M
2019-06-14 23:18:15,42.0,121.38 M
2019-06-14 23:18:17,40.0,122.05 M
2019-06-14 23:18:19,44.9,122.36 M
2019-06-14 23:18:21,44.9,124.59 M
2019-06-14 23:18:23,46.9,124.91 M
2019-06-14 23:18:25,43.0,117.57 M
2019-06-14 23:18:27,41.0,117.41 M
2019-06-14 23:18:29,41.0,118.48 M
2019-06-14 23:18:31,37.0,120.28 M
2019-06-14 23:18:33,38.0,122.49 M
2019-06-14 23:18:35,36.0,121.46 M
2019-06-14 23:18:37,34.0,118.68 M
2019-06-14 23:18:39,36.0,118.11 M
2019-06-14 23:18:41,49.0,117.31 M
2019-06-14 23:18:43,46.0,119.79 M
2019-06-14 23:18:45,39.0,120.81 M
2019-06-14 23:18:47,32.0,120.08 M
2019-06-14 23:18:49,29.0,123.04 M
2019-06-14 23:18:51,35.0,121.44 M
2019-06-14 23:18:53,38.0,122.39 M
2019-06-14 23:18:55,41.0,123.16 M
2019-06-14 23:18:57,37.0,123.70 M
2019-06-14 23:18:59,42.9,122.80 M
2019-06-14 23:19:01,36.0,122.65 M
2019-06-14 23:19:03,43.9,122.65 M
2019-06-14 23:19:05,41.0,125.23 M
2019-06-14 23:19:07,36.0,123.76 M
2019-06-14 23:19:09,33.0,125.78 M
2019-06-14 23:19:11,43.0,126.34 M
2019-06-14 23:19:13,35.0,126.76 M
2019-06-14 23:19:15,31.0,126.96 M
2019-06-14 23:19:17,32.0,124.54 M
2019-06-14 23:19:19,37.0,124.23 M
2019-06-14 23:19:21,35.0,124.62 M
2019-06-14 23:19:23,36.0,127.08 M
2019-06-14 23:19:25,28.0,126.17 M
2019-06-14 23:19:27,37.0,123.81 M
2019-06-14 23:19:29,37.0,125.94 M
2019-06-14 23:19:31,36.0,126.39 M
2019-06-14 23:19:33,37.0,128.19 M
2019-06-14 23:19:35,42.0,127.55 M
2019-06-14 23:19:37,47.0,129.60 M
2019-06-14 23:19:39,42.0,131.41 M
2019-06-14 23:19:41,41.0,131.41 M
2019-06-14 23:19:43,29.0,127.54 M
2019-06-14 23:19:45,32.0,127.48 M
2019-06-14 23:19:47,36.0,128.10 M
2019-06-14 23:19:49,41.0,128.92 M
2019-06-14 23:19:51,29.0,129.26 M
2019-06-14 23:19:53,46.0,128.14 M
2019-06-14 23:19:55,43.0,126.91 M
2019-06-14 23:19:57,39.0,129.07 M
2019-06-14 23:19:59,39.0,129.33 M
2019-06-14 23:20:01,35.0,131.30 M
2019-06-14 23:20:03,43.0,131.49 M
2019-06-14 23:20:05,35.0,132.77 M
2019-06-14 23:20:07,40.9,130.68 M
2019-06-14 23:20:09,43.0,129.02 M
2019-06-14 23:20:11,47.0,131.39 M
2019-06-14 23:20:13,26.0,131.90 M
2019-06-14 23:20:15,49.9,130.12 M
2019-06-14 23:20:17,43.0,131.53 M
2019-06-14 23:20:19,35.0,132.61 M
2019-06-14 23:20:21,34.0,135.34 M
2019-06-14 23:20:23,26.0,131.69 M
2019-06-14 23:20:25,39.0,134.46 M
2019-06-14 23:20:27,42.0,134.91 M
2019-06-14 23:20:29,37.0,133.29 M
2019-06-14 23:20:31,36.0,133.29 M
2019-06-14 23:20:33,38.0,135.29 M
2019-06-14 23:20:35,39.0,134.59 M
2019-06-14 23:20:37,39.9,132.61 M
2019-06-14 23:20:39,38.0,133.19 M
2019-06-14 23:20:41,43.9,134.57 M
2019-06-14 23:20:43,42.9,136.37 M
2019-06-14 23:20:45,36.0,135.04 M
2019-06-14 23:20:47,42.9,135.88 M
2019-06-14 23:20:50,38.0,133.66 M
2019-06-14 23:20:52,34.0,134.70 M
2019-06-14 23:20:56,56.0,58.93 M
2019-06-14 23:20:58,58.9,85.77 M
2019-06-14 23:21:00,43.9,90.95 M
2019-06-14 23:21:02,45.9,94.23 M
2019-06-14 23:21:04,48.9,96.51 M
2019-06-14 23:21:06,51.0,95.75 M
2019-06-14 23:21:08,40.0,96.04 M
2019-06-14 23:21:10,52.9,98.14 M
2019-06-14 23:21:12,37.0,97.91 M
2019-06-14 23:21:14,48.9,96.71 M
2019-06-14 23:21:16,49.9,100.42 M
2019-06-14 23:21:18,44.9,98.71 M
2019-06-14 23:21:20,44.0,98.25 M
2019-06-14 23:21:22,46.0,97.77 M
2019-06-14 23:21:24,40.0,98.44 M
2019-06-14 23:21:26,40.0,99.01 M
2019-06-14 23:21:28,39.0,98.86 M
2019-06-14 23:21:30,43.9,99.70 M
2019-06-14 23:21:32,39.0,100.90 M
2019-06-14 23:21:34,44.9,100.45 M
2019-06-14 23:21:36,45.9,100.49 M
2019-06-14 23:21:38,40.0,100.78 M
2019-06-14 23:21:40,47.9,103.84 M
2019-06-14 23:21:42,45.9,105.75 M
2019-06-14 23:21:44,40.0,108.42 M
2019-06-14 23:21:46,46.9,104.59 M
2019-06-14 23:21:48,44.9,107.23 M
2019-06-14 23:21:50,37.0,103.78 M
2019-06-14 23:21:52,31.0,105.73 M
2019-06-14 23:21:54,32.0,105.38 M
2019-06-14 23:21:56,38.0,105.38 M
2019-06-14 23:21:58,43.9,105.64 M
2019-06-14 23:22:00,44.0,105.39 M
2019-06-14 23:22:02,37.0,105.61 M
2019-06-14 23:22:04,33.0,108.43 M
2019-06-14 23:22:06,44.9,111.30 M
2019-06-14 23:22:08,39.0,108.13 M
2019-06-14 23:22:10,48.9,110.71 M
2019-06-14 23:22:12,48.9,109.33 M
2019-06-14 23:22:14,45.0,106.79 M
2019-06-14 23:22:16,39.0,108.82 M
2019-06-14 23:22:18,29.0,108.00 M
2019-06-14 23:22:20,47.0,110.09 M
2019-06-14 23:22:22,38.0,109.56 M
2019-06-14 23:22:24,44.9,112.43 M
2019-06-14 23:22:26,29.0,110.30 M
2019-06-14 23:22:28,42.9,111.61 M
2019-06-14 23:22:30,45.9,112.35 M
2019-06-14 23:22:32,42.0,114.69 M
2019-06-14 23:22:34,44.9,117.79 M
2019-06-14 23:22:36,44.0,112.88 M
2019-06-14 23:22:38,47.9,112.16 M
2019-06-14 23:22:40,48.9,112.45 M
2019-06-14 23:22:42,43.9,111.89 M
2019-06-14 23:22:44,46.9,113.71 M
2019-06-14 23:22:46,44.9,116.48 M
2019-06-14 23:22:48,25.0,117.00 M
2019-06-14 23:22:50,43.0,118.54 M
2019-06-14 23:22:52,43.9,120.88 M
2019-06-14 23:22:54,37.0,115.35 M
2019-06-14 23:22:56,44.0,116.77 M
2019-06-14 23:22:58,51.9,115.43 M
2019-06-14 23:23:00,27.0,117.70 M
2019-06-14 23:23:02,35.0,116.77 M
2019-06-14 23:23:04,44.9,119.60 M
2019-06-14 23:23:06,45.9,117.55 M
2019-06-14 23:23:08,40.0,117.57 M
2019-06-14 23:23:10,43.9,118.32 M
2019-06-14 23:23:12,30.0,120.89 M
2019-06-14 23:23:14,33.0,115.30 M
2019-06-14 23:23:16,47.0,118.03 M
2019-06-14 23:23:18,44.9,119.15 M
2019-06-14 23:23:20,38.0,120.21 M
2019-06-14 23:23:22,39.0,123.54 M
2019-06-14 23:23:24,28.0,121.18 M
2019-06-14 23:23:26,30.0,119.05 M
2019-06-14 23:23:28,34.0,119.53 M
2019-06-14 23:23:30,41.0,118.09 M
2019-06-14 23:23:32,31.0,118.86 M
2019-06-14 23:23:34,41.0,121.15 M
2019-06-14 23:23:36,39.0,123.29 M
2019-06-14 23:23:38,38.0,121.89 M
2019-06-14 23:23:40,39.0,120.12 M
2019-06-14 23:23:43,44.9,117.26 M
2019-06-14 23:23:45,42.0,117.25 M
2019-06-14 23:23:47,35.0,118.52 M
2019-06-14 23:23:49,38.0,121.61 M
2019-06-14 23:23:51,31.0,122.38 M
2019-06-14 23:23:53,36.0,123.93 M
2019-06-14 23:23:55,30.0,125.01 M
2019-06-14 23:23:57,42.0,124.36 M
2019-06-14 23:23:59,33.0,122.07 M
2019-06-14 23:24:01,38.0,122.62 M
2019-06-14 23:24:03,39.0,124.41 M
2019-06-14 23:24:05,35.0,125.59 M
2019-06-14 23:24:07,30.0,123.30 M
2019-06-14 23:24:09,33.0,123.25 M
2019-06-14 23:24:11,34.0,123.27 M
2019-06-14 23:24:13,31.0,123.57 M
2019-06-14 23:24:15,35.0,124.47 M
2019-06-14 23:24:17,29.0,126.26 M
2019-06-14 23:24:19,44.9,125.86 M
2019-06-14 23:24:21,33.0,126.79 M
2019-06-14 23:24:23,38.0,126.79 M
2019-06-14 23:24:25,49.9,129.36 M
2019-06-14 23:24:27,40.0,126.00 M
2019-06-14 23:24:29,38.0,127.87 M
2019-06-14 23:24:31,42.0,130.19 M
2019-06-14 23:24:33,32.0,127.51 M
2019-06-14 23:24:35,33.0,129.82 M
2019-06-14 23:24:37,39.0,127.84 M
2019-06-14 23:24:39,36.0,129.12 M
2019-06-14 23:24:41,28.0,130.15 M
2019-06-14 23:24:43,33.0,133.50 M
2019-06-14 23:24:45,38.0,133.50 M
2019-06-14 23:24:47,37.0,133.50 M
2019-06-14 23:24:49,35.0,134.50 M
2019-06-14 23:24:51,41.0,128.11 M
2019-06-14 23:24:53,35.0,129.96 M
2019-06-14 23:24:55,43.0,130.21 M
2019-06-14 23:24:57,39.0,132.74 M
2019-06-14 23:24:59,32.0,132.75 M
2019-06-14 23:25:01,49.0,133.77 M
2019-06-14 23:25:03,31.0,136.85 M
2019-06-14 23:25:05,41.0,135.69 M
2019-06-14 23:25:07,31.0,135.95 M
2019-06-14 23:25:09,35.0,139.28 M
2019-06-14 23:25:11,34.0,130.02 M
2019-06-14 23:25:13,35.0,130.21 M
2019-06-14 23:25:15,30.0,132.50 M
2019-06-14 23:25:17,49.9,134.13 M
2019-06-14 23:25:19,31.0,132.35 M
2019-06-14 23:25:21,31.0,135.68 M
2019-06-14 23:25:23,26.0,137.47 M
2019-06-14 23:25:25,39.0,133.84 M
2019-06-14 23:25:27,42.0,133.61 M
2019-06-14 23:25:29,41.0,133.61 M
2019-06-14 23:25:31,35.0,136.57 M
2019-06-14 23:25:33,35.0,134.05 M
2019-06-14 23:25:35,25.0,135.59 M
2019-06-14 23:25:37,37.0,135.27 M
2019-06-14 23:25:39,37.0,135.98 M
2019-06-14 23:25:41,46.0,135.91 M
2019-06-14 23:25:43,39.0,136.91 M
2019-06-14 23:25:45,27.0,140.00 M
2019-06-14 23:25:47,42.0,138.93 M
2019-06-14 23:25:49,34.0,140.04 M
2019-06-14 23:25:51,44.9,142.37 M
2019-06-14 23:25:53,29.0,143.66 M
2019-06-14 23:25:56,61.0,64.67 M
2019-06-14 23:25:58,40.0,86.09 M
2019-06-14 23:26:00,38.0,92.71 M
2019-06-14 23:26:02,47.9,94.93 M
2019-06-14 23:26:04,35.0,96.43 M
2019-06-14 23:26:06,46.9,97.27 M
2019-06-14 23:26:08,45.9,98.30 M
2019-06-14 23:26:10,52.9,97.82 M
2019-06-14 23:26:12,42.9,98.83 M
2019-06-14 23:26:14,43.0,102.07 M
2019-06-14 23:26:16,44.9,97.63 M
2019-06-14 23:26:18,45.0,98.79 M
2019-06-14 23:26:20,53.0,100.72 M
2019-06-14 23:26:22,40.0,99.81 M
2019-06-14 23:26:24,43.9,101.75 M
2019-06-14 23:26:26,40.0,105.49 M
2019-06-14 23:26:28,40.0,100.38 M
2019-06-14 23:26:30,37.0,102.58 M
2019-06-14 23:26:32,53.0,104.54 M
2019-06-14 23:26:34,39.0,105.46 M
2019-06-14 23:26:36,38.0,108.77 M
2019-06-14 23:26:38,34.0,104.63 M
2019-06-14 23:26:40,36.0,103.74 M
2019-06-14 23:26:42,36.0,105.33 M
2019-06-14 23:26:44,37.0,105.20 M
2019-06-14 23:26:46,44.0,102.95 M
2019-06-14 23:26:49,45.9,104.48 M
2019-06-14 23:26:51,41.0,106.53 M
2019-06-14 23:26:53,43.0,109.48 M
2019-06-14 23:26:55,44.9,106.26 M
2019-06-14 23:26:57,43.9,106.70 M
2019-06-14 23:26:59,40.0,106.93 M
2019-06-14 23:27:01,43.0,107.24 M
2019-06-14 23:27:03,42.0,105.61 M
2019-06-14 23:27:05,49.0,108.54 M
2019-06-14 23:27:07,45.9,107.09 M
2019-06-14 23:27:09,37.0,107.27 M
2019-06-14 23:27:11,37.0,106.52 M
2019-06-14 23:27:13,40.0,108.43 M
2019-06-14 23:27:15,44.9,108.08 M
2019-06-14 23:27:17,47.9,108.22 M
2019-06-14 23:27:19,44.9,109.29 M
2019-06-14 23:27:21,45.0,111.20 M
2019-06-14 23:27:23,46.9,110.52 M
2019-06-14 23:27:25,45.0,111.77 M
2019-06-14 23:27:27,38.0,109.27 M
2019-06-14 23:27:29,41.0,112.70 M
2019-06-14 23:27:31,44.9,111.70 M
2019-06-14 23:27:33,50.9,112.15 M
2019-06-14 23:27:35,47.9,112.88 M
2019-06-14 23:27:37,48.9,114.53 M
2019-06-14 23:27:39,44.9,115.61 M
2019-06-14 23:27:41,45.9,114.05 M
2019-06-14 23:27:43,40.0,116.98 M
2019-06-14 23:27:45,44.9,118.00 M
2019-06-14 23:27:47,35.0,119.63 M
2019-06-14 23:27:49,40.0,120.90 M
2019-06-14 23:27:51,32.0,122.79 M
2019-06-14 23:27:53,33.0,114.57 M
2019-06-14 23:27:55,40.0,114.26 M
2019-06-14 23:27:57,49.9,115.41 M
2019-06-14 23:27:59,36.0,114.84 M
2019-06-14 23:28:01,41.0,116.10 M
2019-06-14 23:28:03,35.0,114.92 M
2019-06-14 23:28:05,42.9,116.79 M
2019-06-14 23:28:07,46.9,115.36 M
2019-06-14 23:28:09,62.9,58.42 M
2019-06-14 23:28:11,35.0,66.35 M
2019-06-14 23:28:13,31.0,83.69 M
2019-06-14 23:28:15,40.0,87.62 M
2019-06-14 23:28:17,38.0,90.95 M
2019-06-14 23:28:19,40.0,92.41 M
2019-06-14 23:28:21,33.0,93.13 M
2019-06-14 23:28:23,28.0,94.04 M
2019-06-14 23:28:25,28.0,94.04 M
2019-06-14 23:28:27,33.0,94.27 M
2019-06-14 23:28:29,28.0,95.72 M
2019-06-14 23:28:31,32.0,95.96 M
2019-06-14 23:28:33,32.0,96.40 M
2019-06-14 23:28:35,29.0,97.38 M
2019-06-14 23:28:37,33.0,97.38 M
2019-06-14 23:28:39,35.0,98.82 M
2019-06-14 23:28:41,32.0,99.57 M
2019-06-14 23:28:43,35.0,100.39 M
2019-06-14 23:28:45,31.0,100.65 M
2019-06-14 23:28:47,33.0,99.22 M
2019-06-14 23:28:49,32.0,100.42 M
2019-06-14 23:28:51,35.0,101.20 M
2019-06-14 23:28:53,40.0,100.63 M
2019-06-14 23:28:55,20.0,101.01 M
2019-06-14 23:28:57,39.0,101.65 M
2019-06-14 23:28:59,33.0,103.13 M
2019-06-14 23:29:01,29.0,103.61 M
2019-06-14 23:29:03,43.0,104.98 M
2019-06-14 23:29:05,31.0,104.98 M
2019-06-14 23:29:07,27.0,105.22 M
2019-06-14 23:29:09,35.0,106.59 M
2019-06-14 23:29:11,31.0,106.75 M
2019-06-14 23:29:13,26.0,108.08 M
2019-06-14 23:29:15,26.0,108.08 M
2019-06-14 23:29:17,28.0,108.08 M
2019-06-14 23:29:19,26.0,108.37 M
2019-06-14 23:29:21,32.0,109.32 M
2019-06-14 23:29:23,31.0,106.69 M
2019-06-14 23:29:25,29.0,107.25 M
2019-06-14 23:29:27,27.0,107.99 M
2019-06-14 23:29:29,31.0,108.26 M
2019-06-14 23:29:31,23.0,109.29 M
2019-06-14 23:29:33,32.0,110.80 M
2019-06-14 23:29:35,35.0,110.92 M
2019-06-14 23:29:37,31.0,111.43 M
2019-06-14 23:29:39,30.0,111.65 M
2019-06-14 23:29:41,25.0,110.78 M
2019-06-14 23:29:44,31.0,111.52 M
2019-06-14 23:29:46,36.0,112.06 M
2019-06-14 23:29:48,29.0,113.32 M
2019-06-14 23:29:50,29.0,113.32 M
2019-06-14 23:29:52,35.0,114.86 M
2019-06-14 23:29:54,23.0,115.62 M
2019-06-14 23:29:56,29.0,115.62 M
2019-06-14 23:29:58,31.0,117.16 M
2019-06-14 23:30:00,28.0,117.38 M
2019-06-14 23:30:02,34.0,113.97 M
2019-06-14 23:30:04,27.0,114.67 M
2019-06-14 23:30:06,26.0,115.95 M
2019-06-14 23:30:08,28.0,116.93 M
2019-06-14 23:30:10,29.0,118.50 M
2019-06-14 23:30:12,24.0,119.74 M
2019-06-14 23:30:14,26.0,118.79 M
2019-06-14 23:30:16,27.0,118.99 M
2019-06-14 23:30:18,27.0,119.73 M
2019-06-14 23:30:20,27.0,116.06 M
2019-06-14 23:30:22,33.0,116.30 M
2019-06-14 23:30:24,29.0,117.34 M
2019-06-14 23:30:26,23.0,118.59 M
2019-06-14 23:30:28,29.0,119.07 M
2019-06-14 23:30:30,30.0,120.86 M
2019-06-14 23:30:32,22.0,120.86 M
2019-06-14 23:30:34,32.0,120.11 M
2019-06-14 23:30:36,25.0,121.35 M
2019-06-14 23:30:38,27.0,121.35 M
2019-06-14 23:30:40,30.0,121.58 M
2019-06-14 23:30:42,29.0,123.38 M
2019-06-14 23:30:44,24.0,123.38 M
2019-06-14 23:30:46,36.0,123.18 M
2019-06-14 23:30:48,28.0,124.88 M
2019-06-14 23:30:50,24.0,126.13 M
2019-06-14 23:30:52,26.0,126.89 M
2019-06-14 23:30:54,24.0,126.89 M
2019-06-14 23:30:56,24.0,129.19 M
2019-06-14 23:30:58,19.0,127.49 M
2019-06-14 23:31:00,26.0,127.49 M
2019-06-14 23:31:02,27.0,128.26 M
2019-06-14 23:31:04,26.0,125.10 M
2019-06-14 23:31:06,20.0,125.10 M
2019-06-14 23:31:08,25.0,125.85 M
2019-06-14 23:31:10,24.0,127.60 M
2019-06-14 23:31:12,26.0,127.60 M
2019-06-14 23:31:14,24.0,128.09 M
2019-06-14 23:31:16,27.0,126.31 M
2019-06-14 23:31:18,24.0,126.31 M
2019-06-14 23:31:20,27.0,126.82 M
2019-06-14 23:31:22,23.0,128.82 M
2019-06-14 23:31:24,24.0,129.07 M
2019-06-14 23:31:26,25.0,129.57 M
2019-06-14 23:31:28,29.0,128.84 M
2019-06-14 23:31:30,25.0,128.84 M
2019-06-14 23:31:32,23.0,129.34 M
2019-06-14 23:31:34,21.0,131.34 M
2019-06-14 23:31:36,25.0,132.11 M
2019-06-14 23:31:38,24.0,132.36 M
2019-06-14 23:31:40,26.0,130.45 M
2019-06-14 23:31:42,22.0,130.96 M
2019-06-14 23:31:44,26.0,131.18 M
2019-06-14 23:31:46,24.0,132.40 M
2019-06-14 23:31:48,27.0,132.66 M
2019-06-14 23:31:50,21.0,132.89 M
2019-06-14 23:31:52,27.0,134.12 M
2019-06-14 23:31:54,26.0,134.12 M
2019-06-14 23:31:56,29.0,134.12 M
2019-06-14 23:31:58,16.0,134.34 M
2019-06-14 23:32:00,20.0,136.12 M
2019-06-14 23:32:02,22.0,136.89 M
2019-06-14 23:32:04,32.0,136.05 M
2019-06-14 23:32:06,17.0,137.21 M
2019-06-14 23:32:08,22.0,137.21 M
2019-06-14 23:32:10,25.0,137.46 M
2019-06-14 23:32:12,25.0,138.71 M
2019-06-14 23:32:14,28.0,138.96 M
2019-06-14 23:32:16,24.0,140.48 M
2019-06-14 23:32:18,29.0,143.53 M
2019-06-14 23:32:20,25.0,143.79 M
2019-06-14 23:32:22,25.0,139.58 M
2019-06-14 23:32:24,29.0,140.54 M
2019-06-14 23:32:26,25.0,140.54 M
2019-06-14 23:32:28,20.0,140.60 M
2019-06-14 23:32:30,22.0,141.48 M
2019-06-14 23:32:32,24.0,141.99 M
2019-06-14 23:32:34,22.0,141.43 M
2019-06-14 23:32:36,26.0,141.94 M
2019-06-14 23:32:38,23.0,142.16 M
2019-06-14 23:32:41,31.0,142.57 M
2019-06-14 23:32:43,21.0,142.94 M
2019-06-14 23:32:45,25.0,143.20 M
2019-06-14 23:32:47,26.0,143.45 M
2019-06-14 23:32:49,24.0,143.40 M
2019-06-14 23:32:51,28.0,143.53 M
2019-06-14 23:32:53,20.0,143.53 M
2019-06-14 23:32:55,30.0,143.23 M
2019-06-14 23:32:57,23.0,143.91 M
2019-06-14 23:32:59,25.0,144.16 M
2019-06-14 23:33:01,30.0,145.25 M
2019-06-14 23:33:03,21.0,146.65 M
2019-06-14 23:33:05,24.0,147.16 M
2019-06-14 23:33:07,36.0,146.45 M
2019-06-14 23:33:10,85.9,78.42 M
2019-06-14 23:33:12,58.9,91.93 M
2019-06-14 23:33:14,57.0,95.96 M
2019-06-14 23:33:16,52.9,96.69 M
2019-06-14 23:33:18,53.9,98.37 M
2019-06-14 23:33:20,51.0,98.57 M
2019-06-14 23:33:22,51.9,98.79 M
2019-06-14 23:33:24,44.0,99.15 M
2019-06-14 23:33:26,42.0,99.67 M
2019-06-14 23:33:28,43.0,99.18 M
2019-06-14 23:33:30,49.0,98.93 M
2019-06-14 23:33:32,46.0,99.10 M
2019-06-14 23:33:34,39.0,100.71 M
2019-06-14 23:33:36,45.9,100.57 M
2019-06-14 23:33:38,47.9,100.77 M
2019-06-14 23:33:40,50.9,101.00 M
2019-06-14 23:33:42,48.0,102.77 M
2019-06-14 23:33:44,44.9,103.80 M
2019-06-14 23:33:46,51.9,102.72 M
2019-06-14 23:33:48,55.9,102.65 M
2019-06-14 23:33:50,48.0,104.18 M
2019-06-14 23:33:52,50.9,106.44 M
2019-06-14 23:33:54,53.9,105.68 M
2019-06-14 23:33:56,43.0,102.59 M
2019-06-14 23:33:58,41.0,99.59 M
2019-06-14 23:34:00,40.0,99.37 M
2019-06-14 23:34:02,36.0,100.45 M
2019-06-14 23:34:04,37.0,101.68 M
2019-06-14 23:34:06,47.0,99.91 M
2019-06-14 23:34:08,50.9,101.28 M
2019-06-14 23:34:10,44.9,103.10 M
2019-06-14 23:34:12,49.9,101.12 M
2019-06-14 23:34:14,46.9,100.51 M
2019-06-14 23:34:16,49.9,102.26 M
2019-06-14 23:34:18,52.9,102.50 M
2019-06-14 23:34:20,48.9,102.42 M
2019-06-14 23:34:22,43.0,101.43 M
2019-06-14 23:34:24,42.0,104.09 M
2019-06-14 23:34:26,34.0,102.75 M
2019-06-14 23:34:28,35.0,103.62 M
2019-06-14 23:34:30,34.0,103.79 M
2019-06-14 23:34:32,38.0,102.55 M
2019-06-14 23:34:34,38.0,102.96 M
2019-06-14 23:34:36,48.9,102.26 M
2019-06-14 23:34:38,55.0,103.85 M
2019-06-14 23:34:40,45.9,103.83 M
2019-06-14 23:34:42,45.9,104.85 M
2019-06-14 23:34:44,53.9,105.98 M
2019-06-14 23:34:46,48.9,107.95 M
2019-06-14 23:34:48,48.0,107.38 M
2019-06-14 23:34:50,44.9,107.85 M
2019-06-14 23:34:52,41.0,105.41 M
2019-06-14 23:34:54,44.9,105.44 M
2019-06-14 23:34:56,46.9,106.53 M
2019-06-14 23:34:58,45.0,106.84 M
2019-06-14 23:35:00,44.9,106.20 M
2019-06-14 23:35:02,34.0,106.46 M
2019-06-14 23:35:04,45.0,104.13 M
2019-06-14 23:35:06,48.9,102.55 M
2019-06-14 23:35:08,52.0,101.72 M
2019-06-14 23:35:10,46.9,101.70 M
2019-06-14 23:35:12,49.0,103.16 M
2019-06-14 23:35:14,53.9,101.96 M
2019-06-14 23:35:16,47.9,104.43 M
2019-06-14 23:35:18,43.9,104.09 M
2019-06-14 23:35:20,48.0,102.29 M
2019-06-14 23:35:22,48.9,103.65 M
2019-06-14 23:35:24,45.0,104.83 M
2019-06-14 23:35:26,35.0,104.11 M
2019-06-14 23:35:28,48.9,105.82 M
2019-06-14 23:35:30,47.9,103.19 M
2019-06-14 23:35:32,47.9,105.67 M
2019-06-14 23:35:34,43.0,104.11 M
2019-06-14 23:35:36,52.9,102.61 M
2019-06-14 23:35:38,47.9,103.96 M
2019-06-14 23:35:40,45.9,104.86 M
2019-06-14 23:35:42,45.9,104.70 M
2019-06-14 23:35:44,39.0,104.52 M
2019-06-14 23:35:49,60.0,65.23 M
2019-06-14 23:35:51,50.9,87.89 M
2019-06-14 23:35:53,67.0,65.43 M
2019-06-14 23:35:55,44.9,90.68 M
2019-06-14 23:35:57,44.0,92.59 M
2019-06-14 23:35:59,42.0,97.53 M
2019-06-14 23:36:01,47.9,98.17 M
2019-06-14 23:36:03,43.9,98.84 M
2019-06-14 23:36:05,48.9,99.92 M
2019-06-14 23:36:07,49.9,100.22 M
2019-06-14 23:36:09,39.0,102.18 M
2019-06-14 23:36:11,45.9,100.11 M
2019-06-14 23:36:13,37.0,101.57 M
2019-06-14 23:36:15,52.9,101.60 M
2019-06-14 23:36:17,45.0,100.72 M
2019-06-14 23:36:19,42.0,99.91 M
2019-06-14 23:36:21,49.9,103.55 M
2019-06-14 23:36:23,47.0,105.46 M
2019-06-14 23:36:25,54.9,102.38 M
2019-06-14 23:36:27,41.0,105.99 M
2019-06-14 23:36:29,44.0,105.49 M
2019-06-14 23:36:31,43.9,101.54 M
2019-06-14 23:36:33,37.0,104.50 M
2019-06-14 23:36:35,37.0,106.69 M
2019-06-14 23:36:37,49.0,104.98 M
2019-06-14 23:36:39,43.0,104.75 M
2019-06-14 23:36:41,52.0,107.39 M
2019-06-14 23:36:43,39.0,106.35 M
2019-06-14 23:36:45,43.0,108.99 M
2019-06-14 23:36:47,43.9,107.68 M
2019-06-14 23:36:49,50.9,108.36 M
2019-06-14 23:36:51,35.0,107.42 M
2019-06-14 23:36:53,47.0,110.29 M
2019-06-14 23:36:55,53.0,109.59 M
2019-06-14 23:36:57,49.9,108.08 M
2019-06-14 23:36:59,37.0,109.87 M
2019-06-14 23:37:01,34.0,108.98 M
2019-06-14 23:37:03,44.0,108.37 M
2019-06-14 23:37:05,44.0,109.96 M
2019-06-14 23:37:07,48.9,109.27 M
2019-06-14 23:37:09,47.0,111.00 M
2019-06-14 23:37:11,42.0,112.82 M
2019-06-14 23:37:13,39.0,113.80 M
2019-06-14 23:37:15,46.9,111.86 M
2019-06-14 23:37:17,41.0,114.44 M
2019-06-14 23:37:19,44.9,115.46 M
2019-06-14 23:37:21,45.0,115.97 M
2019-06-14 23:37:23,38.0,117.55 M
2019-06-14 23:37:25,43.9,119.64 M
2019-06-14 23:37:27,39.9,114.91 M
2019-06-14 23:37:29,45.0,118.28 M
2019-06-14 23:37:31,50.9,120.34 M
2019-06-14 23:37:33,54.9,116.86 M
2019-06-14 23:37:35,46.0,116.72 M
2019-06-14 23:37:37,45.0,117.76 M
2019-06-14 23:37:39,50.9,115.45 M
2019-06-14 23:37:41,40.0,116.24 M
2019-06-14 23:37:43,45.9,120.34 M
2019-06-14 23:37:45,34.0,120.60 M
2019-06-14 23:37:47,48.0,116.27 M
2019-06-14 23:37:49,49.9,118.62 M
2019-06-14 23:37:51,53.9,119.39 M
2019-06-14 23:37:53,40.0,120.38 M
2019-06-14 23:37:55,48.0,121.72 M
2019-06-14 23:37:57,45.9,120.31 M
2019-06-14 23:37:59,44.0,120.31 M
2019-06-14 23:38:01,45.0,122.64 M
2019-06-14 23:38:03,40.0,124.95 M
2019-06-14 23:38:05,34.0,121.24 M
2019-06-14 23:38:07,36.0,124.07 M
2019-06-14 23:38:09,41.0,122.95 M
2019-06-14 23:38:11,41.0,126.53 M
2019-06-14 23:38:13,35.0,124.43 M
2019-06-14 23:38:15,44.0,123.20 M
2019-06-14 23:38:17,41.0,124.08 M
2019-06-14 23:38:19,32.0,123.47 M
2019-06-14 23:38:21,38.0,124.66 M
2019-06-14 23:38:23,35.0,124.82 M
2019-06-14 23:38:25,32.0,126.30 M
2019-06-14 23:38:27,31.0,125.20 M
2019-06-14 23:38:29,40.0,125.51 M
2019-06-14 23:38:31,46.9,128.07 M
2019-06-14 23:38:33,44.9,127.50 M
2019-06-14 23:38:35,39.0,129.79 M
2019-06-14 23:38:37,31.0,127.14 M
2019-06-14 23:38:39,34.0,128.14 M
2019-06-14 23:38:41,39.0,125.54 M
2019-06-14 23:38:43,41.0,127.82 M
2019-06-14 23:38:45,46.9,130.62 M
2019-06-14 23:38:47,48.9,128.86 M
2019-06-14 23:38:49,46.9,131.41 M
2019-06-14 23:38:52,48.9,133.97 M
2019-06-14 23:38:54,47.9,132.91 M
2019-06-14 23:38:56,30.0,135.18 M
2019-06-14 23:38:58,35.0,138.23 M
2019-06-14 23:39:00,45.9,133.49 M
2019-06-14 23:39:02,37.0,131.01 M
2019-06-14 23:39:04,42.9,132.45 M
2019-06-14 23:39:06,36.0,132.84 M
2019-06-14 23:39:08,33.0,131.91 M
2019-06-14 23:39:10,41.0,132.81 M
2019-06-14 23:39:12,43.0,135.88 M
2019-06-14 23:39:14,58.0,134.16 M
2019-06-14 23:39:16,41.0,134.86 M
2019-06-14 23:39:18,37.0,135.70 M
2019-06-14 23:39:20,39.0,136.15 M
2019-06-14 23:39:22,39.0,138.07 M
2019-06-14 23:39:24,37.0,137.76 M
2019-06-14 23:39:26,38.0,136.51 M
2019-06-14 23:39:28,38.0,137.14 M
2019-06-14 23:39:30,42.9,135.36 M
2019-06-14 23:39:32,49.0,138.39 M
2019-06-14 23:39:34,47.9,139.63 M
2019-06-14 23:39:36,40.0,140.22 M
2019-06-14 23:39:38,45.9,137.65 M
2019-06-14 23:39:40,45.9,135.48 M
2019-06-14 23:39:42,36.0,137.27 M
2019-06-14 23:39:44,34.0,140.59 M
2019-06-14 23:39:46,32.0,138.25 M
2019-06-14 23:39:48,42.9,139.07 M
2019-06-14 23:39:50,40.0,139.69 M
2019-06-14 23:39:52,47.0,138.73 M
2019-06-14 23:39:54,41.0,140.77 M
2019-06-14 23:39:56,45.9,144.07 M
2019-06-14 23:39:58,41.0,144.09 M
2019-06-14 23:40:00,43.0,145.12 M
2019-06-14 23:40:02,36.0,147.39 M
2019-06-14 23:40:04,30.0,138.20 M
2019-06-14 23:40:06,34.0,138.71 M
2019-06-14 23:40:08,42.0,141.37 M
2019-06-14 23:40:10,38.0,143.11 M
2019-06-14 23:40:12,40.9,140.48 M
2019-06-14 23:40:14,50.9,143.25 M
2019-06-14 23:40:16,46.0,143.78 M
2019-06-14 23:40:18,47.9,144.91 M
2019-06-14 23:40:20,29.0,146.79 M
2019-06-14 23:40:22,52.9,148.55 M
2019-06-14 23:40:24,47.9,149.29 M
2019-06-14 23:40:26,43.9,150.80 M
2019-06-14 23:40:28,53.9,150.98 M
2019-06-14 23:40:30,37.0,153.01 M
2019-06-14 23:40:32,43.9,151.04 M
2019-06-14 23:40:34,53.0,151.09 M
2019-06-14 23:40:36,45.0,153.05 M
2019-06-14 23:40:38,42.9,153.26 M
2019-06-14 23:40:40,38.0,155.57 M
2019-06-14 23:40:42,50.9,155.64 M
2019-06-14 23:40:44,42.0,157.58 M
2019-06-14 23:40:46,35.0,152.97 M
2019-06-14 23:40:48,40.9,154.00 M
2019-06-14 23:40:50,43.0,156.28 M
2019-06-14 23:40:53,65.0,65.13 M
2019-06-14 23:40:55,51.9,88.52 M
2019-06-14 23:40:57,45.9,92.54 M
2019-06-14 23:40:59,52.9,96.00 M
2019-06-14 23:41:01,45.9,96.14 M
2019-06-14 23:41:03,47.9,95.98 M
2019-06-14 23:41:05,49.0,97.69 M
2019-06-14 23:41:07,38.0,97.06 M
2019-06-14 23:41:09,56.9,98.74 M
2019-06-14 23:41:11,37.0,99.15 M
2019-06-14 23:41:13,40.0,97.77 M
2019-06-14 23:41:15,47.9,100.43 M
2019-06-14 23:41:17,43.0,100.44 M
2019-06-14 23:41:19,37.0,98.04 M
2019-06-14 23:41:21,41.0,100.57 M
2019-06-14 23:41:23,43.0,100.34 M
2019-06-14 23:41:25,40.0,100.02 M
2019-06-14 23:41:27,43.9,99.90 M
2019-06-14 23:41:29,40.0,101.49 M
2019-06-14 23:41:31,33.0,105.39 M
2019-06-14 23:41:33,33.0,101.41 M
2019-06-14 23:41:35,31.0,100.55 M
2019-06-14 23:41:37,42.0,103.19 M
2019-06-14 23:41:39,45.0,101.68 M
2019-06-14 23:41:41,41.9,104.84 M
2019-06-14 23:41:43,55.0,105.88 M
2019-06-14 23:41:45,46.0,104.20 M
2019-06-14 23:41:47,51.9,104.46 M
2019-06-14 23:41:49,50.9,101.70 M
2019-06-14 23:41:51,44.0,103.93 M
2019-06-14 23:41:53,41.0,105.54 M
2019-06-14 23:41:55,44.0,106.11 M
2019-06-14 23:41:57,38.0,106.53 M
2019-06-14 23:41:59,44.9,106.92 M
2019-06-14 23:42:01,40.9,105.41 M
2019-06-14 23:42:03,40.0,104.98 M
2019-06-14 23:42:06,67.0,65.64 M
2019-06-14 23:42:09,62.9,64.20 M
2019-06-14 23:42:11,53.9,85.64 M
2019-06-14 23:42:13,51.9,92.95 M
2019-06-14 23:42:15,38.0,93.24 M
2019-06-14 23:42:17,41.0,94.74 M
2019-06-14 23:42:19,41.0,94.20 M
2019-06-14 23:42:21,52.9,95.45 M
2019-06-14 23:42:23,48.0,97.50 M
2019-06-14 23:42:25,47.9,97.37 M
2019-06-14 23:42:27,38.0,97.39 M
2019-06-14 23:42:29,46.9,96.32 M
2019-06-14 23:42:31,40.0,96.91 M
2019-06-14 23:42:33,39.0,97.38 M
2019-06-14 23:42:35,38.0,97.64 M
2019-06-14 23:42:37,43.0,98.62 M
2019-06-14 23:42:39,40.0,100.36 M
2019-06-14 23:42:41,35.0,101.96 M
2019-06-14 23:42:43,41.9,102.63 M
2019-06-14 23:42:45,44.0,100.14 M
2019-06-14 23:42:47,42.9,102.50 M
2019-06-14 23:42:49,43.9,104.12 M
2019-06-14 23:42:51,42.0,106.95 M
2019-06-14 23:42:53,38.0,101.27 M
2019-06-14 23:42:55,47.0,102.21 M
2019-06-14 23:42:57,53.9,101.42 M
2019-06-14 23:42:59,45.9,100.58 M
2019-06-14 23:43:01,46.0,102.03 M
2019-06-14 23:43:03,43.0,104.58 M
2019-06-14 23:43:05,45.9,104.80 M
2019-06-14 23:43:07,52.0,105.34 M
2019-06-14 23:43:09,40.0,107.88 M
2019-06-14 23:43:11,45.9,105.34 M
2019-06-14 23:43:13,42.0,106.34 M
2019-06-14 23:43:15,49.9,108.10 M
2019-06-14 23:43:17,42.0,108.10 M
2019-06-14 23:43:19,40.0,111.12 M
2019-06-14 23:43:21,51.9,110.69 M
2019-06-14 23:43:23,43.0,111.71 M
2019-06-14 23:43:25,32.0,112.09 M
2019-06-14 23:43:27,35.0,114.85 M
2019-06-14 23:43:29,46.9,107.27 M
2019-06-14 23:43:31,44.9,106.36 M
2019-06-14 23:43:33,43.0,105.67 M
2019-06-14 23:43:35,33.0,107.18 M
2019-06-14 23:43:37,36.0,108.18 M
2019-06-14 23:43:39,35.0,107.34 M
2019-06-14 23:43:41,38.0,108.10 M
2019-06-14 23:43:43,46.0,108.00 M
2019-06-14 23:43:45,44.9,108.34 M
2019-06-14 23:43:47,47.9,109.03 M
2019-06-14 23:43:49,41.9,108.91 M
2019-06-14 23:43:51,43.0,109.40 M
2019-06-14 23:43:53,45.9,109.29 M
2019-06-14 23:43:55,49.9,111.08 M
2019-06-14 23:43:57,48.9,112.98 M
2019-06-14 23:43:59,42.9,114.13 M
2019-06-14 23:44:01,42.0,115.43 M
2019-06-14 23:44:03,38.0,116.88 M
2019-06-14 23:44:05,44.9,113.38 M
2019-06-14 23:44:07,37.0,112.87 M
2019-06-14 23:44:09,51.0,110.73 M
2019-06-14 23:44:11,41.9,112.96 M
2019-06-14 23:44:13,41.0,115.77 M
2019-06-14 23:44:15,43.0,114.66 M
2019-06-14 23:44:17,42.9,114.68 M
2019-06-14 23:44:19,29.0,116.92 M
2019-06-14 23:44:21,51.0,114.16 M
2019-06-14 23:44:23,44.0,114.39 M
2019-06-14 23:44:25,50.9,115.93 M
2019-06-14 23:44:27,45.9,118.86 M
2019-06-14 23:44:29,50.9,120.16 M
2019-06-14 23:44:31,28.0,120.93 M
2019-06-14 23:44:33,39.0,122.64 M
2019-06-14 23:44:35,36.0,123.92 M
2019-06-14 23:44:37,40.0,124.93 M
2019-06-14 23:44:39,42.0,124.20 M
2019-06-14 23:44:41,32.0,127.28 M
2019-06-14 23:44:43,32.0,121.17 M
2019-06-14 23:44:45,36.0,123.39 M
2019-06-14 23:44:47,34.0,116.90 M
2019-06-14 23:44:49,41.0,119.24 M
2019-06-14 23:44:51,46.0,118.13 M
2019-06-14 23:44:54,37.0,119.58 M
2019-06-14 23:44:56,52.9,120.86 M
2019-06-14 23:44:58,40.0,122.82 M
2019-06-14 23:45:00,34.0,123.57 M
2019-06-14 23:45:02,37.0,123.98 M
2019-06-14 23:45:04,30.0,125.10 M
2019-06-14 23:45:06,33.0,127.58 M
2019-06-14 23:45:08,51.9,124.32 M
2019-06-14 23:45:10,49.9,125.00 M
2019-06-14 23:45:12,29.0,126.29 M
2019-06-14 23:45:14,39.0,128.75 M
2019-06-14 23:45:16,44.9,125.34 M
2019-06-14 23:45:18,37.0,126.25 M
2019-06-14 23:45:20,41.0,128.59 M
2019-06-14 23:45:22,38.0,129.69 M
2019-06-14 23:45:24,37.0,125.37 M
2019-06-14 23:45:26,44.0,124.97 M
2019-06-14 23:45:28,41.9,125.84 M
2019-06-14 23:45:30,42.0,125.96 M
2019-06-14 23:45:32,43.0,125.42 M
2019-06-14 23:45:34,45.9,127.92 M
2019-06-14 23:45:36,47.0,127.20 M
2019-06-14 23:45:38,46.9,127.57 M
2019-06-14 23:45:40,40.0,125.52 M
2019-06-14 23:45:42,37.0,127.99 M
2019-06-14 23:45:44,36.0,124.98 M
2019-06-14 23:45:46,46.9,126.05 M
2019-06-14 23:45:48,48.9,126.08 M
2019-06-14 23:45:50,44.9,127.88 M
2019-06-14 23:45:52,39.0,128.91 M
2019-06-14 23:45:54,40.9,130.88 M
2019-06-14 23:45:56,41.9,129.11 M
2019-06-14 23:45:58,43.9,128.91 M
2019-06-14 23:46:00,44.0,131.89 M
2019-06-14 23:46:02,40.0,130.17 M
2019-06-14 23:46:04,37.0,130.52 M
2019-06-14 23:46:06,38.0,132.11 M
2019-06-14 23:46:08,46.9,130.19 M
2019-06-14 23:46:10,47.9,129.68 M
2019-06-14 23:46:12,36.0,130.85 M
2019-06-14 23:46:14,38.0,132.88 M
2019-06-14 23:46:16,43.9,132.95 M
2019-06-14 23:46:18,35.0,130.69 M
2019-06-14 23:46:20,35.0,132.86 M
2019-06-14 23:46:22,36.0,135.08 M
2019-06-14 23:46:24,48.0,133.23 M
2019-06-14 23:46:26,35.0,133.48 M
2019-06-14 23:46:28,44.9,134.03 M
2019-06-14 23:46:30,42.9,135.23 M
2019-06-14 23:46:32,42.0,133.89 M
2019-06-14 23:46:34,38.0,136.58 M
2019-06-14 23:46:36,41.0,137.98 M
2019-06-14 23:46:38,45.9,133.71 M
2019-06-14 23:46:40,47.0,136.45 M
2019-06-14 23:46:42,48.0,135.90 M
2019-06-14 23:46:44,44.9,139.79 M
2019-06-14 23:46:46,40.0,140.72 M
2019-06-14 23:46:48,44.0,141.95 M
2019-06-14 23:46:50,47.9,142.40 M
2019-06-14 23:46:52,37.0,143.85 M
2019-06-14 23:46:54,40.0,143.60 M
2019-06-14 23:46:56,32.0,144.30 M
2019-06-14 23:46:58,40.0,146.29 M
2019-06-14 23:47:00,43.9,143.36 M
2019-06-14 23:47:02,45.9,140.35 M
2019-06-14 23:47:04,32.0,141.38 M
2019-06-14 23:47:06,41.0,141.53 M
2019-06-14 23:47:09,60.0,64.52 M
2019-06-14 23:47:11,56.9,86.64 M
2019-06-14 23:47:13,48.9,92.59 M
2019-06-14 23:47:15,47.9,95.09 M
2019-06-14 23:47:17,53.9,94.78 M
2019-06-14 23:47:19,51.9,94.91 M
2019-06-14 23:47:21,48.0,96.12 M
2019-06-14 23:47:23,48.0,98.52 M
2019-06-14 23:47:25,50.9,99.16 M
2019-06-14 23:47:27,39.0,97.47 M
2019-06-14 23:47:29,41.0,97.12 M
2019-06-14 23:47:31,39.0,98.65 M
2019-06-14 23:47:33,38.0,96.84 M
2019-06-14 23:47:35,54.9,98.51 M
2019-06-14 23:47:37,37.0,99.93 M
2019-06-14 23:47:39,39.0,99.02 M
2019-06-14 23:47:41,41.9,98.57 M
2019-06-14 23:47:43,39.0,98.66 M
2019-06-14 23:47:45,39.0,99.66 M
2019-06-14 23:47:47,39.0,100.43 M
2019-06-14 23:47:49,42.9,100.88 M
2019-06-14 23:47:51,46.9,101.67 M
2019-06-14 23:47:53,41.0,100.42 M
2019-06-14 23:47:55,38.0,99.36 M
2019-06-14 23:47:58,43.9,100.04 M
2019-06-14 23:48:00,42.9,101.91 M
2019-06-14 23:48:02,34.0,101.06 M
2019-06-14 23:48:04,35.0,102.35 M
2019-06-14 23:48:06,37.0,101.05 M
2019-06-14 23:48:08,34.0,103.11 M
2019-06-14 23:48:10,35.0,104.18 M
2019-06-14 23:48:12,42.9,100.98 M
2019-06-14 23:48:14,43.0,101.57 M
2019-06-14 23:48:16,34.0,103.06 M
2019-06-14 23:48:18,39.0,104.59 M
2019-06-14 23:48:20,45.9,105.43 M
2019-06-14 23:48:22,40.9,104.08 M
2019-06-14 23:48:24,30.0,105.69 M
2019-06-14 23:48:26,39.0,105.07 M
2019-06-14 23:48:28,34.0,106.87 M
2019-06-14 23:48:30,34.0,108.12 M
2019-06-14 23:48:32,41.0,104.76 M
2019-06-14 23:48:34,39.0,104.29 M
2019-06-14 23:48:36,42.0,104.96 M
2019-06-14 23:48:38,44.9,105.70 M
2019-06-14 23:48:40,43.9,107.98 M
2019-06-14 23:48:42,41.0,108.32 M
2019-06-14 23:48:44,43.0,108.56 M
2019-06-14 23:48:46,39.0,103.99 M
2019-06-14 23:48:48,38.0,104.72 M
2019-06-14 23:48:50,38.0,106.66 M
2019-06-14 23:48:52,37.0,108.20 M
2019-06-14 23:48:54,43.0,108.40 M
2019-06-14 23:48:56,35.0,110.67 M
2019-06-14 23:48:58,41.0,108.88 M
2019-06-14 23:49:00,32.0,109.30 M
2019-06-14 23:49:02,49.0,107.71 M
2019-06-14 23:49:04,43.0,107.53 M
2019-06-14 23:49:06,38.0,107.64 M
2019-06-14 23:49:08,41.0,110.16 M
2019-06-14 23:49:10,42.0,111.09 M
2019-06-14 23:49:12,33.0,110.54 M
2019-06-14 23:49:14,43.9,112.30 M
2019-06-14 23:49:16,36.0,113.12 M
2019-06-14 23:49:18,42.9,106.90 M
2019-06-14 23:49:20,44.9,107.37 M
2019-06-14 23:49:22,47.9,110.13 M
2019-06-14 23:49:24,37.0,111.00 M
2019-06-14 23:49:26,40.0,114.29 M
2019-06-14 23:49:28,39.9,114.50 M
2019-06-14 23:49:30,38.0,116.75 M
2019-06-14 23:49:32,39.0,116.93 M
2019-06-14 23:49:34,41.0,117.62 M
2019-06-14 23:49:36,38.0,119.69 M
2019-06-14 23:49:38,35.0,112.88 M
2019-06-14 23:49:40,44.9,113.79 M
2019-06-14 23:49:42,36.0,114.21 M
2019-06-14 23:49:44,48.9,114.64 M
2019-06-14 23:49:46,43.0,114.83 M
2019-06-14 23:49:48,37.0,115.74 M
2019-06-14 23:49:50,35.0,117.59 M
2019-06-14 23:49:52,35.0,116.96 M
2019-06-14 23:49:54,39.0,115.37 M
2019-06-14 23:49:56,47.9,113.42 M
2019-06-14 23:49:58,40.0,114.47 M
2019-06-14 23:50:00,32.0,116.43 M
2019-06-14 23:50:02,37.0,117.66 M
2019-06-14 23:50:04,40.9,118.23 M
2019-06-14 23:50:06,41.0,116.10 M
2019-06-14 23:50:08,31.0,117.61 M
2019-06-14 23:50:10,45.9,118.32 M
2019-06-14 23:50:12,47.9,116.14 M
2019-06-14 23:50:14,43.9,118.05 M
2019-06-14 23:50:16,40.0,120.05 M
2019-06-14 23:50:18,34.0,121.31 M
2019-06-14 23:50:20,31.0,124.34 M
2019-06-14 23:50:22,49.0,122.88 M
2019-06-14 23:50:24,33.0,117.88 M
2019-06-14 23:50:26,29.0,119.78 M
2019-06-14 23:50:28,35.0,120.02 M
2019-06-14 23:50:30,35.0,120.76 M
2019-06-14 23:50:32,36.0,118.68 M
2019-06-14 23:50:34,40.0,118.53 M
2019-06-14 23:50:36,39.0,118.33 M
2019-06-14 23:50:38,37.0,120.07 M
2019-06-14 23:50:40,36.0,119.62 M
2019-06-14 23:50:42,39.0,121.40 M
2019-06-14 23:50:44,35.0,122.21 M
2019-06-14 23:50:46,35.0,122.42 M
2019-06-14 23:50:48,42.0,122.64 M
2019-06-14 23:50:50,39.0,124.12 M
2019-06-14 23:50:52,39.0,122.36 M
2019-06-14 23:50:54,38.0,122.37 M
2019-06-14 23:50:56,34.0,120.66 M
2019-06-14 23:50:58,32.0,121.53 M
2019-06-14 23:51:00,38.0,123.21 M
2019-06-14 23:51:02,46.0,120.31 M
2019-06-14 23:51:04,42.0,120.78 M
2019-06-14 23:51:06,38.0,123.02 M
2019-06-14 23:51:08,40.0,125.75 M
2019-06-14 23:51:10,47.9,125.23 M
2019-06-14 23:51:13,44.9,125.34 M
2019-06-14 23:51:15,47.9,123.99 M
2019-06-14 23:51:17,44.9,125.16 M
2019-06-14 23:51:19,38.0,122.36 M
2019-06-14 23:51:21,41.0,120.67 M
2019-06-14 23:51:23,40.9,120.70 M
2019-06-14 23:51:25,43.9,120.72 M
2019-06-14 23:51:27,36.0,122.70 M
2019-06-14 23:51:29,36.0,126.02 M
2019-06-14 23:51:31,40.0,124.42 M
2019-06-14 23:51:33,45.9,124.14 M
2019-06-14 23:51:35,45.9,125.37 M
2019-06-14 23:51:37,36.0,126.64 M
2019-06-14 23:51:39,29.0,126.02 M
2019-06-14 23:51:41,34.0,127.23 M
2019-06-14 23:51:43,35.0,128.33 M
2019-06-14 23:51:45,44.9,126.24 M
2019-06-14 23:51:47,35.0,128.61 M
2019-06-14 23:51:49,34.0,126.89 M
2019-06-14 23:51:51,38.0,128.21 M
2019-06-14 23:51:53,40.0,126.32 M
2019-06-14 23:51:55,50.9,129.04 M
2019-06-14 23:51:57,42.0,129.90 M
2019-06-14 23:51:59,37.0,131.00 M
2019-06-14 23:52:01,38.0,133.48 M
2019-06-14 23:52:03,30.0,133.73 M
2019-06-14 23:52:05,34.0,130.11 M
2019-06-14 23:52:07,37.0,128.05 M
2019-06-14 23:52:10,67.0,64.94 M
2019-06-14 23:52:12,58.0,87.92 M
2019-06-14 23:52:14,50.9,92.48 M
2019-06-14 23:52:16,45.9,94.92 M
2019-06-14 23:52:18,49.9,97.35 M
2019-06-14 23:52:20,54.9,95.96 M
2019-06-14 23:52:22,54.0,95.89 M
2019-06-14 23:52:24,41.0,96.95 M
2019-06-14 23:52:26,46.0,96.84 M
2019-06-14 23:52:28,47.9,97.80 M
2019-06-14 23:52:30,44.9,97.64 M
2019-06-14 23:52:32,37.0,98.49 M
2019-06-14 23:52:34,48.0,97.41 M
2019-06-14 23:52:36,41.0,98.97 M
2019-06-14 23:52:38,45.9,99.33 M
2019-06-14 23:52:40,43.9,99.96 M
2019-06-14 23:52:42,48.9,102.09 M
2019-06-14 23:52:44,45.0,103.61 M
2019-06-14 23:52:46,50.0,102.42 M
2019-06-14 23:52:48,37.0,98.74 M
2019-06-14 23:52:50,48.9,99.84 M
2019-06-14 23:52:52,44.0,100.13 M
2019-06-14 23:52:54,47.0,100.12 M
2019-06-14 23:52:56,45.9,101.93 M
2019-06-14 23:52:58,45.9,104.80 M
2019-06-14 23:53:00,39.0,104.39 M
2019-06-14 23:53:02,41.0,104.36 M
2019-06-14 23:53:04,43.0,101.93 M
2019-06-14 23:53:06,37.0,103.76 M
2019-06-14 23:53:08,49.9,102.46 M
2019-06-14 23:53:10,41.0,104.23 M
2019-06-14 23:53:12,47.0,102.28 M
2019-06-14 23:53:14,50.9,103.82 M
2019-06-14 23:53:16,42.0,103.65 M
2019-06-14 23:53:18,53.9,104.79 M
2019-06-14 23:53:20,48.9,103.64 M
2019-06-14 23:53:22,55.9,103.77 M
2019-06-14 23:53:24,47.9,104.12 M
2019-06-14 23:53:26,47.9,105.80 M
2019-06-14 23:53:28,49.0,108.88 M
2019-06-14 23:53:30,42.9,105.24 M
2019-06-14 23:53:32,38.0,108.33 M
2019-06-14 23:53:34,39.0,108.02 M
2019-06-14 23:53:36,38.0,111.11 M
2019-06-14 23:53:38,41.0,108.41 M
2019-06-14 23:53:40,44.9,105.14 M
2019-06-14 23:53:42,42.9,105.78 M
2019-06-14 23:53:44,48.9,105.27 M
2019-06-14 23:53:46,50.9,106.87 M
2019-06-14 23:53:48,47.9,107.52 M
2019-06-14 23:53:50,47.9,107.37 M
2019-06-14 23:53:52,47.9,108.70 M
2019-06-14 23:53:54,45.9,110.58 M
2019-06-14 23:53:56,50.9,107.93 M
2019-06-14 23:53:58,50.9,110.20 M
2019-06-14 23:54:00,47.9,109.95 M
2019-06-14 23:54:02,36.0,110.19 M
2019-06-14 23:54:04,39.0,106.12 M
2019-06-14 23:54:06,43.0,105.19 M
2019-06-14 23:54:08,49.9,107.98 M
2019-06-14 23:54:10,46.9,106.73 M
2019-06-14 23:54:12,59.9,107.67 M
2019-06-14 23:54:14,47.9,108.42 M
2019-06-14 23:54:16,39.0,109.41 M
2019-06-14 23:54:18,36.0,110.74 M
2019-06-14 23:54:20,36.0,113.20 M
2019-06-14 23:54:22,37.0,116.51 M
2019-06-14 23:54:24,42.0,110.04 M
2019-06-14 23:54:26,52.9,110.37 M
2019-06-14 23:54:28,41.0,110.48 M
2019-06-14 23:54:30,35.0,111.95 M
2019-06-14 23:54:33,43.9,111.18 M
2019-06-14 23:54:35,48.9,108.82 M
2019-06-14 23:54:37,40.0,109.45 M
2019-06-14 23:54:39,39.0,107.70 M
2019-06-14 23:54:41,41.9,110.56 M
2019-06-14 23:54:43,50.9,110.00 M
2019-06-14 23:54:45,52.0,110.16 M
2019-06-14 23:54:47,50.9,110.58 M
2019-06-14 23:54:49,46.0,112.06 M
2019-06-14 23:54:51,50.0,112.79 M
2019-06-14 23:54:53,43.9,116.14 M
2019-06-14 23:54:55,46.0,117.23 M
2019-06-14 23:54:57,53.9,118.46 M
2019-06-14 23:54:59,49.9,120.04 M
2019-06-14 23:55:01,45.9,114.04 M
2019-06-14 23:55:03,39.0,114.41 M
2019-06-14 23:55:05,44.9,116.68 M
2019-06-14 23:55:07,44.9,112.41 M
2019-06-14 23:55:09,50.0,115.63 M
2019-06-14 23:55:11,49.9,118.18 M
2019-06-14 23:55:13,32.0,117.63 M
2019-06-14 23:55:15,41.0,117.89 M
2019-06-14 23:55:17,53.0,115.70 M
2019-06-14 23:55:19,45.0,115.46 M
2019-06-14 23:55:21,50.9,111.60 M
2019-06-14 23:55:23,49.9,114.34 M
2019-06-14 23:55:25,37.0,116.33 M
2019-06-14 23:55:27,43.9,119.89 M
2019-06-14 23:55:29,44.0,117.46 M
2019-06-14 23:55:31,48.0,118.43 M
2019-06-14 23:55:33,45.9,116.62 M
2019-06-14 23:55:35,50.9,115.12 M
2019-06-14 23:55:37,36.0,116.11 M
2019-06-14 23:55:39,41.0,118.38 M
2019-06-14 23:55:41,44.9,119.62 M
2019-06-14 23:55:43,46.9,122.16 M
2019-06-14 23:55:45,54.0,114.25 M
2019-06-14 23:55:47,45.9,117.20 M
2019-06-14 23:55:49,48.9,119.20 M
2019-06-14 23:55:51,47.9,118.99 M
2019-06-14 23:55:53,46.9,120.75 M
2019-06-14 23:55:55,56.9,120.27 M
2019-06-14 23:55:57,50.9,120.85 M
2019-06-14 23:55:59,45.9,123.13 M
2019-06-14 23:56:01,48.9,124.64 M
2019-06-14 23:56:03,48.0,127.45 M
2019-06-14 23:56:05,34.0,125.00 M
2019-06-14 23:56:07,42.0,122.47 M
2019-06-14 23:56:09,49.9,120.68 M
2019-06-14 23:56:11,39.0,118.12 M
2019-06-14 23:56:13,38.0,117.73 M
2019-06-14 23:56:15,42.0,118.68 M
2019-06-14 23:56:17,48.9,121.18 M
2019-06-14 23:56:19,45.0,120.16 M
2019-06-14 23:56:21,44.0,118.14 M
2019-06-14 23:56:23,53.0,117.32 M
2019-06-14 23:56:25,40.0,119.54 M
2019-06-14 23:56:27,43.0,120.26 M
2019-06-14 23:56:29,46.0,121.20 M
2019-06-14 23:56:31,48.9,125.52 M
2019-06-14 23:56:33,48.9,121.51 M
2019-06-14 23:56:35,46.9,120.87 M
2019-06-14 23:56:37,45.9,124.39 M
2019-06-14 23:56:39,50.0,123.37 M
2019-06-14 23:56:41,45.9,123.20 M
2019-06-14 23:56:43,36.0,124.23 M
2019-06-14 23:56:45,49.0,125.97 M
2019-06-14 23:56:47,46.9,123.95 M
2019-06-14 23:56:49,48.9,122.90 M
2019-06-14 23:56:51,42.0,120.31 M
2019-06-14 23:56:53,47.0,123.11 M
2019-06-14 23:56:55,53.0,125.04 M
2019-06-14 23:56:57,48.9,124.95 M
2019-06-14 23:56:59,46.9,127.00 M
2019-06-14 23:57:01,48.0,129.50 M
2019-06-14 23:57:03,40.0,131.79 M
2019-06-14 23:57:05,48.9,134.09 M
2019-06-14 23:57:07,47.9,136.64 M
2019-06-14 23:57:10,60.9,65.91 M
2019-06-14 23:57:12,47.0,87.78 M
2019-06-14 23:57:14,48.9,93.00 M
2019-06-14 23:57:16,54.9,94.65 M
2019-06-14 23:57:18,47.0,95.57 M
2019-06-14 23:57:20,49.9,95.14 M
2019-06-14 23:57:22,58.9,98.63 M
2019-06-14 23:57:24,41.0,97.03 M
2019-06-14 23:57:26,46.9,97.67 M
2019-06-14 23:57:28,48.9,93.84 M
2019-06-14 23:57:30,42.9,95.63 M
2019-06-14 23:57:32,50.9,96.59 M
2019-06-14 23:57:34,48.9,98.72 M
2019-06-14 23:57:36,44.9,99.74 M
2019-06-14 23:57:38,45.0,97.34 M
2019-06-14 23:57:40,45.9,97.03 M
2019-06-14 23:57:42,43.9,99.12 M
2019-06-14 23:57:44,45.9,98.07 M
2019-06-14 23:57:46,44.0,99.71 M
2019-06-14 23:57:48,51.9,96.01 M
2019-06-14 23:57:50,49.9,99.09 M
2019-06-14 23:57:52,31.0,101.94 M
2019-06-14 23:57:54,44.9,103.26 M
2019-06-14 23:57:56,50.9,103.62 M
2019-06-14 23:57:59,42.9,102.75 M
2019-06-14 23:58:01,69.0,64.47 M
2019-06-14 23:58:03,48.9,84.46 M
2019-06-14 23:58:05,48.9,89.58 M
2019-06-14 23:58:07,47.0,93.62 M
2019-06-14 23:58:09,54.9,97.15 M
2019-06-14 23:58:11,40.0,102.03 M
2019-06-14 23:58:13,37.0,105.33 M
2019-06-14 23:58:16,72.9,73.38 M
2019-06-14 23:58:18,62.9,91.60 M
2019-06-14 23:58:20,56.9,93.76 M
2019-06-14 23:58:22,62.9,94.46 M
2019-06-14 23:58:24,50.9,94.63 M
2019-06-14 23:58:26,43.0,95.77 M
2019-06-14 23:58:28,50.9,97.59 M
2019-06-14 23:58:30,48.9,99.03 M
2019-06-14 23:58:32,52.0,100.88 M
2019-06-14 23:58:34,44.0,101.17 M
2019-06-14 23:58:36,42.0,101.30 M
2019-06-14 23:58:38,37.0,101.80 M
2019-06-14 23:58:40,50.9,102.05 M
2019-06-14 23:58:42,50.9,97.91 M
2019-06-14 23:58:44,45.0,101.14 M
2019-06-14 23:58:46,50.9,103.43 M
2019-06-14 23:58:48,48.9,102.50 M
2019-06-14 23:58:50,42.0,102.69 M
2019-06-14 23:58:52,41.0,102.95 M
2019-06-14 23:58:54,40.0,102.01 M
2019-06-14 23:58:56,38.0,100.38 M
2019-06-14 23:58:58,46.9,101.20 M
2019-06-14 23:59:00,51.9,101.47 M
2019-06-14 23:59:02,46.9,103.84 M
2019-06-14 23:59:04,52.9,104.57 M
2019-06-14 23:59:06,40.0,103.78 M
2019-06-14 23:59:08,48.0,102.36 M
2019-06-14 23:59:10,50.9,104.51 M
2019-06-14 23:59:12,48.9,102.29 M
2019-06-14 23:59:14,45.9,105.49 M
2019-06-14 23:59:16,36.0,105.13 M
2019-06-14 23:59:18,49.9,106.61 M
2019-06-14 23:59:20,42.0,102.79 M
2019-06-14 23:59:22,52.9,104.82 M
2019-06-14 23:59:24,44.9,100.62 M
2019-06-14 23:59:26,48.9,103.67 M
2019-06-14 23:59:28,45.9,104.82 M
2019-06-14 23:59:30,48.9,105.99 M
2019-06-14 23:59:32,52.0,102.61 M
2019-06-14 23:59:34,52.0,106.00 M
2019-06-14 23:59:36,37.0,107.84 M
2019-06-14 23:59:38,35.0,103.95 M
2019-06-14 23:59:40,39.0,103.59 M
2019-06-14 23:59:42,37.0,103.57 M
2019-06-14 23:59:44,40.0,105.71 M
2019-06-14 23:59:46,42.0,107.13 M
2019-06-14 23:59:48,40.0,106.18 M
2019-06-14 23:59:50,39.0,106.72 M
2019-06-14 23:59:52,46.9,106.73 M
2019-06-14 23:59:54,49.9,107.18 M
2019-06-14 23:59:56,44.0,105.88 M
2019-06-14 23:59:58,46.0,108.39 M
2019-06-15 00:00:00,50.0,107.09 M
2019-06-15 00:00:02,49.9,107.61 M
2019-06-15 00:00:04,45.0,109.38 M
2019-06-15 00:00:06,43.0,109.13 M
2019-06-15 00:00:08,44.0,105.87 M
2019-06-15 00:00:10,53.9,104.18 M
2019-06-15 00:00:12,52.9,107.47 M
2019-06-15 00:00:14,53.9,110.33 M
2019-06-15 00:00:16,44.9,112.11 M
2019-06-15 00:00:18,47.9,113.11 M
2019-06-15 00:00:20,45.9,114.27 M
2019-06-15 00:00:22,43.0,114.10 M
2019-06-15 00:00:24,53.9,114.72 M
2019-06-15 00:00:26,52.9,107.54 M
2019-06-15 00:00:28,51.0,110.52 M
2019-06-15 00:00:30,46.9,113.01 M
2019-06-15 00:00:32,48.9,116.33 M
2019-06-15 00:00:34,50.9,114.61 M
2019-06-15 00:00:36,43.9,116.50 M
2019-06-15 00:00:38,52.9,114.84 M
2019-06-15 00:00:40,52.0,115.02 M
2019-06-15 00:00:42,48.9,114.30 M
2019-06-15 00:00:44,54.9,113.77 M
2019-06-15 00:00:46,50.9,116.30 M
2019-06-15 00:00:48,45.0,114.24 M
2019-06-15 00:00:50,46.9,114.97 M
2019-06-15 00:00:52,38.0,115.50 M
2019-06-15 00:00:54,46.9,112.03 M
2019-06-15 00:00:56,42.0,110.42 M
2019-06-15 00:00:58,48.9,109.35 M
2019-06-15 00:01:00,50.9,110.82 M
2019-06-15 00:01:02,47.0,112.43 M
2019-06-15 00:01:04,48.9,109.29 M
2019-06-15 00:01:06,47.9,112.59 M
2019-06-15 00:01:08,43.0,114.47 M
2019-06-15 00:01:10,49.0,117.00 M
2019-06-15 00:01:12,51.9,115.00 M
2019-06-15 00:01:14,56.9,116.28 M
2019-06-15 00:01:16,42.9,117.87 M
2019-06-15 00:01:18,48.0,113.59 M
2019-06-15 00:01:20,51.9,113.75 M
2019-06-15 00:01:22,46.9,115.53 M
2019-06-15 00:01:24,53.9,117.02 M
2019-06-15 00:01:26,48.0,111.30 M
2019-06-15 00:01:28,51.9,111.21 M
2019-06-15 00:01:30,46.9,113.27 M
2019-06-15 00:01:37,67.9,65.94 M
2019-06-15 00:01:39,58.9,89.31 M
2019-06-15 00:01:41,50.0,93.07 M
2019-06-15 00:01:43,48.9,95.04 M
2019-06-15 00:01:45,47.0,94.66 M
2019-06-15 00:01:47,51.9,96.59 M
2019-06-15 00:01:49,48.9,95.12 M
2019-06-15 00:01:51,42.0,98.79 M
2019-06-15 00:01:53,45.9,98.93 M
2019-06-15 00:01:55,45.9,95.59 M
2019-06-15 00:01:57,46.9,98.20 M
2019-06-15 00:01:59,47.9,97.51 M
2019-06-15 00:02:01,46.9,98.65 M
2019-06-15 00:02:03,43.9,99.20 M
2019-06-15 00:02:05,39.0,98.67 M
2019-06-15 00:02:07,48.9,100.09 M
2019-06-15 00:02:09,48.9,102.75 M
2019-06-15 00:02:11,46.9,100.96 M
2019-06-15 00:02:13,44.9,103.36 M
2019-06-15 00:02:15,33.0,102.89 M
2019-06-15 00:02:17,45.0,101.30 M
2019-06-15 00:02:19,44.0,101.40 M
2019-06-15 00:02:21,46.9,101.68 M
2019-06-15 00:02:23,49.0,101.99 M
2019-06-15 00:02:25,48.9,103.34 M
2019-06-15 00:02:27,44.9,105.21 M
2019-06-15 00:02:29,36.0,107.20 M
2019-06-15 00:02:31,49.9,102.68 M
2019-06-15 00:02:33,53.0,104.48 M
2019-06-15 00:02:35,44.9,106.36 M
2019-06-15 00:02:37,49.9,105.86 M
2019-06-15 00:02:39,47.0,104.98 M
2019-06-15 00:02:41,37.0,104.05 M
2019-06-15 00:02:43,49.9,105.10 M
2019-06-15 00:02:45,42.9,105.20 M
2019-06-15 00:02:47,49.0,105.20 M
2019-06-15 00:02:49,48.9,106.97 M
2019-06-15 00:02:51,58.0,64.41 M
2019-06-15 00:02:53,62.9,87.19 M
2019-06-15 00:02:55,54.9,90.03 M
2019-06-15 00:02:57,49.9,93.04 M
2019-06-15 00:02:59,43.0,94.42 M
2019-06-15 00:03:01,43.9,94.52 M
2019-06-15 00:03:03,47.9,98.57 M
2019-06-15 00:03:05,41.9,99.73 M
2019-06-15 00:03:07,50.9,97.43 M
2019-06-15 00:03:09,54.9,96.56 M
2019-06-15 00:03:11,52.9,97.68 M
2019-06-15 00:03:13,47.9,98.84 M
2019-06-15 00:03:15,48.0,100.20 M
2019-06-15 00:03:17,46.9,102.00 M
2019-06-15 00:03:19,45.0,98.76 M
2019-06-15 00:03:21,52.0,100.90 M
2019-06-15 00:03:23,43.9,100.21 M
2019-06-15 00:03:25,50.9,102.37 M
2019-06-15 00:03:27,52.9,101.64 M
2019-06-15 00:03:29,48.9,100.65 M
2019-06-15 00:03:31,49.9,101.73 M
2019-06-15 00:03:33,49.9,100.16 M
2019-06-15 00:03:35,45.0,102.01 M
2019-06-15 00:03:37,46.9,103.57 M
2019-06-15 00:03:39,48.9,99.08 M
2019-06-15 00:03:41,49.0,101.27 M
2019-06-15 00:03:43,52.9,101.32 M
2019-06-15 00:03:45,43.0,101.97 M
2019-06-15 00:03:48,65.9,66.30 M
2019-06-15 00:03:50,60.0,86.78 M
2019-06-15 00:03:52,52.9,90.28 M
2019-06-15 00:03:54,46.9,93.93 M
2019-06-15 00:03:56,41.9,97.93 M
2019-06-15 00:03:58,44.9,98.42 M
2019-06-15 00:04:00,44.0,99.07 M
2019-06-15 00:04:02,47.9,99.94 M
2019-06-15 00:04:04,36.0,98.42 M
2019-06-15 00:04:06,54.9,97.95 M
2019-06-15 00:04:08,39.0,99.38 M
2019-06-15 00:04:10,42.9,100.83 M
2019-06-15 00:04:13,47.9,100.38 M
2019-06-15 00:04:15,44.9,101.41 M
2019-06-15 00:04:17,50.0,98.93 M
2019-06-15 00:04:19,48.9,99.27 M
2019-06-15 00:04:21,31.0,101.21 M
2019-06-15 00:04:23,44.9,98.67 M
2019-06-15 00:04:25,50.9,101.08 M
2019-06-15 00:04:27,44.0,101.40 M
2019-06-15 00:04:29,48.0,99.40 M
2019-06-15 00:04:31,45.0,101.50 M
2019-06-15 00:04:33,32.0,101.21 M
2019-06-15 00:04:35,39.0,101.41 M
2019-06-15 00:04:37,44.0,100.99 M
2019-06-15 00:04:39,39.0,101.80 M
2019-06-15 00:04:41,33.0,100.24 M
2019-06-15 00:04:43,39.0,101.51 M
2019-06-15 00:04:45,50.0,101.01 M
2019-06-15 00:04:47,51.0,104.08 M
2019-06-15 00:04:49,49.9,107.67 M
2019-06-15 00:04:51,45.9,102.90 M
2019-06-15 00:04:53,47.9,103.99 M
2019-06-15 00:04:55,40.0,106.06 M
2019-06-15 00:04:57,39.0,108.27 M
2019-06-15 00:04:59,37.0,105.06 M
2019-06-15 00:05:01,40.0,103.45 M
2019-06-15 00:05:03,50.9,106.27 M
2019-06-15 00:05:05,43.0,105.21 M
2019-06-15 00:05:07,51.9,104.18 M
2019-06-15 00:05:09,37.0,102.73 M
2019-06-15 00:05:11,37.0,104.11 M
2019-06-15 00:05:13,35.0,105.92 M
2019-06-15 00:05:15,49.0,106.39 M
2019-06-15 00:05:17,44.0,107.82 M
2019-06-15 00:05:19,37.0,110.11 M
2019-06-15 00:05:21,48.9,110.07 M
2019-06-15 00:05:23,40.0,110.53 M
2019-06-15 00:05:25,47.0,109.35 M
2019-06-15 00:05:27,47.9,107.76 M
2019-06-15 00:05:29,45.9,105.30 M
2019-06-15 00:05:31,50.0,106.98 M
2019-06-15 00:05:33,38.0,106.20 M
2019-06-15 00:05:35,40.0,106.66 M
2019-06-15 00:05:37,35.0,106.44 M
2019-06-15 00:05:39,46.0,107.43 M
2019-06-15 00:05:41,54.9,107.14 M
2019-06-15 00:05:43,47.9,109.63 M
2019-06-15 00:05:45,52.0,110.08 M
2019-06-15 00:05:47,48.9,110.12 M
2019-06-15 00:05:49,43.9,111.02 M
2019-06-15 00:05:51,43.0,113.00 M
2019-06-15 00:05:53,51.9,112.25 M
2019-06-15 00:05:55,44.9,114.27 M
2019-06-15 00:05:57,38.0,114.27 M
2019-06-15 00:05:59,45.9,116.65 M
2019-06-15 00:06:01,49.0,114.72 M
2019-06-15 00:06:03,49.9,115.01 M
2019-06-15 00:06:05,42.0,115.01 M
2019-06-15 00:06:07,43.0,116.74 M
2019-06-15 00:06:09,37.0,114.18 M
2019-06-15 00:06:11,50.9,114.43 M
2019-06-15 00:06:13,50.9,112.55 M
2019-06-15 00:06:15,43.0,112.55 M
2019-06-15 00:06:17,44.0,114.24 M
2019-06-15 00:06:20,60.0,64.71 M
2019-06-15 00:06:22,54.0,87.34 M
2019-06-15 00:06:24,36.0,91.30 M
2019-06-15 00:06:26,45.9,95.29 M
2019-06-15 00:06:28,46.9,95.24 M
2019-06-15 00:06:30,55.0,97.48 M
2019-06-15 00:06:32,55.9,98.00 M
2019-06-15 00:06:34,54.9,98.05 M
2019-06-15 00:06:36,45.0,98.65 M
2019-06-15 00:06:38,36.0,98.41 M
2019-06-15 00:06:40,39.0,97.54 M
2019-06-15 00:06:42,38.0,97.51 M
2019-06-15 00:06:44,42.0,97.63 M
2019-06-15 00:06:46,39.9,98.08 M
2019-06-15 00:06:48,42.9,98.05 M
2019-06-15 00:06:50,38.0,98.01 M
2019-06-15 00:06:52,46.0,99.32 M
2019-06-15 00:06:54,51.0,99.01 M
2019-06-15 00:06:56,38.0,101.10 M
2019-06-15 00:06:58,44.9,102.02 M
2019-06-15 00:07:00,37.0,100.12 M
2019-06-15 00:07:02,46.0,102.96 M
2019-06-15 00:07:04,50.9,101.00 M
2019-06-15 00:07:06,43.9,103.08 M
2019-06-15 00:07:08,44.0,105.68 M
2019-06-15 00:07:10,41.0,103.96 M
2019-06-15 00:07:12,38.0,103.91 M
2019-06-15 00:07:14,47.9,102.52 M
2019-06-15 00:07:16,48.9,101.45 M
2019-06-15 00:07:18,42.9,102.37 M
2019-06-15 00:07:22,66.9,64.49 M
2019-06-15 00:07:24,63.9,86.78 M
2019-06-15 00:07:26,43.9,93.65 M
2019-06-15 00:07:28,51.9,96.48 M
2019-06-15 00:07:30,52.0,96.53 M
2019-06-15 00:07:32,36.0,98.44 M
2019-06-15 00:07:34,45.0,97.05 M
2019-06-15 00:07:36,41.0,98.59 M
2019-06-15 00:07:38,50.0,97.72 M
2019-06-15 00:07:40,43.9,99.80 M
2019-06-15 00:07:42,45.9,101.58 M
2019-06-15 00:07:44,38.0,100.43 M
2019-06-15 00:07:46,42.0,101.32 M
2019-06-15 00:07:48,37.0,100.18 M
2019-06-15 00:07:50,37.0,100.95 M
2019-06-15 00:07:52,50.0,97.67 M
2019-06-15 00:07:54,55.9,99.22 M
2019-06-15 00:07:56,42.9,101.48 M
2019-06-15 00:07:58,51.9,102.93 M
2019-06-15 00:08:00,43.0,101.63 M
2019-06-15 00:08:02,38.0,102.39 M
2019-06-15 00:08:04,42.0,103.57 M
2019-06-15 00:08:06,53.9,103.27 M
2019-06-15 00:08:08,47.9,104.45 M
2019-06-15 00:08:10,48.9,105.72 M
2019-06-15 00:08:12,49.9,108.82 M
2019-06-15 00:08:14,45.9,103.31 M
2019-06-15 00:08:16,42.0,104.70 M
2019-06-15 00:08:18,35.0,107.31 M
2019-06-15 00:08:20,42.9,106.70 M
2019-06-15 00:08:22,39.0,107.62 M
2019-06-15 00:08:24,40.0,110.23 M
2019-06-15 00:08:26,35.0,110.31 M
2019-06-15 00:08:28,33.0,112.91 M
2019-06-15 00:08:30,50.9,110.38 M
2019-06-15 00:08:32,48.9,108.00 M
2019-06-15 00:08:34,47.9,107.93 M
2019-06-15 00:08:36,34.0,110.11 M
2019-06-15 00:08:38,30.0,110.90 M
2019-06-15 00:08:40,38.0,112.48 M
2019-06-15 00:08:42,40.0,108.32 M
2019-06-15 00:08:44,32.0,110.39 M
2019-06-15 00:08:46,32.0,109.62 M
2019-06-15 00:08:48,42.9,111.20 M
2019-06-15 00:08:50,41.9,110.96 M
2019-06-15 00:08:52,41.9,111.19 M
2019-06-15 00:08:54,47.9,114.27 M
2019-06-15 00:08:56,45.9,114.88 M
2019-06-15 00:08:58,40.9,116.16 M
2019-06-15 00:09:00,38.0,113.43 M
2019-06-15 00:09:02,44.0,110.70 M
2019-06-15 00:09:04,40.0,112.73 M
2019-06-15 00:09:06,39.0,114.01 M
2019-06-15 00:09:08,38.0,113.86 M
2019-06-15 00:09:10,44.0,114.07 M
2019-06-15 00:09:12,47.9,114.61 M
2019-06-15 00:09:14,38.0,115.90 M
2019-06-15 00:09:16,53.9,64.39 M
2019-06-15 00:09:18,43.9,87.41 M
2019-06-15 00:09:20,44.0,89.17 M
2019-06-15 00:09:22,47.0,92.30 M
2019-06-15 00:09:24,53.0,93.95 M
2019-06-15 00:09:26,44.0,95.30 M
2019-06-15 00:09:28,38.0,95.44 M
2019-06-15 00:09:30,49.9,96.80 M
2019-06-15 00:09:32,45.0,96.08 M
2019-06-15 00:09:34,43.9,96.68 M
2019-06-15 00:09:36,48.9,98.40 M
2019-06-15 00:09:38,42.9,96.96 M
2019-06-15 00:09:40,42.0,96.36 M
2019-06-15 00:09:42,38.0,95.70 M
2019-06-15 00:09:44,47.0,97.77 M
2019-06-15 00:09:46,41.0,97.34 M
2019-06-15 00:09:48,44.9,97.92 M
2019-06-15 00:09:50,48.0,97.19 M
2019-06-15 00:09:52,32.0,95.98 M
2019-06-15 00:09:54,38.0,97.79 M
2019-06-15 00:09:56,48.0,99.23 M
2019-06-15 00:09:58,45.9,98.07 M
2019-06-15 00:10:00,45.9,99.25 M
2019-06-15 00:10:02,46.0,99.16 M
2019-06-15 00:10:04,41.9,99.28 M
2019-06-15 00:10:06,42.9,100.09 M
2019-06-15 00:10:08,41.0,101.53 M
2019-06-15 00:10:10,43.0,100.22 M
2019-06-15 00:10:12,35.0,97.98 M
2019-06-15 00:10:14,39.0,100.50 M
2019-06-15 00:10:16,46.9,99.93 M
2019-06-15 00:10:18,50.0,101.00 M
2019-06-15 00:10:20,39.0,101.91 M
2019-06-15 00:10:22,43.0,103.02 M
2019-06-15 00:10:24,44.9,100.81 M
2019-06-15 00:10:26,41.0,100.76 M
2019-06-15 00:10:28,39.0,100.48 M
2019-06-15 00:10:30,44.0,100.75 M
2019-06-15 00:10:33,43.0,100.39 M
2019-06-15 00:10:35,36.0,101.11 M
2019-06-15 00:10:37,40.0,101.64 M
2019-06-15 00:10:39,43.9,101.44 M
2019-06-15 00:10:41,47.0,102.09 M
2019-06-15 00:10:43,40.0,100.80 M
2019-06-15 00:10:45,46.0,103.27 M
2019-06-15 00:10:47,43.9,102.21 M
2019-06-15 00:10:49,43.0,102.29 M
2019-06-15 00:10:51,42.9,102.70 M
2019-06-15 00:10:53,41.0,102.28 M
2019-06-15 00:10:55,49.9,102.17 M
2019-06-15 00:10:57,42.9,101.85 M
2019-06-15 00:10:59,34.0,102.43 M
2019-06-15 00:11:01,33.0,100.99 M
2019-06-15 00:11:03,37.0,104.30 M
2019-06-15 00:11:05,32.0,103.08 M
2019-06-15 00:11:07,43.0,102.11 M
2019-06-15 00:11:09,39.0,103.36 M
2019-06-15 00:11:11,37.0,103.46 M
2019-06-15 00:11:13,37.0,103.20 M
2019-06-15 00:11:15,37.0,102.84 M
2019-06-15 00:11:17,34.0,104.41 M
2019-06-15 00:11:19,40.0,105.89 M
2019-06-15 00:11:21,48.9,104.62 M
2019-06-15 00:11:23,44.9,104.15 M
2019-06-15 00:11:25,48.9,104.70 M
2019-06-15 00:11:27,37.0,105.63 M
2019-06-15 00:11:29,42.0,106.45 M
2019-06-15 00:11:31,46.9,108.67 M
2019-06-15 00:11:33,43.0,109.46 M
2019-06-15 00:11:35,44.0,105.17 M
2019-06-15 00:11:37,42.9,106.99 M
2019-06-15 00:11:39,39.0,103.58 M
2019-06-15 00:11:41,36.0,102.09 M
2019-06-15 00:11:43,37.0,102.39 M
2019-06-15 00:11:45,40.0,105.18 M
2019-06-15 00:11:47,44.9,103.35 M
2019-06-15 00:11:49,38.0,104.81 M
2019-06-15 00:11:51,34.0,106.56 M
2019-06-15 00:11:53,43.0,104.10 M
2019-06-15 00:11:55,34.0,104.72 M
2019-06-15 00:11:57,45.0,106.34 M
2019-06-15 00:11:59,35.0,107.30 M
2019-06-15 00:12:01,35.0,105.00 M
2019-06-15 00:12:03,34.0,107.21 M
2019-06-15 00:12:05,43.0,104.93 M
2019-06-15 00:12:07,42.9,106.39 M
2019-06-15 00:12:09,38.0,106.41 M
2019-06-15 00:12:11,42.0,106.82 M
2019-06-15 00:12:13,49.0,106.30 M
2019-06-15 00:12:15,45.0,107.48 M
2019-06-15 00:12:17,48.9,108.21 M
2019-06-15 00:12:19,46.9,106.71 M
2019-06-15 00:12:21,48.0,106.92 M
2019-06-15 00:12:23,44.0,108.73 M
2019-06-15 00:12:25,37.0,107.89 M
2019-06-15 00:12:27,42.9,109.59 M
2019-06-15 00:12:29,41.0,111.32 M
2019-06-15 00:12:31,30.0,109.59 M
2019-06-15 00:12:33,42.0,110.80 M
2019-06-15 00:12:35,44.0,110.40 M
2019-06-15 00:12:37,42.0,107.45 M
2019-06-15 00:12:39,39.0,109.64 M
2019-06-15 00:12:41,33.0,107.98 M
2019-06-15 00:12:43,38.0,109.84 M
2019-06-15 00:12:45,42.9,108.30 M
2019-06-15 00:12:47,43.9,109.71 M
2019-06-15 00:12:49,42.9,109.11 M
2019-06-15 00:12:51,42.0,108.19 M
2019-06-15 00:12:53,38.0,109.45 M
2019-06-15 00:12:55,48.9,109.10 M
2019-06-15 00:12:57,31.0,110.10 M
2019-06-15 00:12:59,34.0,108.31 M
2019-06-15 00:13:01,38.0,111.17 M
2019-06-15 00:13:03,41.0,110.31 M
2019-06-15 00:13:05,42.0,111.08 M
2019-06-15 00:13:07,30.0,111.21 M
2019-06-15 00:13:09,36.0,110.06 M
2019-06-15 00:13:11,28.0,111.96 M
2019-06-15 00:13:13,40.0,111.41 M
2019-06-15 00:13:15,44.9,109.52 M
2019-06-15 00:13:17,40.0,110.84 M
2019-06-15 00:13:19,39.0,111.16 M
2019-06-15 00:13:21,43.9,109.00 M
2019-06-15 00:13:23,46.9,110.34 M
2019-06-15 00:13:25,41.0,107.78 M
2019-06-15 00:13:27,33.0,106.74 M
2019-06-15 00:13:29,36.0,109.88 M
2019-06-15 00:13:31,39.0,110.14 M
2019-06-15 00:13:33,33.0,111.48 M
2019-06-15 00:13:35,51.9,110.92 M
2019-06-15 00:13:37,54.9,111.43 M
2019-06-15 00:13:39,35.0,111.95 M
2019-06-15 00:13:41,41.0,114.29 M
2019-06-15 00:13:43,32.0,112.21 M
2019-06-15 00:13:45,34.0,112.44 M
2019-06-15 00:13:48,58.9,65.48 M
2019-06-15 00:13:50,56.9,64.87 M
2019-06-15 00:13:52,55.9,87.68 M
2019-06-15 00:13:54,47.0,91.70 M
2019-06-15 00:13:56,60.9,95.36 M
2019-06-15 00:13:58,55.9,94.74 M
2019-06-15 00:14:00,55.0,91.96 M
2019-06-15 00:14:02,56.0,96.09 M
2019-06-15 00:14:04,48.9,97.12 M
2019-06-15 00:14:06,43.9,98.50 M
2019-06-15 00:14:08,49.9,96.53 M
2019-06-15 00:14:10,55.0,95.88 M
2019-06-15 00:14:12,43.0,96.16 M
2019-06-15 00:14:14,47.9,97.86 M
2019-06-15 00:14:16,37.0,100.60 M
2019-06-15 00:14:18,41.0,100.07 M
2019-06-15 00:14:20,48.9,97.79 M
2019-06-15 00:14:22,51.0,98.60 M
2019-06-15 00:14:24,42.0,98.50 M
2019-06-15 00:14:26,40.0,97.83 M
2019-06-15 00:14:28,46.9,97.71 M
2019-06-15 00:14:30,51.0,99.67 M
2019-06-15 00:14:32,42.9,99.44 M
2019-06-15 00:14:34,45.0,100.69 M
2019-06-15 00:14:36,42.0,98.74 M
2019-06-15 00:14:38,36.0,100.34 M
2019-06-15 00:14:40,52.0,98.17 M
2019-06-15 00:14:42,53.0,100.13 M
2019-06-15 00:14:44,50.0,99.78 M
2019-06-15 00:14:46,37.0,101.05 M
2019-06-15 00:14:48,39.0,101.04 M
2019-06-15 00:14:50,32.0,102.89 M
2019-06-15 00:14:52,45.0,98.86 M
2019-06-15 00:14:54,52.9,99.76 M
2019-06-15 00:14:56,46.0,98.41 M
2019-06-15 00:14:58,43.0,101.65 M
2019-06-15 00:15:00,42.0,102.57 M
2019-06-15 00:15:02,50.9,104.38 M
2019-06-15 00:15:04,46.9,101.86 M
2019-06-15 00:15:06,45.0,98.84 M
2019-06-15 00:15:08,44.9,100.83 M
2019-06-15 00:15:10,40.0,99.58 M
2019-06-15 00:15:12,40.0,101.49 M
2019-06-15 00:15:14,35.0,102.75 M
2019-06-15 00:15:16,44.0,102.97 M
2019-06-15 00:15:18,50.9,101.11 M
2019-06-15 00:15:20,34.0,100.46 M
2019-06-15 00:15:22,43.0,102.25 M
2019-06-15 00:15:24,45.9,99.51 M
2019-06-15 00:15:26,48.9,100.88 M
2019-06-15 00:15:28,42.0,101.89 M
2019-06-15 00:15:30,36.0,99.86 M
2019-06-15 00:15:32,30.0,103.60 M
2019-06-15 00:15:34,47.9,102.88 M
2019-06-15 00:15:36,45.0,101.27 M
2019-06-15 00:15:38,41.9,100.84 M
2019-06-15 00:15:40,47.0,101.99 M
2019-06-15 00:15:42,36.0,103.18 M
2019-06-15 00:15:44,47.0,105.07 M
2019-06-15 00:15:46,47.9,100.72 M
2019-06-15 00:15:48,45.0,101.42 M
2019-06-15 00:15:50,49.0,103.23 M
2019-06-15 00:15:52,40.0,103.93 M
2019-06-15 00:15:54,46.9,102.55 M
2019-06-15 00:15:56,45.0,105.58 M
2019-06-15 00:15:58,45.9,104.17 M
2019-06-15 00:16:00,45.9,106.25 M
2019-06-15 00:16:02,46.9,104.52 M
2019-06-15 00:16:04,53.9,106.25 M
2019-06-15 00:16:06,48.9,104.43 M
2019-06-15 00:16:08,43.0,103.90 M
2019-06-15 00:16:10,48.9,105.95 M
2019-06-15 00:16:14,63.9,66.43 M
2019-06-15 00:16:16,47.9,88.78 M
2019-06-15 00:16:18,54.0,93.75 M
2019-06-15 00:16:20,39.0,92.95 M
2019-06-15 00:16:22,39.0,93.83 M
2019-06-15 00:16:24,54.0,95.16 M
2019-06-15 00:16:26,44.0,95.23 M
2019-06-15 00:16:28,44.0,98.12 M
2019-06-15 00:16:30,49.0,98.27 M
2019-06-15 00:16:32,47.9,98.58 M
2019-06-15 00:16:34,36.0,99.01 M
2019-06-15 00:16:36,42.0,97.91 M
2019-06-15 00:16:38,42.9,97.39 M
2019-06-15 00:16:40,43.0,96.95 M
2019-06-15 00:16:42,47.9,98.62 M
2019-06-15 00:16:44,44.9,98.50 M
2019-06-15 00:16:46,40.0,99.78 M
2019-06-15 00:16:48,54.9,97.42 M
2019-06-15 00:16:50,48.9,97.50 M
2019-06-15 00:16:52,46.9,99.80 M
2019-06-15 00:16:54,45.9,98.65 M
2019-06-15 00:16:56,46.9,100.10 M
2019-06-15 00:16:59,41.0,99.28 M
2019-06-15 00:17:01,46.9,101.12 M
2019-06-15 00:17:03,47.0,99.19 M
2019-06-15 00:17:05,50.0,100.43 M
2019-06-15 00:17:07,37.0,102.24 M
2019-06-15 00:17:09,37.0,101.21 M
2019-06-15 00:17:11,52.9,99.41 M
2019-06-15 00:17:13,47.0,100.25 M
2019-06-15 00:17:15,46.9,101.09 M
2019-06-15 00:17:17,48.9,102.56 M
2019-06-15 00:17:19,43.9,103.41 M
2019-06-15 00:17:21,56.9,103.44 M
2019-06-15 00:17:23,40.0,102.98 M
2019-06-15 00:17:25,48.9,102.82 M
2019-06-15 00:17:27,46.0,105.72 M
2019-06-15 00:17:29,39.9,105.20 M
2019-06-15 00:17:31,50.9,104.25 M
2019-06-15 00:17:33,34.0,104.12 M
2019-06-15 00:17:35,42.0,105.45 M
2019-06-15 00:17:37,46.9,103.79 M
2019-06-15 00:17:39,39.0,104.48 M
2019-06-15 00:17:41,47.9,108.06 M
2019-06-15 00:17:43,51.0,106.38 M
2019-06-15 00:17:45,38.0,108.68 M
2019-06-15 00:17:47,52.9,108.55 M
2019-06-15 00:17:49,41.0,109.27 M
2019-06-15 00:17:51,47.9,110.05 M
2019-06-15 00:17:53,36.0,108.59 M
2019-06-15 00:17:55,35.0,107.12 M
2019-06-15 00:17:57,44.9,107.43 M
2019-06-15 00:17:59,35.0,109.71 M
2019-06-15 00:18:01,44.9,105.23 M
2019-06-15 00:18:03,49.0,106.19 M
2019-06-15 00:18:05,48.9,107.95 M
2019-06-15 00:18:07,48.0,106.88 M
2019-06-15 00:18:09,51.0,107.74 M
2019-06-15 00:18:11,46.9,107.42 M
2019-06-15 00:18:13,42.0,104.73 M
2019-06-15 00:18:15,47.9,107.49 M
2019-06-15 00:18:17,35.0,107.77 M
2019-06-15 00:18:19,45.0,106.75 M
2019-06-15 00:18:21,41.0,105.60 M
2019-06-15 00:18:23,49.9,105.28 M
2019-06-15 00:18:25,41.9,105.00 M
2019-06-15 00:18:27,36.0,106.12 M
2019-06-15 00:18:29,34.0,108.39 M
2019-06-15 00:18:31,36.0,110.38 M
2019-06-15 00:18:33,52.9,109.20 M
2019-06-15 00:18:35,35.0,109.32 M
2019-06-15 00:18:37,37.0,111.24 M
2019-06-15 00:18:39,31.0,109.51 M
2019-06-15 00:18:41,35.0,111.77 M
2019-06-15 00:18:43,47.9,111.80 M
2019-06-15 00:18:45,52.0,110.93 M
2019-06-15 00:18:47,49.9,111.62 M
2019-06-15 00:18:49,50.9,108.79 M
2019-06-15 00:18:51,50.9,108.79 M
2019-06-15 00:18:53,40.0,112.18 M
2019-06-15 00:18:55,46.9,113.55 M
2019-06-15 00:18:57,40.0,112.68 M
2019-06-15 00:18:59,53.0,113.91 M
2019-06-15 00:19:01,48.9,115.23 M
2019-06-15 00:19:03,40.0,116.96 M
2019-06-15 00:19:05,43.9,117.88 M
2019-06-15 00:19:07,49.9,119.73 M
2019-06-15 00:19:09,46.9,120.76 M
2019-06-15 00:19:11,40.0,121.91 M
2019-06-15 00:19:13,53.9,120.52 M
2019-06-15 00:19:15,43.9,121.03 M
2019-06-15 00:19:17,42.0,118.15 M
2019-06-15 00:19:19,49.9,118.37 M
2019-06-15 00:19:21,47.9,118.60 M
2019-06-15 00:19:23,47.9,113.21 M
2019-06-15 00:19:25,48.9,114.86 M
2019-06-15 00:19:27,43.9,115.21 M
2019-06-15 00:19:29,46.9,117.66 M
2019-06-15 00:19:31,42.9,116.09 M
2019-06-15 00:19:33,43.9,116.73 M
2019-06-15 00:19:35,54.9,119.00 M
2019-06-15 00:19:37,43.9,116.34 M
2019-06-15 00:19:39,41.0,117.47 M
2019-06-15 00:19:41,39.0,119.21 M
2019-06-15 00:19:43,45.0,120.30 M
2019-06-15 00:19:45,44.9,118.84 M
2019-06-15 00:19:47,45.0,119.86 M
2019-06-15 00:19:49,55.9,114.81 M
2019-06-15 00:19:51,46.0,116.57 M
2019-06-15 00:19:53,52.9,118.19 M
2019-06-15 00:19:55,43.0,120.98 M
2019-06-15 00:19:57,35.0,121.75 M
2019-06-15 00:19:59,48.9,122.50 M
2019-06-15 00:20:01,42.0,116.39 M
2019-06-15 00:20:03,38.0,117.89 M
2019-06-15 00:20:05,44.9,115.64 M
2019-06-15 00:20:07,38.0,117.37 M
2019-06-15 00:20:09,53.9,121.17 M
2019-06-15 00:20:11,36.0,118.88 M
2019-06-15 00:20:13,32.0,118.41 M
2019-06-15 00:20:15,36.0,120.69 M
2019-06-15 00:20:17,30.0,119.49 M
2019-06-15 00:20:19,41.9,118.36 M
2019-06-15 00:20:21,40.0,117.95 M
2019-06-15 00:20:23,46.9,117.52 M
2019-06-15 00:20:25,39.0,118.50 M
2019-06-15 00:20:28,36.0,119.41 M
2019-06-15 00:20:30,41.0,121.30 M
2019-06-15 00:20:32,47.9,118.92 M
2019-06-15 00:20:34,51.9,120.96 M
2019-06-15 00:20:36,42.0,122.56 M
2019-06-15 00:20:38,37.0,124.83 M
2019-06-15 00:20:40,43.0,128.62 M
2019-06-15 00:20:42,39.0,118.43 M
2019-06-15 00:20:44,48.9,119.19 M
2019-06-15 00:20:46,38.0,120.73 M
2019-06-15 00:20:48,39.0,120.25 M
2019-06-15 00:20:50,55.9,121.52 M
2019-06-15 00:20:52,51.0,121.00 M
2019-06-15 00:20:54,49.9,121.57 M
2019-06-15 00:20:56,41.9,120.81 M
2019-06-15 00:20:58,50.9,118.79 M
2019-06-15 00:21:00,44.9,121.54 M
2019-06-15 00:21:02,48.9,122.26 M
2019-06-15 00:21:04,48.0,121.40 M
2019-06-15 00:21:06,46.9,122.41 M
2019-06-15 00:21:08,48.9,124.20 M
2019-06-15 00:21:10,46.0,124.62 M
2019-06-15 00:21:12,50.9,124.68 M
2019-06-15 00:21:15,65.0,64.78 M
2019-06-15 00:21:17,59.0,86.45 M
2019-06-15 00:21:20,62.9,65.00 M
2019-06-15 00:21:22,59.9,85.46 M
2019-06-15 00:21:24,57.9,64.02 M
2019-06-15 00:21:26,47.9,85.88 M
2019-06-15 00:21:28,42.0,91.95 M
2019-06-15 00:21:30,50.0,94.90 M
2019-06-15 00:21:32,47.0,95.66 M
2019-06-15 00:21:34,54.9,95.61 M
2019-06-15 00:21:36,65.9,97.21 M
2019-06-15 00:21:38,55.0,97.12 M
2019-06-15 00:21:40,42.0,97.56 M
2019-06-15 00:21:42,44.9,98.94 M
2019-06-15 00:21:44,43.9,100.61 M
2019-06-15 00:21:46,39.0,98.08 M
2019-06-15 00:21:48,34.0,99.90 M
2019-06-15 00:21:50,39.0,97.70 M
2019-06-15 00:21:52,25.0,98.43 M
2019-06-15 00:21:54,42.0,99.56 M
2019-06-15 00:21:56,47.9,99.71 M
2019-06-15 00:21:58,39.0,100.11 M
2019-06-15 00:22:00,41.0,102.15 M
2019-06-15 00:22:02,41.0,101.55 M
2019-06-15 00:22:04,47.9,101.28 M
2019-06-15 00:22:06,39.0,102.97 M
2019-06-15 00:22:08,36.0,102.60 M
2019-06-15 00:22:10,45.9,101.52 M
2019-06-15 00:22:12,35.0,101.63 M
2019-06-15 00:22:14,37.0,104.53 M
2019-06-15 00:22:16,36.0,104.38 M
2019-06-15 00:22:18,43.9,105.16 M
2019-06-15 00:22:20,42.0,106.72 M
2019-06-15 00:22:22,44.0,106.94 M
2019-06-15 00:22:24,43.0,105.05 M
2019-06-15 00:22:26,42.0,106.08 M
2019-06-15 00:22:28,40.0,109.14 M
2019-06-15 00:22:30,45.0,111.21 M
2019-06-15 00:22:32,45.9,112.15 M
2019-06-15 00:22:34,43.9,113.76 M
2019-06-15 00:22:36,37.0,114.42 M
2019-06-15 00:22:38,34.0,116.59 M
2019-06-15 00:22:40,35.0,111.21 M
2019-06-15 00:22:42,34.0,111.86 M
2019-06-15 00:22:44,49.9,111.01 M
2019-06-15 00:22:46,40.0,110.71 M
2019-06-15 00:22:48,45.9,113.32 M
2019-06-15 00:22:50,42.0,112.77 M
2019-06-15 00:22:52,42.9,111.66 M
2019-06-15 00:22:54,48.0,111.64 M
2019-06-15 00:22:56,46.0,110.82 M
2019-06-15 00:22:58,37.0,111.69 M
2019-06-15 00:23:00,38.0,114.27 M
2019-06-15 00:23:02,44.9,109.19 M
2019-06-15 00:23:04,42.9,111.46 M
2019-06-15 00:23:06,41.0,112.78 M
2019-06-15 00:23:08,43.9,113.38 M
2019-06-15 00:23:10,56.9,114.06 M
2019-06-15 00:23:12,48.0,114.44 M
2019-06-15 00:23:14,48.9,115.12 M
2019-06-15 00:23:16,45.0,116.16 M
2019-06-15 00:23:18,42.9,115.30 M
2019-06-15 00:23:21,43.9,118.62 M
2019-06-15 00:23:23,42.9,121.44 M
2019-06-15 00:23:25,37.0,122.44 M
2019-06-15 00:23:27,32.0,123.95 M
2019-06-15 00:23:29,37.0,116.67 M
2019-06-15 00:23:31,36.0,119.31 M
2019-06-15 00:23:33,39.0,115.77 M
2019-06-15 00:23:35,42.9,115.94 M
2019-06-15 00:23:37,34.0,117.38 M
2019-06-15 00:23:39,42.0,119.46 M
2019-06-15 00:23:41,39.0,119.18 M
2019-06-15 00:23:43,50.0,121.46 M
2019-06-15 00:23:45,47.9,119.09 M
2019-06-15 00:23:47,49.9,121.84 M
2019-06-15 00:23:49,45.9,124.41 M
2019-06-15 00:23:51,43.9,125.69 M
2019-06-15 00:23:53,41.0,126.13 M
2019-06-15 00:23:55,41.0,128.22 M
2019-06-15 00:23:57,42.0,124.66 M
2019-06-15 00:23:59,42.0,124.63 M
2019-06-15 00:24:01,38.0,122.65 M
2019-06-15 00:24:03,42.0,124.17 M
2019-06-15 00:24:05,48.9,125.17 M
2019-06-15 00:24:07,37.0,124.43 M
2019-06-15 00:24:09,40.0,124.84 M
2019-06-15 00:24:11,45.9,124.24 M
2019-06-15 00:24:13,46.9,125.20 M
2019-06-15 00:24:15,43.9,124.89 M
2019-06-15 00:24:17,37.0,125.09 M
2019-06-15 00:24:19,37.0,121.96 M
2019-06-15 00:24:21,37.0,125.77 M
2019-06-15 00:24:23,43.0,130.38 M
2019-06-15 00:24:25,55.9,124.66 M
2019-06-15 00:24:27,42.9,127.18 M
2019-06-15 00:24:29,42.9,127.97 M
2019-06-15 00:24:31,37.0,128.66 M
2019-06-15 00:24:33,39.0,131.20 M
2019-06-15 00:24:35,45.0,127.36 M
2019-06-15 00:24:37,44.9,129.18 M
2019-06-15 00:24:39,44.9,132.47 M
2019-06-15 00:24:41,34.0,132.22 M
2019-06-15 00:24:43,36.0,132.49 M
2019-06-15 00:24:45,41.0,133.98 M
2019-06-15 00:24:47,33.0,134.14 M
2019-06-15 00:24:49,42.0,129.75 M
2019-06-15 00:24:51,40.0,130.12 M
2019-06-15 00:24:53,45.9,133.51 M
2019-06-15 00:24:55,51.9,131.84 M
2019-06-15 00:24:57,44.9,135.13 M
2019-06-15 00:24:59,42.0,136.42 M
2019-06-15 00:25:01,36.0,136.56 M
2019-06-15 00:25:03,29.0,138.30 M
2019-06-15 00:25:05,48.9,136.14 M
2019-06-15 00:25:07,39.9,136.68 M
2019-06-15 00:25:09,34.0,133.78 M
2019-06-15 00:25:11,32.0,136.04 M
2019-06-15 00:25:13,48.9,138.57 M
2019-06-15 00:25:15,34.0,136.13 M
2019-06-15 00:25:17,35.0,134.49 M
2019-06-15 00:25:19,42.0,135.61 M
2019-06-15 00:25:21,53.0,133.95 M
2019-06-15 00:25:23,49.9,136.20 M
2019-06-15 00:25:25,30.0,138.73 M
2019-06-15 00:25:27,38.0,140.86 M
2019-06-15 00:25:29,46.9,140.84 M
2019-06-15 00:25:31,45.9,138.79 M
2019-06-15 00:25:33,39.0,141.83 M
2019-06-15 00:25:35,47.0,141.56 M
2019-06-15 00:25:37,43.9,139.21 M
2019-06-15 00:25:39,35.0,140.47 M
2019-06-15 00:25:41,47.9,140.50 M
2019-06-15 00:25:43,49.9,142.59 M
2019-06-15 00:25:45,51.9,143.35 M
2019-06-15 00:25:47,44.0,146.12 M
2019-06-15 00:25:49,47.9,144.09 M
2019-06-15 00:25:51,47.9,147.36 M
2019-06-15 00:25:53,34.0,148.13 M
2019-06-15 00:25:55,35.0,149.62 M
2019-06-15 00:25:57,37.0,150.13 M
2019-06-15 00:25:59,35.0,151.18 M
2019-06-15 00:26:01,48.9,144.56 M
2019-06-15 00:26:03,37.0,145.06 M
2019-06-15 00:26:05,41.0,145.36 M
2019-06-15 00:26:07,36.0,143.20 M
2019-06-15 00:26:09,44.0,142.61 M
2019-06-15 00:26:11,49.9,145.87 M
2019-06-15 00:26:13,43.9,146.31 M
2019-06-15 00:26:15,45.0,149.76 M
2019-06-15 00:26:17,50.9,146.10 M
2019-06-15 00:26:19,47.9,147.94 M
2019-06-15 00:26:21,47.9,149.66 M
2019-06-15 00:26:29,70.9,68.07 M
2019-06-15 00:26:31,49.9,91.70 M
2019-06-15 00:26:33,55.9,94.23 M
2019-06-15 00:26:35,52.9,95.48 M
2019-06-15 00:26:37,52.9,96.95 M
2019-06-15 00:26:39,46.0,97.23 M
2019-06-15 00:26:41,41.0,98.42 M
2019-06-15 00:26:43,40.0,97.55 M
2019-06-15 00:26:45,42.9,96.61 M
2019-06-15 00:26:47,44.0,99.04 M
2019-06-15 00:26:49,50.9,97.91 M
2019-06-15 00:26:51,52.9,98.39 M
2019-06-15 00:26:53,50.0,98.17 M
2019-06-15 00:26:55,51.9,100.36 M
2019-06-15 00:26:57,51.9,99.47 M
2019-06-15 00:26:59,50.9,99.58 M
2019-06-15 00:27:01,50.9,98.58 M
2019-06-15 00:27:03,47.0,98.26 M
2019-06-15 00:27:05,48.9,98.73 M
2019-06-15 00:27:07,45.9,100.86 M
2019-06-15 00:27:09,48.9,101.04 M
2019-06-15 00:27:11,51.9,102.46 M
2019-06-15 00:27:13,43.0,102.72 M
2019-06-15 00:27:15,53.9,105.65 M
2019-06-15 00:27:17,50.0,103.60 M
2019-06-15 00:27:19,52.9,104.29 M
2019-06-15 00:27:21,45.9,105.79 M
2019-06-15 00:27:23,47.9,105.96 M
2019-06-15 00:27:25,51.9,105.91 M
2019-06-15 00:27:27,50.9,105.79 M
2019-06-15 00:27:29,57.0,106.73 M
2019-06-15 00:27:31,40.0,106.12 M
2019-06-15 00:27:33,46.9,105.47 M
2019-06-15 00:27:35,46.0,101.84 M
2019-06-15 00:27:37,48.0,104.20 M
2019-06-15 00:27:39,53.0,103.16 M
2019-06-15 00:27:41,53.9,103.33 M
2019-06-15 00:27:43,47.9,106.41 M
2019-06-15 00:27:45,49.9,104.82 M
2019-06-15 00:27:47,46.9,105.95 M
2019-06-15 00:27:49,50.9,107.81 M
2019-06-15 00:27:51,47.9,108.57 M
2019-06-15 00:27:53,46.0,104.22 M
2019-06-15 00:27:55,50.9,103.51 M
2019-06-15 00:27:57,46.0,106.41 M
2019-06-15 00:27:59,51.0,108.15 M
2019-06-15 00:28:01,50.9,108.66 M
2019-06-15 00:28:03,43.0,109.39 M
2019-06-15 00:28:05,54.0,109.01 M
2019-06-15 00:28:07,49.0,108.71 M
2019-06-15 00:28:09,44.0,106.70 M
2019-06-15 00:28:11,45.9,102.64 M
2019-06-15 00:28:13,49.9,105.56 M
2019-06-15 00:28:15,48.9,104.58 M
2019-06-15 00:28:17,47.9,107.35 M
2019-06-15 00:28:19,54.0,108.91 M
2019-06-15 00:28:21,52.9,111.97 M
2019-06-15 00:28:23,50.9,111.96 M
2019-06-15 00:28:25,47.9,112.54 M
2019-06-15 00:28:27,56.0,114.25 M
2019-06-15 00:28:29,51.9,112.48 M
2019-06-15 00:28:31,44.9,113.95 M
2019-06-15 00:28:33,43.0,108.71 M
2019-06-15 00:28:35,43.9,109.15 M
2019-06-15 00:28:37,48.0,108.17 M
2019-06-15 00:28:39,50.9,107.36 M
2019-06-15 00:28:41,44.9,108.21 M
2019-06-15 00:28:43,52.9,108.48 M
2019-06-15 00:28:45,37.0,111.14 M
2019-06-15 00:28:47,47.9,113.52 M
2019-06-15 00:28:49,47.9,114.24 M
2019-06-15 00:28:51,55.0,112.35 M
2019-06-15 00:28:53,45.9,110.30 M
2019-06-15 00:28:55,52.9,113.56 M
2019-06-15 00:28:57,44.9,113.70 M
2019-06-15 00:28:59,49.9,115.27 M
2019-06-15 00:29:01,45.9,114.03 M
2019-06-15 00:29:03,52.9,113.29 M
2019-06-15 00:29:05,45.9,114.14 M
2019-06-15 00:29:07,48.9,112.29 M
2019-06-15 00:29:09,53.9,109.95 M
2019-06-15 00:29:11,51.0,110.42 M
2019-06-15 00:29:13,48.0,110.99 M
2019-06-15 00:29:15,41.0,111.14 M
2019-06-15 00:29:17,53.9,111.14 M
2019-06-15 00:29:19,39.0,113.43 M
2019-06-15 00:29:21,50.0,113.83 M
2019-06-15 00:29:23,52.9,111.51 M
2019-06-15 00:29:25,52.9,112.64 M
2019-06-15 00:29:27,42.0,113.21 M
2019-06-15 00:29:29,47.9,110.51 M
2019-06-15 00:29:31,49.0,109.61 M
2019-06-15 00:29:33,53.9,110.53 M
2019-06-15 00:29:35,50.0,112.58 M
2019-06-15 00:29:37,48.9,114.01 M
2019-06-15 00:29:39,49.9,115.31 M
2019-06-15 00:29:42,50.9,64.78 M
2019-06-15 00:29:44,51.0,88.27 M
2019-06-15 00:29:46,50.9,91.71 M
2019-06-15 00:29:48,40.0,93.96 M
2019-06-15 00:29:50,48.0,95.39 M
2019-06-15 00:29:53,45.9,95.68 M
2019-06-15 00:29:55,43.0,96.20 M
2019-06-15 00:29:57,44.9,97.37 M
2019-06-15 00:29:59,44.9,98.31 M
2019-06-15 00:30:01,52.9,98.32 M
2019-06-15 00:30:03,46.9,97.39 M
2019-06-15 00:30:05,49.9,98.79 M
2019-06-15 00:30:07,36.0,100.22 M
2019-06-15 00:30:09,39.0,99.75 M
2019-06-15 00:30:11,48.0,99.34 M
2019-06-15 00:30:13,52.9,99.08 M
2019-06-15 00:30:15,47.0,97.46 M
2019-06-15 00:30:17,35.0,98.86 M
2019-06-15 00:30:19,43.0,99.46 M
2019-06-15 00:30:21,46.9,102.09 M
2019-06-15 00:30:23,41.9,100.84 M
2019-06-15 00:30:25,40.0,99.86 M
2019-06-15 00:30:27,42.0,101.48 M
2019-06-15 00:30:29,42.0,101.25 M
2019-06-15 00:30:31,41.0,103.77 M
2019-06-15 00:30:33,50.0,100.69 M
2019-06-15 00:30:35,47.9,99.80 M
2019-06-15 00:30:37,50.9,101.14 M
2019-06-15 00:30:39,42.0,102.16 M
2019-06-15 00:30:41,37.0,105.51 M
2019-06-15 00:30:43,40.0,102.76 M
2019-06-15 00:30:45,49.0,104.31 M
2019-06-15 00:30:47,37.0,103.88 M
2019-06-15 00:30:49,43.0,101.94 M
2019-06-15 00:30:51,45.9,102.38 M
2019-06-15 00:30:53,43.0,104.94 M
2019-06-15 00:30:55,47.9,103.50 M
2019-06-15 00:30:57,42.0,104.47 M
2019-06-15 00:30:59,41.0,105.04 M
2019-06-15 00:31:01,46.9,107.52 M
2019-06-15 00:31:03,48.9,103.63 M
2019-06-15 00:31:05,46.0,105.59 M
2019-06-15 00:31:07,44.0,105.66 M
2019-06-15 00:31:09,40.0,104.67 M
2019-06-15 00:31:11,51.9,105.09 M
2019-06-15 00:31:13,49.9,109.11 M
2019-06-15 00:31:15,44.9,109.37 M
2019-06-15 00:31:17,36.0,112.92 M
2019-06-15 00:31:19,38.0,113.98 M
2019-06-15 00:31:21,39.0,108.87 M
2019-06-15 00:31:23,43.9,104.87 M
2019-06-15 00:31:25,46.0,106.90 M
2019-06-15 00:31:27,50.9,108.11 M
2019-06-15 00:31:29,45.9,109.62 M
2019-06-15 00:31:31,48.9,111.64 M
2019-06-15 00:31:33,43.0,110.68 M
2019-06-15 00:31:35,50.9,112.27 M
2019-06-15 00:31:37,45.9,112.39 M
2019-06-15 00:31:39,36.0,112.96 M
2019-06-15 00:31:41,38.0,116.51 M
2019-06-15 00:31:43,48.9,117.19 M
2019-06-15 00:31:45,48.9,118.43 M
2019-06-15 00:31:47,50.0,112.86 M
2019-06-15 00:31:49,44.9,112.81 M
2019-06-15 00:31:51,41.9,112.30 M
2019-06-15 00:31:53,46.0,115.09 M
2019-06-15 00:31:55,49.9,111.68 M
2019-06-15 00:31:57,44.9,111.12 M
2019-06-15 00:31:59,39.0,113.89 M
2019-06-15 00:32:01,53.9,111.05 M
2019-06-15 00:32:03,38.0,110.07 M
2019-06-15 00:32:05,45.9,111.86 M
2019-06-15 00:32:07,39.0,115.42 M
2019-06-15 00:32:09,42.0,112.74 M
2019-06-15 00:32:11,39.0,112.32 M
2019-06-15 00:32:13,39.0,113.16 M
2019-06-15 00:32:15,47.0,114.82 M
2019-06-15 00:32:17,42.0,115.29 M
2019-06-15 00:32:19,40.0,116.00 M
2019-06-15 00:32:21,49.9,114.57 M
2019-06-15 00:32:23,43.9,116.95 M
2019-06-15 00:32:25,39.9,118.35 M
2019-06-15 00:32:27,47.9,121.15 M
2019-06-15 00:32:29,43.9,121.91 M
2019-06-15 00:32:31,33.0,124.43 M
2019-06-15 00:32:33,41.0,121.86 M
2019-06-15 00:32:35,46.9,124.45 M
2019-06-15 00:32:37,47.9,125.45 M
2019-06-15 00:32:39,47.0,128.02 M
2019-06-15 00:32:41,39.0,126.76 M
2019-06-15 00:32:43,44.9,121.35 M
2019-06-15 00:32:45,48.0,116.49 M
2019-06-15 00:32:47,47.9,116.38 M
2019-06-15 00:32:49,31.0,116.63 M
2019-06-15 00:32:51,37.0,117.18 M
2019-06-15 00:32:53,35.0,114.95 M
2019-06-15 00:32:55,42.0,113.12 M
2019-06-15 00:32:57,47.9,113.71 M
2019-06-15 00:32:59,44.0,116.54 M
2019-06-15 00:33:01,43.9,117.03 M
2019-06-15 00:33:03,50.9,118.66 M
2019-06-15 00:33:05,40.0,119.20 M
2019-06-15 00:33:07,49.0,120.82 M
2019-06-15 00:33:10,45.9,121.84 M
2019-06-15 00:33:12,50.9,122.51 M
2019-06-15 00:33:14,32.0,124.85 M
2019-06-15 00:33:16,41.0,118.21 M
2019-06-15 00:33:18,41.9,119.83 M
2019-06-15 00:33:20,37.0,122.30 M
2019-06-15 00:33:22,25.0,121.31 M
2019-06-15 00:33:24,34.0,121.70 M
2019-06-15 00:33:26,35.0,121.34 M
2019-06-15 00:33:28,47.9,123.03 M
2019-06-15 00:33:30,45.9,121.59 M
2019-06-15 00:33:32,49.9,122.47 M
2019-06-15 00:33:34,41.9,123.34 M
2019-06-15 00:33:36,46.9,122.29 M
2019-06-15 00:33:38,48.0,121.64 M
2019-06-15 00:33:40,36.0,124.79 M
2019-06-15 00:33:42,35.0,124.70 M
2019-06-15 00:33:44,34.0,127.35 M
2019-06-15 00:33:46,34.0,126.12 M
2019-06-15 00:33:48,46.9,126.61 M
2019-06-15 00:33:50,41.0,129.36 M
2019-06-15 00:33:52,41.0,126.15 M
2019-06-15 00:33:54,32.0,128.91 M
2019-06-15 00:33:56,37.0,127.79 M
2019-06-15 00:33:58,38.0,127.32 M
2019-06-15 00:34:00,44.9,128.30 M
2019-06-15 00:34:02,42.0,128.80 M
2019-06-15 00:34:04,33.0,128.27 M
2019-06-15 00:34:06,28.0,126.26 M
2019-06-15 00:34:08,41.0,129.49 M
2019-06-15 00:34:10,39.0,130.00 M
2019-06-15 00:34:12,48.9,131.98 M
2019-06-15 00:34:14,42.0,126.36 M
2019-06-15 00:34:16,36.0,129.32 M
2019-06-15 00:34:18,45.0,130.22 M
2019-06-15 00:34:20,31.0,131.22 M
2019-06-15 00:34:22,36.0,132.94 M
2019-06-15 00:34:24,36.0,131.38 M
2019-06-15 00:34:26,35.0,131.72 M
2019-06-15 00:34:28,31.0,129.90 M
2019-06-15 00:34:30,31.0,130.33 M
2019-06-15 00:34:32,39.0,129.80 M
2019-06-15 00:34:34,26.0,131.48 M
2019-06-15 00:34:36,42.0,130.67 M
2019-06-15 00:34:38,50.9,128.68 M
2019-06-15 00:34:40,41.0,129.22 M
2019-06-15 00:34:43,52.9,60.51 M
2019-06-15 00:34:46,59.9,64.08 M
2019-06-15 00:34:48,64.9,84.91 M
2019-06-15 00:34:50,49.9,90.70 M
2019-06-15 00:34:52,47.0,92.89 M
2019-06-15 00:34:54,46.0,93.45 M
2019-06-15 00:34:56,43.9,95.84 M
2019-06-15 00:34:58,44.0,96.92 M
2019-06-15 00:35:00,42.0,95.21 M
2019-06-15 00:35:02,44.9,95.80 M
2019-06-15 00:35:04,38.0,96.06 M
2019-06-15 00:35:06,50.9,95.91 M
2019-06-15 00:35:08,49.9,98.15 M
2019-06-15 00:35:10,45.0,99.11 M
2019-06-15 00:35:12,38.0,99.42 M
2019-06-15 00:35:14,28.0,98.89 M
2019-06-15 00:35:16,34.0,99.02 M
2019-06-15 00:35:18,44.0,98.89 M
2019-06-15 00:35:20,39.0,99.00 M
2019-06-15 00:35:22,46.9,99.94 M
2019-06-15 00:35:24,41.0,97.64 M
2019-06-15 00:35:26,48.9,99.62 M
2019-06-15 00:35:28,38.0,100.36 M
2019-06-15 00:35:33,55.0,60.04 M
2019-06-15 00:35:35,49.9,84.55 M
2019-06-15 00:35:37,59.0,91.46 M
2019-06-15 00:35:39,43.0,93.11 M
2019-06-15 00:35:41,49.9,95.54 M
2019-06-15 00:35:44,44.9,95.14 M
2019-06-15 00:35:46,46.0,95.77 M
2019-06-15 00:35:48,44.9,98.87 M
2019-06-15 00:35:50,37.0,96.71 M
2019-06-15 00:35:52,44.9,96.09 M
2019-06-15 00:35:54,46.0,96.42 M
2019-06-15 00:35:56,43.0,96.08 M
2019-06-15 00:35:58,35.0,97.59 M
2019-06-15 00:36:00,48.9,99.95 M
2019-06-15 00:36:02,40.0,97.85 M
2019-06-15 00:36:04,39.0,97.79 M
2019-06-15 00:36:06,42.0,99.06 M
2019-06-15 00:36:08,47.0,98.78 M
2019-06-15 00:36:10,39.0,101.04 M
2019-06-15 00:36:12,46.9,99.24 M
2019-06-15 00:36:14,47.9,99.96 M
2019-06-15 00:36:16,46.9,100.29 M
2019-06-15 00:36:18,41.9,99.81 M
2019-06-15 00:36:20,37.0,99.11 M
2019-06-15 00:36:22,51.9,98.66 M
2019-06-15 00:36:24,40.0,100.87 M
2019-06-15 00:36:26,43.9,99.28 M
2019-06-15 00:36:28,40.0,100.75 M
2019-06-15 00:36:30,41.0,103.05 M
2019-06-15 00:36:32,45.9,103.07 M
2019-06-15 00:36:34,44.9,103.23 M
2019-06-15 00:36:36,40.0,100.61 M
2019-06-15 00:36:38,44.0,99.37 M
2019-06-15 00:36:40,49.9,101.25 M
2019-06-15 00:36:42,45.9,102.53 M
2019-06-15 00:36:44,53.9,102.79 M
2019-06-15 00:36:46,32.0,103.96 M
2019-06-15 00:36:48,32.0,104.00 M
2019-06-15 00:36:50,41.0,107.08 M
2019-06-15 00:36:52,41.0,101.79 M
2019-06-15 00:36:54,46.9,100.55 M
2019-06-15 00:36:56,45.9,102.31 M
2019-06-15 00:36:58,34.0,101.71 M
2019-06-15 00:37:00,44.9,103.41 M
2019-06-15 00:37:02,43.0,101.74 M
2019-06-15 00:37:04,51.0,103.68 M
2019-06-15 00:37:06,45.9,104.34 M
2019-06-15 00:37:08,30.0,105.16 M
2019-06-15 00:37:10,44.9,105.52 M
2019-06-15 00:37:12,40.0,103.83 M
2019-06-15 00:37:14,47.9,105.43 M
2019-06-15 00:37:16,41.0,104.23 M
2019-06-15 00:37:18,43.0,104.76 M
2019-06-15 00:37:20,48.9,105.93 M
2019-06-15 00:37:22,48.9,102.97 M
2019-06-15 00:37:24,33.0,105.77 M
2019-06-15 00:37:26,35.0,108.99 M
2019-06-15 00:37:28,36.0,110.17 M
2019-06-15 00:37:30,39.0,103.90 M
2019-06-15 00:37:32,32.0,105.13 M
2019-06-15 00:37:34,44.9,106.99 M
2019-06-15 00:37:36,55.0,105.27 M
2019-06-15 00:37:38,47.9,106.96 M
2019-06-15 00:37:40,52.0,108.62 M
2019-06-15 00:37:42,44.9,106.87 M
2019-06-15 00:37:44,47.9,109.04 M
2019-06-15 00:37:46,51.9,106.82 M
2019-06-15 00:37:48,49.9,107.87 M
2019-06-15 00:37:50,37.0,108.56 M
2019-06-15 00:37:52,35.0,111.02 M
2019-06-15 00:37:54,45.0,112.50 M
2019-06-15 00:37:56,31.0,109.18 M
2019-06-15 00:37:58,37.0,106.80 M
2019-06-15 00:38:00,48.0,106.50 M
2019-06-15 00:38:02,40.0,108.93 M
2019-06-15 00:38:04,48.0,111.32 M
2019-06-15 00:38:06,44.9,107.53 M
2019-06-15 00:38:08,43.0,109.00 M
2019-06-15 00:38:10,41.0,107.56 M
2019-06-15 00:38:12,55.9,110.68 M
2019-06-15 00:38:14,51.0,108.39 M
2019-06-15 00:38:16,45.9,108.74 M
2019-06-15 00:38:18,50.0,109.83 M
2019-06-15 00:38:20,35.0,112.77 M
2019-06-15 00:38:22,37.0,110.59 M
2019-06-15 00:38:24,47.9,109.16 M
2019-06-15 00:38:26,37.0,109.55 M
2019-06-15 00:38:28,41.0,111.31 M
2019-06-15 00:38:30,48.9,108.77 M
2019-06-15 00:38:32,50.0,110.61 M
2019-06-15 00:38:34,47.9,113.03 M
2019-06-15 00:38:36,47.0,111.30 M
2019-06-15 00:38:38,45.0,109.37 M
2019-06-15 00:38:40,44.0,109.43 M
2019-06-15 00:38:42,42.0,110.99 M
2019-06-15 00:38:44,47.0,113.68 M
2019-06-15 00:38:46,43.9,116.05 M
2019-06-15 00:38:48,51.9,117.30 M
2019-06-15 00:38:50,29.0,117.66 M
2019-06-15 00:38:52,45.9,118.31 M
2019-06-15 00:38:54,46.9,112.27 M
2019-06-15 00:38:56,42.0,113.64 M
2019-06-15 00:38:58,41.0,111.27 M
2019-06-15 00:39:00,48.0,113.61 M
2019-06-15 00:39:02,38.0,115.49 M
2019-06-15 00:39:04,40.0,115.43 M
2019-06-15 00:39:07,46.9,113.23 M
2019-06-15 00:39:09,37.0,113.98 M
2019-06-15 00:39:11,45.0,113.25 M
2019-06-15 00:39:13,45.0,113.68 M
2019-06-15 00:39:15,54.9,113.07 M
2019-06-15 00:39:17,47.0,114.45 M
2019-06-15 00:39:19,47.9,116.08 M
2019-06-15 00:39:21,46.9,115.06 M
2019-06-15 00:39:23,45.0,115.20 M
2019-06-15 00:39:25,53.9,116.15 M
2019-06-15 00:39:27,43.0,116.38 M
2019-06-15 00:39:29,37.0,116.51 M
2019-06-15 00:39:31,48.9,113.84 M
2019-06-15 00:39:33,43.0,115.43 M
2019-06-15 00:39:35,36.0,116.54 M
2019-06-15 00:39:37,38.0,117.82 M
2019-06-15 00:39:39,39.0,118.38 M
2019-06-15 00:39:41,44.0,115.93 M
2019-06-15 00:39:43,49.9,117.27 M
2019-06-15 00:39:45,43.0,115.43 M
2019-06-15 00:39:47,43.9,116.84 M
2019-06-15 00:39:49,41.0,115.97 M
2019-06-15 00:39:51,33.0,119.43 M
2019-06-15 00:39:53,43.9,117.72 M
2019-06-15 00:39:55,52.9,117.16 M
2019-06-15 00:39:57,45.9,116.60 M
2019-06-15 00:39:59,40.9,116.34 M
2019-06-15 00:40:01,41.0,117.80 M
2019-06-15 00:40:03,45.9,119.26 M
2019-06-15 00:40:05,45.9,119.14 M
2019-06-15 00:40:07,47.0,120.65 M
2019-06-15 00:40:09,44.0,121.78 M
2019-06-15 00:40:11,47.9,119.61 M
2019-06-15 00:40:13,41.9,121.54 M
2019-06-15 00:40:15,44.9,121.91 M
2019-06-15 00:40:17,54.0,124.04 M
2019-06-15 00:40:19,48.9,123.94 M
2019-06-15 00:40:21,39.0,125.52 M
2019-06-15 00:40:23,43.9,127.17 M
2019-06-15 00:40:25,47.0,128.17 M
2019-06-15 00:40:27,33.0,128.55 M
2019-06-15 00:40:29,42.9,126.37 M
2019-06-15 00:40:31,44.0,121.50 M
2019-06-15 00:40:34,57.0,65.49 M
2019-06-15 00:40:36,49.9,90.12 M
2019-06-15 00:40:38,49.9,93.23 M
2019-06-15 00:40:40,51.9,95.65 M
2019-06-15 00:40:42,59.9,96.43 M
2019-06-15 00:40:44,51.9,97.32 M
2019-06-15 00:40:46,50.9,96.81 M
2019-06-15 00:40:48,52.9,99.24 M
2019-06-15 00:40:50,38.0,98.07 M
2019-06-15 00:40:52,37.0,98.69 M
2019-06-15 00:40:55,69.0,66.98 M
2019-06-15 00:40:57,42.0,93.39 M
2019-06-15 00:40:59,55.9,94.93 M
2019-06-15 00:41:01,46.9,96.42 M
2019-06-15 00:41:03,55.9,95.97 M
2019-06-15 00:41:05,56.9,96.72 M
2019-06-15 00:41:07,37.0,99.09 M
2019-06-15 00:41:09,42.0,97.93 M
2019-06-15 00:41:11,43.0,100.75 M
2019-06-15 00:41:13,40.0,97.36 M
2019-06-15 00:41:15,43.0,100.57 M
2019-06-15 00:41:17,51.0,102.61 M
2019-06-15 00:41:19,44.9,102.12 M
2019-06-15 00:41:21,54.9,104.26 M
2019-06-15 00:41:23,48.9,103.76 M
2019-06-15 00:41:25,47.9,104.34 M
2019-06-15 00:41:27,44.9,104.56 M
2019-06-15 00:41:29,51.9,105.70 M
2019-06-15 00:41:31,49.9,108.59 M
2019-06-15 00:41:33,45.9,107.82 M
2019-06-15 00:41:35,44.9,106.82 M
2019-06-15 00:41:37,44.9,107.13 M
2019-06-15 00:41:39,42.9,106.76 M
2019-06-15 00:41:41,45.9,106.47 M
2019-06-15 00:41:43,50.9,108.23 M
2019-06-15 00:41:45,45.9,106.28 M
2019-06-15 00:41:47,43.0,110.17 M
2019-06-15 00:41:49,45.9,110.79 M
2019-06-15 00:41:51,53.9,113.66 M
2019-06-15 00:41:53,46.9,111.26 M
2019-06-15 00:41:55,42.0,113.31 M
2019-06-15 00:41:57,44.0,112.06 M
2019-06-15 00:41:59,50.0,111.64 M
2019-06-15 00:42:01,56.0,113.13 M
2019-06-15 00:42:03,44.9,109.36 M
2019-06-15 00:42:05,40.0,110.75 M
2019-06-15 00:42:07,44.0,109.55 M
2019-06-15 00:42:09,52.0,109.74 M
2019-06-15 00:42:11,46.9,111.28 M
2019-06-15 00:42:14,47.9,111.18 M
2019-06-15 00:42:16,48.0,110.94 M
2019-06-15 00:42:18,40.0,112.11 M
2019-06-15 00:42:20,49.0,110.60 M
2019-06-15 00:42:22,42.0,112.41 M
2019-06-15 00:42:24,46.9,111.54 M
2019-06-15 00:42:26,36.0,114.11 M
2019-06-15 00:42:28,47.9,114.41 M
2019-06-15 00:42:30,47.9,115.22 M
2019-06-15 00:42:32,42.9,115.03 M
2019-06-15 00:42:34,37.0,117.34 M
2019-06-15 00:42:36,34.0,113.74 M
2019-06-15 00:42:38,40.0,112.80 M
2019-06-15 00:42:40,41.0,115.86 M
2019-06-15 00:42:42,35.0,117.57 M
2019-06-15 00:42:44,38.0,114.70 M
2019-06-15 00:42:46,31.0,117.17 M
2019-06-15 00:42:48,39.0,117.57 M
2019-06-15 00:42:50,39.0,117.35 M
2019-06-15 00:42:52,39.0,115.19 M
2019-06-15 00:42:54,40.0,118.11 M
2019-06-15 00:42:56,35.0,117.99 M
2019-06-15 00:42:58,36.0,115.41 M
2019-06-15 00:43:00,49.0,118.23 M
2019-06-15 00:43:02,34.0,119.87 M
2019-06-15 00:43:04,41.0,119.16 M
2019-06-15 00:43:06,38.0,117.57 M
2019-06-15 00:43:08,45.9,119.00 M
2019-06-15 00:43:10,43.0,119.38 M
2019-06-15 00:43:12,41.0,119.38 M
2019-06-15 00:43:14,38.0,121.92 M
2019-06-15 00:43:16,41.0,124.08 M
2019-06-15 00:43:18,39.0,128.41 M
2019-06-15 00:43:20,37.0,128.93 M
2019-06-15 00:43:22,39.0,130.11 M
2019-06-15 00:43:24,37.0,130.62 M
2019-06-15 00:43:26,38.0,132.50 M
2019-06-15 00:43:28,42.9,134.22 M
2019-06-15 00:43:30,43.9,135.22 M
2019-06-15 00:43:32,38.0,131.77 M
2019-06-15 00:43:34,45.9,133.44 M
2019-06-15 00:43:36,44.9,129.78 M
2019-06-15 00:43:38,47.9,126.04 M
2019-06-15 00:43:40,43.0,127.99 M
2019-06-15 00:43:42,41.0,126.22 M
2019-06-15 00:43:44,39.0,127.25 M
2019-06-15 00:43:46,39.0,129.68 M
2019-06-15 00:43:48,43.9,124.70 M
2019-06-15 00:43:50,40.0,123.61 M
2019-06-15 00:43:52,31.0,126.44 M
2019-06-15 00:43:54,42.0,125.65 M
2019-06-15 00:43:56,43.9,127.84 M
2019-06-15 00:43:58,44.0,131.16 M
2019-06-15 00:44:00,47.9,131.78 M
2019-06-15 00:44:02,32.0,135.24 M
2019-06-15 00:44:04,38.0,137.13 M
2019-06-15 00:44:06,44.9,131.91 M
2019-06-15 00:44:08,41.0,133.88 M
2019-06-15 00:44:10,41.9,134.11 M
2019-06-15 00:44:12,35.0,135.12 M
2019-06-15 00:44:14,39.0,135.31 M
2019-06-15 00:44:16,37.0,135.89 M
2019-06-15 00:44:18,31.0,137.91 M
2019-06-15 00:44:20,27.0,131.56 M
2019-06-15 00:44:22,45.9,130.48 M
2019-06-15 00:44:24,44.9,131.36 M
2019-06-15 00:44:26,39.0,128.71 M
2019-06-15 00:44:28,37.0,130.73 M
2019-06-15 00:44:30,41.0,129.93 M
2019-06-15 00:44:32,34.0,129.94 M
2019-06-15 00:44:34,35.0,131.97 M
2019-06-15 00:44:36,30.0,131.68 M
2019-06-15 00:44:38,51.0,133.23 M
2019-06-15 00:44:40,43.0,135.54 M
2019-06-15 00:44:42,40.0,135.61 M
2019-06-15 00:44:44,33.0,137.12 M
2019-06-15 00:44:46,40.0,139.16 M
2019-06-15 00:44:48,40.0,141.72 M
2019-06-15 00:44:50,38.0,136.59 M
2019-06-15 00:44:52,39.0,138.05 M
2019-06-15 00:44:54,38.0,138.05 M
2019-06-15 00:44:56,36.0,134.70 M
2019-06-15 00:44:58,38.0,134.08 M
2019-06-15 00:45:00,32.0,136.36 M
2019-06-15 00:45:02,40.0,136.45 M
2019-06-15 00:45:04,41.9,135.63 M
2019-06-15 00:45:06,41.9,135.74 M
2019-06-15 00:45:08,38.0,136.13 M
2019-06-15 00:45:10,41.0,135.43 M
2019-06-15 00:45:12,32.0,136.93 M
2019-06-15 00:45:14,33.0,140.54 M
2019-06-15 00:45:16,43.0,139.36 M
2019-06-15 00:45:18,34.0,137.14 M
2019-06-15 00:45:20,40.0,139.29 M
2019-06-15 00:45:22,29.0,140.31 M
2019-06-15 00:45:24,45.0,141.83 M
2019-06-15 00:45:26,39.0,142.85 M
2019-06-15 00:45:28,41.0,144.38 M
2019-06-15 00:45:30,38.0,139.88 M
2019-06-15 00:45:32,31.0,139.94 M
2019-06-15 00:45:34,35.0,142.24 M
2019-06-15 00:45:36,44.9,144.77 M
2019-06-15 00:45:38,47.9,142.09 M
2019-06-15 00:45:40,38.0,142.86 M
2019-06-15 00:45:42,25.0,144.48 M
2019-06-15 00:45:44,44.9,146.58 M
2019-06-15 00:45:46,48.0,147.09 M
2019-06-15 00:45:48,41.0,148.11 M
2019-06-15 00:45:51,37.0,149.89 M
2019-06-15 00:45:53,37.0,150.40 M
2019-06-15 00:45:56,62.0,67.54 M
2019-06-15 00:45:58,54.9,90.67 M
2019-06-15 00:46:00,58.9,95.63 M
2019-06-15 00:46:02,43.0,97.36 M
2019-06-15 00:46:04,64.0,97.77 M
2019-06-15 00:46:06,54.9,95.99 M
2019-06-15 00:46:08,48.0,97.10 M
2019-06-15 00:46:10,44.9,97.47 M
2019-06-15 00:46:12,49.0,96.22 M
2019-06-15 00:46:14,52.0,98.46 M
2019-06-15 00:46:16,53.0,101.04 M
2019-06-15 00:46:18,68.9,67.54 M
2019-06-15 00:46:20,45.0,91.45 M
2019-06-15 00:46:22,64.9,66.71 M
2019-06-15 00:46:24,57.9,91.45 M
2019-06-15 00:46:26,47.0,94.38 M
2019-06-15 00:46:28,55.0,95.43 M
2019-06-15 00:46:30,51.0,96.55 M
2019-06-15 00:46:32,54.9,96.45 M
2019-06-15 00:46:34,55.0,97.80 M
2019-06-15 00:46:36,45.0,99.39 M
2019-06-15 00:46:38,51.9,101.52 M
2019-06-15 00:46:40,48.9,102.47 M
2019-06-15 00:46:42,44.9,97.30 M
2019-06-15 00:46:44,36.0,100.87 M
2019-06-15 00:46:46,51.9,100.38 M
2019-06-15 00:46:48,48.9,99.67 M
2019-06-15 00:46:50,45.9,102.30 M
2019-06-15 00:46:52,53.9,102.39 M
2019-06-15 00:46:54,52.0,100.27 M
2019-06-15 00:46:56,45.0,100.91 M
2019-06-15 00:46:58,41.0,103.53 M
2019-06-15 00:47:00,47.9,106.41 M
2019-06-15 00:47:02,52.0,102.54 M
2019-06-15 00:47:04,43.0,104.00 M
2019-06-15 00:47:06,47.0,104.72 M
2019-06-15 00:47:08,43.0,102.62 M
2019-06-15 00:47:10,42.0,106.70 M
2019-06-15 00:47:12,46.0,105.56 M
2019-06-15 00:47:14,45.0,104.09 M
2019-06-15 00:47:16,43.0,102.39 M
2019-06-15 00:47:18,43.0,105.57 M
2019-06-15 00:47:20,38.0,105.08 M
2019-06-15 00:47:22,38.0,106.14 M
2019-06-15 00:47:24,45.0,107.16 M
2019-06-15 00:47:26,50.9,106.64 M
2019-06-15 00:47:28,48.0,104.18 M
2019-06-15 00:47:30,49.9,106.58 M
2019-06-15 00:47:32,53.9,109.61 M
2019-06-15 00:47:34,50.9,111.87 M
2019-06-15 00:47:37,80.0,79.21 M
2019-06-15 00:47:39,53.9,96.48 M
2019-06-15 00:47:41,54.9,96.89 M
2019-06-15 00:47:43,54.9,97.92 M
2019-06-15 00:47:45,60.9,99.63 M
2019-06-15 00:47:47,44.9,103.03 M
2019-06-15 00:47:49,42.0,100.43 M
2019-06-15 00:47:51,43.0,101.31 M
2019-06-15 00:47:53,51.9,100.02 M
2019-06-15 00:47:55,46.0,101.29 M
2019-06-15 00:47:57,39.0,100.57 M
2019-06-15 00:47:59,43.0,97.80 M
2019-06-15 00:48:01,48.9,100.46 M
2019-06-15 00:48:03,56.0,99.62 M
2019-06-15 00:48:05,52.9,102.70 M
2019-06-15 00:48:07,53.9,105.46 M
2019-06-15 00:48:09,49.9,105.36 M
2019-06-15 00:48:11,73.0,66.10 M
2019-06-15 00:48:13,58.9,91.66 M
2019-06-15 00:48:15,42.9,93.28 M
2019-06-15 00:48:17,40.9,93.79 M
2019-06-15 00:48:19,57.0,94.76 M
2019-06-15 00:48:21,56.0,96.04 M
2019-06-15 00:48:23,44.9,97.88 M
2019-06-15 00:48:25,38.0,99.99 M
2019-06-15 00:48:27,51.9,100.29 M
2019-06-15 00:48:29,48.9,96.76 M
2019-06-15 00:48:31,52.0,99.70 M
2019-06-15 00:48:33,49.9,100.60 M
2019-06-15 00:48:35,49.9,99.50 M
2019-06-15 00:48:37,57.0,94.48 M
2019-06-15 00:48:39,54.0,96.75 M
2019-06-15 00:48:41,40.0,96.14 M
2019-06-15 00:48:43,41.0,97.83 M
2019-06-15 00:48:45,54.9,96.90 M
2019-06-15 00:48:47,35.0,99.67 M
2019-06-15 00:48:49,36.0,99.06 M
2019-06-15 00:48:52,43.0,99.31 M
2019-06-15 00:48:54,39.0,99.15 M
2019-06-15 00:48:56,45.0,98.86 M
2019-06-15 00:48:58,47.0,100.59 M
2019-06-15 00:49:00,45.9,98.04 M
2019-06-15 00:49:02,42.0,100.01 M
2019-06-15 00:49:04,48.9,101.34 M
2019-06-15 00:49:06,46.9,104.74 M
2019-06-15 00:49:08,37.0,103.73 M
2019-06-15 00:49:10,44.9,99.99 M
2019-06-15 00:49:12,44.0,102.49 M
2019-06-15 00:49:14,48.9,101.85 M
2019-06-15 00:49:16,42.0,99.67 M
2019-06-15 00:49:18,47.9,100.36 M
2019-06-15 00:49:20,45.9,102.54 M
2019-06-15 00:49:22,51.0,106.05 M
2019-06-15 00:49:24,47.9,103.88 M
2019-06-15 00:49:26,55.9,106.04 M
2019-06-15 00:49:28,51.0,106.59 M
2019-06-15 00:49:30,45.0,107.41 M
2019-06-15 00:49:32,45.0,104.31 M
2019-06-15 00:49:34,50.0,105.03 M
2019-06-15 00:49:36,39.0,105.38 M
2019-06-15 00:49:38,41.0,107.87 M
2019-06-15 00:49:40,53.0,107.02 M
2019-06-15 00:49:42,53.9,104.29 M
2019-06-15 00:49:44,52.9,106.41 M
2019-06-15 00:49:46,52.0,106.00 M
2019-06-15 00:49:48,43.9,107.24 M
2019-06-15 00:49:50,53.0,107.60 M
2019-06-15 00:49:52,46.0,105.62 M
2019-06-15 00:49:54,47.9,107.38 M
2019-06-15 00:49:56,44.9,109.82 M
2019-06-15 00:49:58,34.0,109.80 M
2019-06-15 00:50:00,45.9,103.34 M
2019-06-15 00:50:02,44.9,104.38 M
2019-06-15 00:50:04,45.0,106.34 M
2019-06-15 00:50:06,51.9,104.39 M
2019-06-15 00:50:08,49.9,108.16 M
2019-06-15 00:50:10,52.0,111.14 M
2019-06-15 00:50:12,46.0,108.89 M
2019-06-15 00:50:14,44.9,107.19 M
2019-06-15 00:50:16,41.0,104.98 M
2019-06-15 00:50:18,55.0,104.51 M
2019-06-15 00:50:20,47.0,106.43 M
2019-06-15 00:50:22,42.0,108.23 M
2019-06-15 00:50:24,41.0,109.84 M
2019-06-15 00:50:26,43.9,107.43 M
2019-06-15 00:50:28,39.0,106.38 M
2019-06-15 00:50:30,49.9,106.82 M
2019-06-15 00:50:32,52.9,107.07 M
2019-06-15 00:50:34,44.0,104.38 M
2019-06-15 00:50:36,48.9,107.38 M
2019-06-15 00:50:38,40.0,110.36 M
2019-06-15 00:50:40,36.0,111.79 M
2019-06-15 00:50:42,39.0,113.46 M
2019-06-15 00:50:44,49.0,109.84 M
2019-06-15 00:50:46,37.0,107.50 M
2019-06-15 00:50:48,41.0,107.08 M
2019-06-15 00:50:50,49.9,106.39 M
2019-06-15 00:50:52,47.0,108.31 M
2019-06-15 00:50:54,49.9,109.73 M
2019-06-15 00:50:56,46.0,110.10 M
2019-06-15 00:50:58,53.0,111.10 M
2019-06-15 00:51:00,39.0,110.78 M
2019-06-15 00:51:02,40.0,112.70 M
2019-06-15 00:51:04,43.0,111.67 M
2019-06-15 00:51:06,48.9,111.53 M
2019-06-15 00:51:08,45.9,112.59 M
2019-06-15 00:51:10,48.9,109.88 M
2019-06-15 00:51:12,44.0,111.05 M
2019-06-15 00:51:14,46.0,110.73 M
2019-06-15 00:51:16,47.9,109.97 M
2019-06-15 00:51:18,51.9,112.61 M
2019-06-15 00:51:20,48.0,110.68 M
2019-06-15 00:51:22,37.0,111.36 M
2019-06-15 00:51:24,43.9,109.11 M
2019-06-15 00:51:26,42.0,112.05 M
2019-06-15 00:51:28,48.0,109.37 M
2019-06-15 00:51:30,45.9,112.69 M
2019-06-15 00:51:32,49.0,115.09 M
2019-06-15 00:51:34,42.0,113.86 M
2019-06-15 00:51:36,52.0,117.36 M
2019-06-15 00:51:38,43.0,110.35 M
2019-06-15 00:51:40,50.0,111.93 M
2019-06-15 00:51:42,52.0,110.75 M
2019-06-15 00:51:44,47.9,113.07 M
2019-06-15 00:51:46,43.0,115.79 M
2019-06-15 00:51:48,46.9,115.70 M
2019-06-15 00:51:50,48.9,118.32 M
2019-06-15 00:51:52,49.9,120.49 M
2019-06-15 00:51:54,43.9,117.92 M
2019-06-15 00:51:56,50.9,119.24 M
2019-06-15 00:51:58,50.9,119.47 M
2019-06-15 00:52:00,48.9,117.85 M
2019-06-15 00:52:02,45.9,120.26 M
2019-06-15 00:52:04,52.9,115.96 M
2019-06-15 00:52:06,41.0,119.02 M
2019-06-15 00:52:08,49.9,118.37 M
2019-06-15 00:52:10,37.0,120.77 M
2019-06-15 00:52:12,38.0,117.00 M
2019-06-15 00:52:14,48.9,114.73 M
2019-06-15 00:52:16,42.0,117.01 M
2019-06-15 00:52:18,40.0,118.05 M
2019-06-15 00:52:20,56.0,116.93 M
2019-06-15 00:52:22,49.0,112.17 M
2019-06-15 00:52:24,49.9,114.38 M
2019-06-15 00:52:26,51.0,115.15 M
2019-06-15 00:52:28,45.9,117.52 M
2019-06-15 00:52:30,40.0,118.30 M
2019-06-15 00:52:32,37.0,117.65 M
2019-06-15 00:52:34,38.0,118.62 M
2019-06-15 00:52:36,42.0,119.20 M
2019-06-15 00:52:38,44.9,115.28 M
2019-06-15 00:52:40,53.0,116.51 M
2019-06-15 00:52:42,36.0,118.14 M
2019-06-15 00:52:44,51.9,115.12 M
2019-06-15 00:52:46,43.0,118.01 M
2019-06-15 00:52:49,47.9,119.78 M
2019-06-15 00:52:51,48.0,120.55 M
2019-06-15 00:52:53,43.0,122.56 M
2019-06-15 00:52:55,53.0,125.18 M
2019-06-15 00:52:57,40.0,123.43 M
2019-06-15 00:52:59,49.9,126.38 M
2019-06-15 00:53:01,47.9,123.19 M
2019-06-15 00:53:03,45.9,124.36 M
2019-06-15 00:53:05,51.0,123.52 M
2019-06-15 00:53:07,50.9,120.59 M
2019-06-15 00:53:09,50.9,122.29 M
2019-06-15 00:53:12,75.9,71.33 M
2019-06-15 00:53:14,53.9,92.17 M
2019-06-15 00:53:16,57.9,96.76 M
2019-06-15 00:53:18,54.9,97.32 M
2019-06-15 00:53:20,55.0,99.01 M
2019-06-15 00:53:22,50.9,95.55 M
2019-06-15 00:53:24,53.9,98.34 M
2019-06-15 00:53:26,54.9,102.05 M
2019-06-15 00:53:28,48.9,102.98 M
2019-06-15 00:53:30,55.9,103.86 M
2019-06-15 00:53:32,50.0,101.84 M
2019-06-15 00:53:34,47.0,105.53 M
2019-06-15 00:53:36,49.0,103.16 M
2019-06-15 00:53:38,50.9,103.72 M
2019-06-15 00:53:40,44.9,102.66 M
2019-06-15 00:53:42,49.9,99.94 M
2019-06-15 00:53:44,47.9,98.43 M
2019-06-15 00:53:46,61.9,99.72 M
2019-06-15 00:53:48,54.0,100.78 M
2019-06-15 00:53:50,44.9,103.08 M
2019-06-15 00:53:52,39.0,103.91 M
2019-06-15 00:53:54,43.0,102.83 M
2019-06-15 00:53:56,51.9,99.96 M
2019-06-15 00:53:58,49.0,99.38 M
2019-06-15 00:54:00,52.9,103.67 M
2019-06-15 00:54:02,42.0,103.38 M
2019-06-15 00:54:04,54.0,104.39 M
2019-06-15 00:54:06,50.0,101.41 M
2019-06-15 00:54:08,50.9,104.41 M
2019-06-15 00:54:10,77.9,68.45 M
2019-06-15 00:54:12,55.0,92.29 M
2019-06-15 00:54:14,51.9,91.93 M
2019-06-15 00:54:16,54.9,93.05 M
2019-06-15 00:54:18,57.9,93.75 M
2019-06-15 00:54:20,52.9,97.61 M
2019-06-15 00:54:22,48.9,96.52 M
2019-06-15 00:54:24,52.9,98.34 M
2019-06-15 00:54:26,54.9,98.77 M
2019-06-15 00:54:28,43.0,96.91 M
2019-06-15 00:54:30,54.9,99.25 M
2019-06-15 00:54:32,46.9,99.00 M
2019-06-15 00:54:34,54.0,101.02 M
2019-06-15 00:54:36,45.0,102.19 M
2019-06-15 00:54:38,45.0,101.75 M
2019-06-15 00:54:41,71.9,72.21 M
2019-06-15 00:54:43,56.9,92.55 M
2019-06-15 00:54:45,55.0,95.39 M
2019-06-15 00:54:47,44.0,98.31 M
2019-06-15 00:54:49,53.0,97.64 M
2019-06-15 00:54:51,55.0,98.10 M
2019-06-15 00:54:53,55.9,100.42 M
2019-06-15 00:54:55,52.0,101.31 M
2019-06-15 00:54:57,48.9,103.55 M
2019-06-15 00:54:59,50.0,103.39 M
2019-06-15 00:55:01,51.9,101.56 M
2019-06-15 00:55:03,50.0,100.52 M
2019-06-15 00:55:05,56.0,99.93 M
2019-06-15 00:55:07,52.9,101.29 M
2019-06-15 00:55:09,46.9,105.13 M
2019-06-15 00:55:11,48.9,103.14 M
2019-06-15 00:55:13,43.0,103.93 M
2019-06-15 00:55:15,43.0,106.00 M
2019-06-15 00:55:17,51.9,102.00 M
2019-06-15 00:55:19,55.9,104.11 M
2019-06-15 00:55:21,54.0,101.89 M
2019-06-15 00:55:23,45.9,106.28 M
2019-06-15 00:55:25,55.0,107.78 M
2019-06-15 00:55:27,51.9,103.91 M
2019-06-15 00:55:29,45.9,104.48 M
2019-06-15 00:55:31,47.9,107.24 M
2019-06-15 00:55:33,51.9,105.73 M
2019-06-15 00:55:35,52.9,102.67 M
2019-06-15 00:55:37,52.9,106.87 M
2019-06-15 00:55:39,51.0,106.95 M
2019-06-15 00:55:41,45.0,110.87 M
2019-06-15 00:55:43,53.0,105.58 M
2019-06-15 00:55:45,52.9,108.21 M
2019-06-15 00:55:47,50.0,112.10 M
2019-06-15 00:55:49,48.0,112.22 M
2019-06-15 00:55:51,54.0,112.32 M
2019-06-15 00:55:53,46.9,112.36 M
2019-06-15 00:55:55,51.9,112.45 M
2019-06-15 00:55:57,46.9,113.29 M
2019-06-15 00:55:59,56.9,113.80 M
2019-06-15 00:56:01,55.9,112.57 M
2019-06-15 00:56:03,48.9,112.48 M
2019-06-15 00:56:05,43.0,112.72 M
2019-06-15 00:56:07,85.9,77.47 M
2019-06-15 00:56:09,55.9,91.53 M
2019-06-15 00:56:11,57.0,94.83 M
2019-06-15 00:56:13,52.0,96.10 M
2019-06-15 00:56:15,51.9,97.47 M
2019-06-15 00:56:17,57.9,96.77 M
2019-06-15 00:56:19,51.0,95.51 M
2019-06-15 00:56:21,44.0,99.30 M
2019-06-15 00:56:23,49.0,99.72 M
2019-06-15 00:56:25,53.9,100.65 M
2019-06-15 00:56:27,54.0,100.61 M
2019-06-15 00:56:29,53.9,100.84 M
2019-06-15 00:56:33,70.9,71.07 M
2019-06-15 00:56:35,51.0,92.25 M
2019-06-15 00:56:37,53.0,97.02 M
2019-06-15 00:56:39,55.9,99.30 M
2019-06-15 00:56:41,51.9,97.70 M
2019-06-15 00:56:43,52.0,102.15 M
2019-06-15 00:56:45,43.0,97.74 M
2019-06-15 00:56:47,52.9,101.40 M
2019-06-15 00:56:49,47.9,102.25 M
2019-06-15 00:56:51,50.9,101.41 M
2019-06-15 00:56:53,49.0,105.58 M
2019-06-15 00:56:55,51.9,105.06 M
2019-06-15 00:56:57,55.9,104.32 M
2019-06-15 00:56:59,50.9,105.80 M
2019-06-15 00:57:01,51.9,105.79 M
2019-06-15 00:57:03,51.0,105.39 M
2019-06-15 00:57:05,50.9,106.73 M
2019-06-15 00:57:07,56.9,99.26 M
2019-06-15 00:57:09,45.9,105.60 M
2019-06-15 00:57:11,48.0,106.23 M
2019-06-15 00:57:13,54.9,106.43 M
2019-06-15 00:57:15,50.9,109.98 M
2019-06-15 00:57:17,46.0,112.24 M
2019-06-15 00:57:19,45.0,108.08 M
2019-06-15 00:57:21,46.0,110.41 M
2019-06-15 00:57:23,51.9,112.92 M
2019-06-15 00:57:25,47.0,108.09 M
2019-06-15 00:57:27,44.0,110.78 M
2019-06-15 00:57:29,48.9,109.47 M
2019-06-15 00:57:31,53.0,113.93 M
2019-06-15 00:57:33,53.9,113.93 M
2019-06-15 00:57:35,55.0,117.23 M
2019-06-15 00:57:37,42.0,114.10 M
2019-06-15 00:57:39,52.9,116.35 M
2019-06-15 00:57:41,53.0,114.70 M
2019-06-15 00:57:43,54.0,115.16 M
2019-06-15 00:57:45,51.0,116.94 M
2019-06-15 00:57:47,43.0,119.19 M
2019-06-15 00:57:49,44.0,118.51 M
2019-06-15 00:57:51,43.0,114.82 M
2019-06-15 00:57:53,44.0,119.62 M
2019-06-15 00:57:55,33.0,119.48 M
2019-06-15 00:57:57,45.0,117.76 M
2019-06-15 00:57:59,45.9,117.26 M
2019-06-15 00:58:01,49.9,120.52 M
2019-06-15 00:58:03,52.9,120.14 M
2019-06-15 00:58:05,46.9,120.20 M
2019-06-15 00:58:07,46.0,124.72 M
2019-06-15 00:58:09,48.0,126.08 M
2019-06-15 00:58:11,50.9,126.78 M
2019-06-15 00:58:13,45.0,126.32 M
2019-06-15 00:58:15,53.0,125.35 M
2019-06-15 00:58:17,52.9,123.52 M
2019-06-15 00:58:19,54.0,125.25 M
2019-06-15 00:58:21,44.0,126.52 M
2019-06-15 00:58:23,47.0,128.45 M
2019-06-15 00:58:25,50.0,130.05 M
2019-06-15 00:58:27,53.0,127.77 M
2019-06-15 00:58:29,50.9,128.90 M
2019-06-15 00:58:31,46.9,131.84 M
2019-06-15 00:58:33,48.9,133.75 M
2019-06-15 00:58:35,51.0,128.27 M
2019-06-15 00:58:37,49.9,132.52 M
2019-06-15 00:58:40,67.0,63.91 M
2019-06-15 00:58:42,42.0,86.05 M
2019-06-15 00:58:44,42.0,91.50 M
2019-06-15 00:58:46,38.0,93.88 M
2019-06-15 00:58:48,41.0,94.78 M
2019-06-15 00:58:50,44.9,96.53 M
2019-06-15 00:58:52,41.0,96.75 M
2019-06-15 00:58:54,38.0,95.77 M
2019-06-15 00:58:56,36.0,97.60 M
2019-06-15 00:58:58,57.9,99.87 M
2019-06-15 00:59:00,56.0,101.25 M
2019-06-15 00:59:02,47.9,102.80 M
2019-06-15 00:59:04,52.0,104.88 M
2019-06-15 00:59:06,48.9,105.54 M
2019-06-15 00:59:08,53.9,106.98 M
2019-06-15 00:59:10,34.0,105.66 M
2019-06-15 00:59:12,35.0,103.16 M
2019-06-15 00:59:14,40.0,104.77 M
2019-06-15 00:59:16,32.0,106.45 M
2019-06-15 00:59:18,45.9,105.57 M
2019-06-15 00:59:20,43.9,107.61 M
2019-06-15 00:59:22,43.0,108.87 M
2019-06-15 00:59:24,37.0,109.34 M
2019-06-15 00:59:26,42.0,109.40 M
2019-06-15 00:59:28,47.9,110.50 M
2019-06-15 00:59:30,44.9,111.70 M
2019-06-15 00:59:32,44.0,109.03 M
2019-06-15 00:59:34,47.0,110.15 M
2019-06-15 00:59:36,44.0,111.51 M
2019-06-15 00:59:38,47.0,111.66 M
2019-06-15 00:59:40,46.0,114.18 M
2019-06-15 00:59:42,39.0,114.41 M
2019-06-15 00:59:44,43.9,116.71 M
2019-06-15 00:59:46,49.9,112.98 M
2019-06-15 00:59:48,47.9,113.16 M
2019-06-15 00:59:50,52.0,115.24 M
2019-06-15 00:59:52,42.0,116.01 M
2019-06-15 00:59:54,44.0,117.50 M
2019-06-15 00:59:56,37.0,118.73 M
2019-06-15 00:59:58,41.0,119.77 M
2019-06-15 01:00:00,42.9,119.51 M
2019-06-15 01:00:02,47.9,120.52 M
2019-06-15 01:00:04,40.9,123.81 M
2019-06-15 01:00:06,46.9,120.94 M
2019-06-15 01:00:08,47.9,121.62 M
2019-06-15 01:00:10,39.0,122.65 M
2019-06-15 01:00:12,48.0,124.90 M
2019-06-15 01:00:15,43.0,124.90 M
2019-06-15 01:00:17,40.0,124.52 M
2019-06-15 01:00:19,39.0,124.55 M
2019-06-15 01:00:21,34.0,125.71 M
2019-06-15 01:00:23,44.9,126.90 M
2019-06-15 01:00:25,46.9,128.66 M
2019-06-15 01:00:27,41.9,126.26 M
2019-06-15 01:00:29,35.0,127.03 M
2019-06-15 01:00:31,35.0,128.75 M
2019-06-15 01:00:33,54.0,127.32 M
2019-06-15 01:00:35,40.0,128.34 M
2019-06-15 01:00:37,34.0,129.79 M
2019-06-15 01:00:39,43.0,130.71 M
2019-06-15 01:00:41,41.0,131.50 M
2019-06-15 01:00:43,40.0,132.01 M
2019-06-15 01:00:45,46.9,134.21 M
2019-06-15 01:00:47,40.0,135.74 M
2019-06-15 01:00:49,34.0,131.20 M
2019-06-15 01:00:51,42.9,131.43 M
2019-06-15 01:00:53,40.9,132.20 M
2019-06-15 01:00:55,34.0,133.20 M
2019-06-15 01:00:57,39.0,133.71 M
2019-06-15 01:00:59,42.9,134.67 M
2019-06-15 01:01:01,46.0,135.19 M
2019-06-15 01:01:03,44.9,135.79 M
2019-06-15 01:01:05,45.9,137.10 M
2019-06-15 01:01:07,36.0,137.62 M
2019-06-15 01:01:09,39.0,138.81 M
2019-06-15 01:01:11,39.0,138.81 M
2019-06-15 01:01:13,42.0,140.77 M
2019-06-15 01:01:15,38.0,142.41 M
2019-06-15 01:01:17,39.0,143.23 M
2019-06-15 01:01:19,42.9,143.90 M
2019-06-15 01:01:21,40.9,144.94 M
2019-06-15 01:01:23,49.9,141.45 M
2019-06-15 01:01:25,41.0,142.97 M
2019-06-15 01:01:27,41.0,144.41 M
2019-06-15 01:01:29,34.0,144.91 M
2019-06-15 01:01:31,39.0,145.96 M
2019-06-15 01:01:33,45.9,146.11 M
2019-06-15 01:01:35,38.0,148.14 M
2019-06-15 01:01:37,38.0,149.06 M
2019-06-15 01:01:39,44.0,150.87 M
2019-06-15 01:01:41,44.0,146.51 M
2019-06-15 01:01:43,35.0,146.51 M
2019-06-15 01:01:45,30.0,147.50 M
2019-06-15 01:01:47,34.0,147.96 M
2019-06-15 01:01:49,38.0,149.64 M
2019-06-15 01:01:51,47.9,151.07 M
2019-06-15 01:01:53,31.0,151.07 M
2019-06-15 01:01:55,32.0,151.72 M
2019-06-15 01:01:57,33.0,151.97 M
2019-06-15 01:01:59,42.9,153.27 M
2019-06-15 01:02:01,35.0,155.06 M
2019-06-15 01:02:03,39.0,153.23 M
2019-06-15 01:02:05,45.9,153.32 M
2019-06-15 01:02:07,37.0,154.41 M
2019-06-15 01:02:09,48.0,155.50 M
2019-06-15 01:02:11,42.0,156.59 M
2019-06-15 01:02:13,47.0,158.29 M
2019-06-15 01:02:15,38.0,160.61 M
2019-06-15 01:02:17,37.0,160.38 M
2019-06-15 01:02:19,30.0,160.98 M
2019-06-15 01:02:21,39.0,160.98 M
2019-06-15 01:02:23,38.0,162.34 M
2019-06-15 01:02:25,39.0,162.86 M
2019-06-15 01:02:27,38.0,157.86 M
2019-06-15 01:02:29,50.0,158.02 M
2019-06-15 01:02:31,40.0,159.55 M
2019-06-15 01:02:33,41.0,160.05 M
2019-06-15 01:02:35,42.0,161.68 M
2019-06-15 01:02:37,32.0,162.68 M
2019-06-15 01:02:39,32.0,163.50 M
2019-06-15 01:02:41,31.0,164.19 M
2019-06-15 01:02:43,29.0,165.20 M
2019-06-15 01:02:45,32.0,165.34 M
2019-06-15 01:02:47,42.9,166.86 M
2019-06-15 01:02:49,37.0,165.50 M
2019-06-15 01:02:51,36.0,166.52 M
2019-06-15 01:02:53,36.0,167.47 M
2019-06-15 01:02:55,38.0,167.47 M
2019-06-15 01:02:57,34.0,169.21 M
2019-06-15 01:02:59,35.0,169.73 M
2019-06-15 01:03:01,41.0,169.39 M
2019-06-15 01:03:03,36.0,169.39 M
2019-06-15 01:03:05,33.0,172.12 M
2019-06-15 01:03:07,35.0,172.63 M
2019-06-15 01:03:09,51.9,173.05 M
2019-06-15 01:03:11,37.0,173.62 M
2019-06-15 01:03:13,33.0,173.88 M
2019-06-15 01:03:15,31.0,172.20 M
2019-06-15 01:03:17,35.0,172.07 M
2019-06-15 01:03:19,28.0,172.42 M
2019-06-15 01:03:21,37.0,172.81 M
2019-06-15 01:03:24,31.0,175.36 M
2019-06-15 01:03:26,25.0,175.38 M
2019-06-15 01:03:28,42.0,175.38 M
2019-06-15 01:03:30,41.0,176.78 M
2019-06-15 01:03:32,35.0,177.79 M
2019-06-15 01:03:34,35.0,176.52 M
2019-06-15 01:03:36,35.0,177.04 M
2019-06-15 01:03:38,42.0,177.86 M
2019-06-15 01:03:41,72.0,69.14 M
2019-06-15 01:03:43,57.9,93.57 M
2019-06-15 01:03:45,60.0,99.96 M
2019-06-15 01:03:47,51.9,96.89 M
2019-06-15 01:03:49,49.9,100.39 M
2019-06-15 01:03:51,43.0,100.99 M
2019-06-15 01:03:53,45.0,99.69 M
2019-06-15 01:03:55,47.9,100.88 M
2019-06-15 01:03:57,44.0,100.38 M
2019-06-15 01:03:59,44.9,100.51 M
2019-06-15 01:04:01,52.9,102.28 M
2019-06-15 01:04:03,54.0,103.05 M
2019-06-15 01:04:05,47.0,105.38 M
2019-06-15 01:04:07,52.9,105.07 M
2019-06-15 01:04:09,50.9,108.91 M
2019-06-15 01:04:11,44.0,107.15 M
2019-06-15 01:04:13,54.9,106.93 M
2019-06-15 01:04:15,44.9,108.36 M
2019-06-15 01:04:17,41.0,111.00 M
2019-06-15 01:04:19,46.9,111.46 M
2019-06-15 01:04:21,48.9,108.70 M
2019-06-15 01:04:23,51.9,107.72 M
2019-06-15 01:04:25,50.0,107.53 M
2019-06-15 01:04:27,51.9,110.10 M
2019-06-15 01:04:29,49.9,110.05 M
2019-06-15 01:04:31,55.0,111.42 M
2019-06-15 01:04:33,56.0,112.91 M
2019-06-15 01:04:35,51.9,117.16 M
2019-06-15 01:04:37,38.0,120.61 M
2019-06-15 01:04:39,48.9,116.72 M
2019-06-15 01:04:41,53.9,113.30 M
2019-06-15 01:04:43,42.0,119.19 M
2019-06-15 01:04:45,53.0,119.54 M
2019-06-15 01:04:47,51.9,118.17 M
2019-06-15 01:04:49,53.0,118.75 M
2019-06-15 01:04:51,53.0,122.39 M
2019-06-15 01:04:53,50.0,122.68 M
2019-06-15 01:04:55,44.0,123.28 M
2019-06-15 01:04:57,41.0,118.72 M
2019-06-15 01:04:59,55.0,113.00 M
2019-06-15 01:05:01,42.0,115.10 M
2019-06-15 01:05:03,56.9,118.29 M
2019-06-15 01:05:05,54.9,119.59 M
2019-06-15 01:05:07,52.0,123.52 M
2019-06-15 01:05:09,57.9,123.76 M
2019-06-15 01:05:11,51.9,127.61 M
2019-06-15 01:05:13,56.0,130.39 M
2019-06-15 01:05:15,49.0,132.73 M
2019-06-15 01:05:17,45.9,130.91 M
2019-06-15 01:05:19,45.0,132.07 M
2019-06-15 01:05:21,50.9,130.82 M
2019-06-15 01:05:23,52.9,132.74 M
2019-06-15 01:05:25,50.9,132.95 M
2019-06-15 01:05:27,46.9,128.91 M
2019-06-15 01:05:29,48.0,132.08 M
2019-06-15 01:05:31,42.0,134.54 M
2019-06-15 01:05:33,48.9,132.43 M
2019-06-15 01:05:35,45.9,131.62 M
2019-06-15 01:05:37,45.9,134.89 M
2019-06-15 01:05:39,43.0,132.62 M
2019-06-15 01:05:41,38.0,122.75 M
2019-06-15 01:05:43,51.9,123.80 M
2019-06-15 01:05:45,45.0,127.92 M
2019-06-15 01:05:47,44.0,128.67 M
2019-06-15 01:05:49,47.9,131.96 M
2019-06-15 01:05:51,45.0,133.36 M
2019-06-15 01:05:53,43.0,134.21 M
2019-06-15 01:05:55,40.0,138.24 M
2019-06-15 01:05:57,38.0,141.48 M
2019-06-15 01:05:59,50.9,135.52 M
2019-06-15 01:06:01,43.0,136.11 M
2019-06-15 01:06:03,41.0,137.30 M
2019-06-15 01:06:05,50.0,140.04 M
2019-06-15 01:06:07,39.0,138.48 M
2019-06-15 01:06:09,41.0,141.19 M
2019-06-15 01:06:11,42.0,144.20 M
2019-06-15 01:06:13,56.9,141.86 M
2019-06-15 01:06:15,53.9,138.33 M
2019-06-15 01:06:17,44.9,136.66 M
2019-06-15 01:06:19,50.0,139.87 M
2019-06-15 01:06:21,52.9,135.50 M
2019-06-15 01:06:23,51.0,138.15 M
2019-06-15 01:06:25,53.0,139.59 M
2019-06-15 01:06:27,54.9,141.16 M
2019-06-15 01:06:29,44.9,145.11 M
2019-06-15 01:06:31,54.9,148.38 M
2019-06-15 01:06:33,48.9,152.43 M
2019-06-15 01:06:35,42.0,154.73 M
2019-06-15 01:06:37,45.0,152.68 M
2019-06-15 01:06:39,51.9,155.16 M
2019-06-15 01:06:41,45.0,143.02 M
2019-06-15 01:06:43,45.9,146.24 M
2019-06-15 01:06:45,54.0,148.97 M
2019-06-15 01:06:47,52.0,144.07 M
2019-06-15 01:06:49,50.9,145.76 M
2019-06-15 01:06:51,54.0,148.76 M
2019-06-15 01:06:53,50.9,150.05 M
2019-06-15 01:06:55,52.0,152.27 M
2019-06-15 01:06:57,42.0,146.66 M
2019-06-15 01:06:59,46.0,149.42 M
2019-06-15 01:07:01,50.9,151.02 M
2019-06-15 01:07:03,42.0,152.01 M
2019-06-15 01:07:05,50.9,151.99 M
2019-06-15 01:07:07,54.9,149.64 M
2019-06-15 01:07:09,49.0,151.52 M
2019-06-15 01:07:11,51.9,153.91 M
2019-06-15 01:07:13,52.9,150.38 M
2019-06-15 01:07:15,46.0,151.46 M
2019-06-15 01:07:17,52.0,153.86 M
2019-06-15 01:07:19,47.0,155.52 M
2019-06-15 01:07:21,44.9,157.89 M
2019-06-15 01:07:23,45.0,159.99 M
2019-06-15 01:07:25,53.0,162.09 M
2019-06-15 01:07:27,54.0,155.62 M
2019-06-15 01:07:29,52.0,157.60 M
2019-06-15 01:07:31,49.9,159.12 M
2019-06-15 01:07:33,45.9,161.23 M
2019-06-15 01:07:35,47.9,157.16 M
2019-06-15 01:07:37,49.9,159.72 M
2019-06-15 01:07:39,47.0,161.57 M
2019-06-15 01:07:41,48.0,164.63 M
2019-06-15 01:07:44,46.0,166.71 M
2019-06-15 01:07:46,52.0,167.89 M
2019-06-15 01:07:48,53.0,169.84 M
2019-06-15 01:07:50,45.9,169.90 M
2019-06-15 01:07:52,45.9,171.43 M
2019-06-15 01:07:54,49.9,171.97 M
2019-06-15 01:07:56,51.0,155.04 M
2019-06-15 01:07:58,42.0,155.04 M
2019-06-15 01:08:00,44.0,158.33 M
2019-06-15 01:08:02,44.9,161.16 M
2019-06-15 01:08:04,44.9,161.17 M
2019-06-15 01:08:06,52.0,164.02 M
2019-06-15 01:08:08,52.0,163.23 M
2019-06-15 01:08:10,53.0,165.81 M
2019-06-15 01:08:12,48.9,168.31 M
2019-06-15 01:08:14,43.0,169.94 M
2019-06-15 01:08:16,49.0,171.41 M
2019-06-15 01:08:18,47.0,164.20 M
2019-06-15 01:08:20,50.9,167.03 M
2019-06-15 01:08:22,43.9,168.56 M
2019-06-15 01:08:24,44.0,170.10 M
2019-06-15 01:08:26,36.0,171.08 M
2019-06-15 01:08:28,52.0,173.41 M
2019-06-15 01:08:30,48.9,174.69 M
2019-06-15 01:08:32,49.0,176.07 M
2019-06-15 01:08:34,44.9,173.38 M
2019-06-15 01:08:36,46.9,170.35 M
2019-06-15 01:08:38,51.9,171.12 M
2019-06-15 01:08:41,103.9,86.12 M
2019-06-15 01:08:43,68.0,93.33 M
2019-06-15 01:08:45,64.9,93.57 M
2019-06-15 01:08:47,58.9,99.84 M
2019-06-15 01:08:49,59.0,99.52 M
2019-06-15 01:08:51,57.9,99.80 M
2019-06-15 01:08:53,54.9,98.27 M
2019-06-15 01:08:55,59.9,100.21 M
2019-06-15 01:08:57,58.9,100.22 M
2019-06-15 01:08:59,58.9,102.79 M
2019-06-15 01:09:01,56.9,103.38 M
2019-06-15 01:09:03,55.9,103.86 M
2019-06-15 01:09:05,61.9,105.04 M
2019-06-15 01:09:07,55.0,106.25 M
2019-06-15 01:09:09,51.9,108.77 M
2019-06-15 01:09:11,57.0,107.09 M
2019-06-15 01:09:13,53.0,109.35 M
2019-06-15 01:09:15,52.9,109.43 M
2019-06-15 01:09:17,57.9,104.91 M
2019-06-15 01:09:19,50.9,107.42 M
2019-06-15 01:09:21,49.9,110.11 M
2019-06-15 01:09:23,51.9,108.76 M
2019-06-15 01:09:25,53.9,108.76 M
2019-06-15 01:09:27,56.9,109.92 M
2019-06-15 01:09:29,56.9,112.93 M
2019-06-15 01:09:31,53.9,114.45 M
2019-06-15 01:09:34,71.9,77.17 M
2019-06-15 01:09:36,53.9,90.91 M
2019-06-15 01:09:38,55.9,95.47 M
2019-06-15 01:09:40,52.9,100.75 M
2019-06-15 01:09:42,56.0,98.28 M
2019-06-15 01:09:44,54.9,102.59 M
2019-06-15 01:09:46,58.0,102.73 M
2019-06-15 01:09:48,52.9,104.66 M
2019-06-15 01:09:50,45.0,0.00 B
