2019-06-11 17:18:40,143.8,159.18 M
2019-06-11 17:18:42,0.0,159.18 M
2019-06-11 17:18:45,143.8,160.44 M
2019-06-11 17:18:47,0.0,160.44 M
2019-06-11 17:18:49,0.0,160.44 M
2019-06-11 17:18:51,45.0,164.16 M
2019-06-11 17:18:53,0.0,164.17 M
2019-06-11 17:18:55,0.0,164.17 M
2019-06-11 17:18:57,12.0,164.38 M
2019-06-11 17:18:59,0.0,164.41 M
2019-06-11 17:19:01,0.0,164.41 M
2019-06-11 17:19:03,11.0,164.60 M
2019-06-11 17:19:05,0.0,164.61 M
2019-06-11 17:19:07,0.0,164.61 M
2019-06-11 17:19:09,13.0,164.69 M
2019-06-11 17:19:11,0.0,164.69 M
2019-06-11 17:19:13,0.0,164.69 M
2019-06-11 17:19:16,149.8,161.18 M
2019-06-11 17:19:18,0.0,161.18 M
2019-06-11 17:19:20,1.0,161.18 M
2019-06-11 17:19:22,141.9,157.92 M
2019-06-11 17:19:24,0.0,157.92 M
2019-06-11 17:19:26,0.0,157.92 M
2019-06-11 17:19:28,47.0,161.52 M
2019-06-11 17:19:30,0.0,161.57 M
2019-06-11 17:19:32,0.0,161.57 M
2019-06-11 17:19:34,22.0,166.29 M
2019-06-11 17:19:36,0.0,166.31 M
2019-06-11 17:19:38,0.0,166.31 M
2019-06-11 17:19:40,25.0,166.43 M
2019-06-11 17:19:42,1.0,166.43 M
2019-06-11 17:19:44,0.0,166.43 M
2019-06-11 17:19:46,21.0,167.48 M
2019-06-11 17:19:48,0.0,167.49 M
2019-06-11 17:19:50,0.0,167.49 M
2019-06-11 17:19:52,8.0,167.57 M
2019-06-11 17:19:54,1.0,167.62 M
2019-06-11 17:19:56,0.0,167.62 M
2019-06-11 17:19:58,0.0,170.10 M
2019-06-11 17:20:00,0.0,170.10 M
2019-06-11 17:20:02,0.0,170.10 M
2019-06-11 17:20:04,8.0,173.07 M
2019-06-11 17:20:06,0.0,173.10 M
2019-06-11 17:20:08,0.0,173.10 M
2019-06-11 17:20:10,0.0,176.44 M
2019-06-11 17:20:12,0.0,176.46 M
2019-06-11 17:20:14,0.0,176.46 M
2019-06-11 17:20:16,144.9,161.76 M
2019-06-11 17:20:18,0.0,161.76 M
2019-06-11 17:20:20,0.0,161.76 M
2019-06-11 17:20:22,0.0,165.34 M
2019-06-11 17:20:25,0.0,165.41 M
2019-06-11 17:20:27,0.0,165.62 M
2019-06-11 17:20:29,0.0,165.65 M
2019-06-11 17:20:31,32.0,168.91 M
2019-06-11 17:20:33,0.0,168.91 M
2019-06-11 17:20:35,14.0,169.15 M
2019-06-11 17:20:37,0.0,169.19 M
2019-06-11 17:20:39,2.0,169.19 M
2019-06-11 17:20:41,0.0,169.71 M
2019-06-11 17:20:43,0.0,169.75 M
2019-06-11 17:20:45,0.0,173.91 M
2019-06-11 17:20:47,0.0,173.94 M
2019-06-11 17:20:49,5.0,178.05 M
2019-06-11 17:20:51,0.0,178.10 M
2019-06-11 17:20:53,0.0,178.10 M
2019-06-11 17:20:55,0.0,182.46 M
2019-06-11 17:20:57,0.0,182.47 M
2019-06-11 17:20:59,0.0,187.84 M
2019-06-11 17:21:01,0.0,187.95 M
2019-06-11 17:21:03,3.0,193.09 M
2019-06-11 17:21:05,1.0,193.18 M
2019-06-11 17:21:07,6.0,199.08 M
2019-06-11 17:21:09,1.0,199.14 M
2019-06-11 17:21:11,0.0,199.14 M
2019-06-11 17:21:13,0.0,204.53 M
2019-06-11 17:21:15,0.0,204.63 M
2019-06-11 17:21:17,0.0,210.02 M
2019-06-11 17:21:19,0.0,210.05 M
2019-06-11 17:21:21,4.0,215.43 M
2019-06-11 17:21:23,0.0,215.46 M
2019-06-11 17:21:25,0.0,215.46 M
2019-06-11 17:21:27,0.0,223.89 M
2019-06-11 17:21:29,0.0,223.89 M
2019-06-11 17:21:31,3.0,224.40 M
2019-06-11 17:21:33,0.0,224.44 M
2019-06-11 17:21:35,19.0,230.85 M
2019-06-11 17:21:37,0.0,230.80 M
2019-06-11 17:21:39,4.0,230.80 M
2019-06-11 17:21:41,0.0,230.77 M
2019-06-11 17:21:43,2.0,230.88 M
2019-06-11 17:21:45,0.0,230.88 M
2019-06-11 17:21:47,0.0,230.88 M
2019-06-11 17:21:49,0.0,230.88 M
2019-06-11 17:21:51,0.0,230.88 M
2019-06-11 17:21:53,0.0,230.88 M
2019-06-11 17:21:55,0.0,230.88 M
2019-06-11 17:21:57,3.0,230.88 M
2019-06-11 17:21:59,0.0,230.88 M
2019-06-11 17:22:01,0.0,225.29 M
2019-06-11 17:22:03,0.0,225.29 M
2019-06-11 17:22:05,0.0,225.29 M
2019-06-11 17:22:07,3.0,225.29 M
2019-06-11 17:22:09,0.0,225.29 M
2019-06-11 17:22:11,2.0,225.38 M
2019-06-11 17:22:13,1.0,225.38 M
2019-06-11 17:22:15,0.0,225.38 M
2019-06-11 17:22:17,0.0,226.86 M
2019-06-11 17:22:19,0.0,226.96 M
2019-06-11 17:22:21,2.0,227.46 M
2019-06-11 17:22:23,0.0,227.51 M
2019-06-11 17:22:25,2.0,227.98 M
2019-06-11 17:22:27,0.0,228.02 M
2019-06-11 17:22:29,0.0,228.02 M
2019-06-11 17:22:31,0.0,232.34 M
2019-06-11 17:22:33,0.0,232.34 M
2019-06-11 17:22:35,0.0,232.86 M
2019-06-11 17:22:37,0.0,232.89 M
2019-06-11 17:22:39,3.0,233.15 M
2019-06-11 17:22:41,0.0,233.26 M
2019-06-11 17:22:43,4.0,233.26 M
2019-06-11 17:22:45,0.0,233.38 M
2019-06-11 17:22:47,0.0,233.38 M
2019-06-11 17:22:49,0.0,234.81 M
2019-06-11 17:22:51,0.0,234.82 M
2019-06-11 17:22:53,0.0,235.06 M
2019-06-11 17:22:55,0.0,235.17 M
2019-06-11 17:22:57,2.0,236.15 M
2019-06-11 17:22:59,0.0,236.18 M
2019-06-11 17:23:01,0.0,236.18 M
2019-06-11 17:23:03,0.0,236.39 M
2019-06-11 17:23:05,0.0,236.34 M
2019-06-11 17:23:07,4.0,236.56 M
2019-06-11 17:23:09,0.0,236.57 M
2019-06-11 17:23:11,6.0,236.57 M
2019-06-11 17:23:13,0.0,236.57 M
2019-06-11 17:23:15,0.0,236.57 M
2019-06-11 17:23:17,0.0,236.57 M
2019-06-11 17:23:19,0.0,236.57 M
2019-06-11 17:23:21,148.8,161.39 M
2019-06-11 17:23:23,0.0,161.39 M
2019-06-11 17:23:25,0.0,161.39 M
2019-06-11 17:23:27,9.0,162.82 M
2019-06-11 17:23:29,0.0,162.86 M
2019-06-11 17:23:31,1.0,162.86 M
2019-06-11 17:23:33,0.0,163.99 M
2019-06-11 17:23:35,0.0,164.05 M
2019-06-11 17:23:38,149.8,161.30 M
2019-06-11 17:23:40,0.0,161.30 M
2019-06-11 17:23:43,0.0,161.30 M
2019-06-11 17:23:45,0.0,166.30 M
2019-06-11 17:23:47,0.0,166.32 M
2019-06-11 17:23:50,137.9,158.52 M
2019-06-11 17:23:52,1.0,158.52 M
2019-06-11 17:23:54,0.0,158.52 M
2019-06-11 17:23:56,21.0,161.12 M
2019-06-11 17:23:58,0.0,161.17 M
2019-06-11 17:24:00,0.0,161.17 M
2019-06-11 17:24:02,4.0,161.42 M
2019-06-11 17:24:04,0.0,161.45 M
2019-06-11 17:24:06,0.0,161.45 M
2019-06-11 17:24:09,148.8,160.57 M
2019-06-11 17:24:11,0.0,160.57 M
2019-06-11 17:24:13,0.0,160.57 M
2019-06-11 17:24:15,26.0,162.92 M
2019-06-11 17:24:17,0.0,162.94 M
2019-06-11 17:24:19,0.0,162.94 M
2019-06-11 17:24:21,0.0,162.96 M
2019-06-11 17:24:23,1.0,164.21 M
2019-06-11 17:24:25,0.0,164.26 M
2019-06-11 17:24:27,0.0,164.26 M
2019-06-11 17:24:29,0.0,164.54 M
2019-06-11 17:24:31,0.0,164.54 M
2019-06-11 17:24:33,0.0,164.54 M
2019-06-11 17:24:35,6.0,164.65 M
2019-06-11 17:24:37,0.0,164.66 M
2019-06-11 17:24:39,0.0,164.66 M
2019-06-11 17:24:41,7.0,164.70 M
2019-06-11 17:24:43,0.0,164.70 M
2019-06-11 17:24:45,0.0,164.70 M
2019-06-11 17:24:48,142.8,161.50 M
2019-06-11 17:24:50,0.0,161.50 M
2019-06-11 17:24:52,0.0,161.50 M
2019-06-11 17:24:54,3.0,164.82 M
2019-06-11 17:24:56,0.0,164.85 M
2019-06-11 17:24:58,0.0,164.85 M
2019-06-11 17:25:00,0.0,166.09 M
2019-06-11 17:25:02,0.0,166.11 M
2019-06-11 17:25:04,0.0,166.11 M
2019-06-11 17:25:06,148.9,161.11 M
2019-06-11 17:25:08,0.0,161.11 M
2019-06-11 17:25:10,0.0,161.11 M
2019-06-11 17:25:12,1.0,161.11 M
2019-06-11 17:25:14,0.0,166.95 M
2019-06-11 17:25:16,0.0,167.00 M
2019-06-11 17:25:18,0.0,167.00 M
2019-06-11 17:25:20,0.0,167.45 M
2019-06-11 17:25:22,0.0,167.47 M
2019-06-11 17:25:24,0.0,167.47 M
2019-06-11 17:25:26,21.0,167.96 M
2019-06-11 17:25:28,0.0,167.96 M
2019-06-11 17:25:30,0.0,167.96 M
2019-06-11 17:25:32,9.0,173.24 M
2019-06-11 17:25:34,0.0,173.26 M
2019-06-11 17:25:36,0.0,173.26 M
2019-06-11 17:25:38,1.0,173.25 M
2019-06-11 17:25:40,0.0,181.02 M
2019-06-11 17:25:42,0.0,181.05 M
2019-06-11 17:25:44,0.0,181.05 M
2019-06-11 17:25:46,7.0,189.82 M
2019-06-11 17:25:48,0.0,189.83 M
2019-06-11 17:25:50,0.0,189.83 M
2019-06-11 17:25:52,0.0,189.80 M
2019-06-11 17:25:54,0.0,198.55 M
2019-06-11 17:25:56,0.0,198.50 M
2019-06-11 17:25:58,0.0,198.50 M
2019-06-11 17:26:00,0.0,207.98 M
2019-06-11 17:26:02,0.0,208.08 M
2019-06-11 17:26:04,0.0,208.08 M
2019-06-11 17:26:06,4.0,220.58 M
2019-06-11 17:26:08,0.0,220.70 M
2019-06-11 17:26:10,0.0,220.70 M
2019-06-11 17:26:12,1.0,220.77 M
2019-06-11 17:26:14,0.0,221.02 M
2019-06-11 17:26:16,0.0,221.02 M
2019-06-11 17:26:18,0.0,221.02 M
2019-06-11 17:26:20,0.0,221.02 M
2019-06-11 17:26:22,0.0,221.02 M
2019-06-11 17:26:24,0.0,221.02 M
2019-06-11 17:26:26,6.0,221.12 M
2019-06-11 17:26:28,0.0,221.12 M
2019-06-11 17:26:30,0.0,221.12 M
2019-06-11 17:26:32,0.0,221.18 M
2019-06-11 17:26:34,0.0,221.18 M
2019-06-11 17:26:36,1.0,221.18 M
2019-06-11 17:26:38,0.0,221.18 M
2019-06-11 17:26:40,4.0,221.43 M
2019-06-11 17:26:43,0.0,221.43 M
2019-06-11 17:26:45,0.0,221.43 M
2019-06-11 17:26:47,0.0,221.50 M
2019-06-11 17:26:49,0.0,221.50 M
2019-06-11 17:26:51,0.0,221.50 M
2019-06-11 17:26:53,0.0,221.50 M
2019-06-11 17:26:55,4.0,221.50 M
2019-06-11 17:26:57,0.0,221.50 M
2019-06-11 17:26:59,0.0,221.50 M
2019-06-11 17:27:01,0.0,221.50 M
2019-06-11 17:27:03,0.0,223.41 M
2019-06-11 17:27:05,0.0,223.41 M
2019-06-11 17:27:07,0.0,223.41 M
2019-06-11 17:27:09,4.0,224.93 M
2019-06-11 17:27:11,0.0,224.98 M
2019-06-11 17:27:13,0.0,224.98 M
2019-06-11 17:27:15,0.0,225.02 M
2019-06-11 17:27:17,0.0,226.89 M
2019-06-11 17:27:19,0.0,226.88 M
2019-06-11 17:27:21,0.0,226.88 M
2019-06-11 17:27:23,0.0,228.66 M
2019-06-11 17:27:25,0.0,228.66 M
2019-06-11 17:27:27,0.0,228.66 M
2019-06-11 17:27:29,0.0,229.41 M
2019-06-11 17:27:31,1.0,229.54 M
2019-06-11 17:27:33,0.0,229.54 M
2019-06-11 17:27:35,0.0,232.49 M
2019-06-11 17:27:37,0.0,232.49 M
2019-06-11 17:27:39,0.0,232.49 M
2019-06-11 17:27:41,14.0,239.62 M
2019-06-11 17:27:43,0.0,239.66 M
2019-06-11 17:27:45,0.0,239.66 M
2019-06-11 17:27:47,2.0,239.66 M
2019-06-11 17:27:49,0.0,239.68 M
2019-06-11 17:27:51,0.0,239.68 M
2019-06-11 17:27:53,4.0,239.68 M
2019-06-11 17:27:55,0.0,239.68 M
2019-06-11 17:27:57,0.0,236.08 M
2019-06-11 17:27:59,0.0,236.11 M
2019-06-11 17:28:01,0.0,236.11 M
2019-06-11 17:28:03,0.0,236.11 M
2019-06-11 17:28:05,0.0,236.11 M
2019-06-11 17:28:07,0.0,236.29 M
2019-06-11 17:28:09,1.0,236.30 M
2019-06-11 17:28:11,0.0,236.30 M
2019-06-11 17:28:13,3.0,236.30 M
2019-06-11 17:28:15,0.0,236.30 M
2019-06-11 17:28:17,0.0,236.30 M
2019-06-11 17:28:19,8.0,238.78 M
2019-06-11 17:28:21,0.0,238.78 M
2019-06-11 17:28:23,0.0,238.78 M
2019-06-11 17:28:25,0.0,238.78 M
2019-06-11 17:28:27,0.0,238.78 M
2019-06-11 17:28:29,0.0,238.85 M
2019-06-11 17:28:31,0.0,238.85 M
2019-06-11 17:28:33,0.0,238.98 M
2019-06-11 17:28:35,0.0,238.98 M
2019-06-11 17:28:37,0.0,238.98 M
2019-06-11 17:28:39,0.0,239.73 M
2019-06-11 17:28:41,0.0,239.79 M
2019-06-11 17:28:43,0.0,239.79 M
2019-06-11 17:28:45,0.0,239.79 M
2019-06-11 17:28:47,0.0,239.79 M
2019-06-11 17:28:49,0.0,239.79 M
2019-06-11 17:28:51,0.0,239.79 M
2019-06-11 17:28:53,0.0,239.79 M
2019-06-11 17:28:55,0.0,239.79 M
2019-06-11 17:28:57,0.0,239.79 M
2019-06-11 17:28:59,0.0,239.79 M
2019-06-11 17:29:01,0.0,239.79 M
2019-06-11 17:29:03,0.0,239.79 M
2019-06-11 17:29:05,0.0,239.79 M
2019-06-11 17:29:07,0.0,239.79 M
2019-06-11 17:29:09,0.0,239.79 M
2019-06-11 17:29:11,0.0,239.79 M
2019-06-11 17:29:13,0.0,239.79 M
2019-06-11 17:29:15,0.0,239.79 M
2019-06-11 17:29:17,0.0,239.79 M
2019-06-11 17:29:19,0.0,239.79 M
2019-06-11 17:29:21,1.0,239.79 M
2019-06-11 17:29:23,0.0,239.89 M
2019-06-11 17:29:25,0.0,239.89 M
2019-06-11 17:29:27,149.9,160.61 M
2019-06-11 17:29:29,0.0,160.61 M
2019-06-11 17:29:31,0.0,160.61 M
2019-06-11 17:29:33,70.9,164.72 M
2019-06-11 17:29:35,0.0,164.75 M
2019-06-11 17:29:37,0.0,164.75 M
2019-06-11 17:29:39,29.0,168.07 M
2019-06-11 17:29:41,0.0,168.07 M
2019-06-11 17:29:43,0.0,168.07 M
2019-06-11 17:29:45,0.0,169.34 M
2019-06-11 17:29:47,0.0,169.36 M
2019-06-11 17:29:49,0.0,169.36 M
2019-06-11 17:29:51,0.0,177.18 M
2019-06-11 17:29:53,0.0,177.21 M
2019-06-11 17:29:55,0.0,177.21 M
2019-06-11 17:29:57,1.0,186.49 M
2019-06-11 17:29:59,0.0,186.43 M
2019-06-11 17:30:01,0.0,186.43 M
2019-06-11 17:30:03,0.0,195.46 M
2019-06-11 17:30:05,1.0,195.54 M
2019-06-11 17:30:07,0.0,195.54 M
2019-06-11 17:30:09,0.0,205.14 M
2019-06-11 17:30:11,0.0,205.25 M
2019-06-11 17:30:13,1.0,205.25 M
2019-06-11 17:30:15,0.0,214.29 M
2019-06-11 17:30:17,0.0,214.44 M
2019-06-11 17:30:19,0.0,214.44 M
2019-06-11 17:30:21,0.0,228.31 M
2019-06-11 17:30:23,0.0,228.46 M
2019-06-11 17:30:26,0.0,228.46 M
2019-06-11 17:30:28,0.0,228.98 M
2019-06-11 17:30:30,0.0,229.07 M
2019-06-11 17:30:32,5.0,229.33 M
2019-06-11 17:30:34,0.0,229.27 M
2019-06-11 17:30:36,0.0,229.27 M
2019-06-11 17:30:38,4.0,229.27 M
2019-06-11 17:30:40,0.0,229.27 M
2019-06-11 17:30:42,0.0,229.27 M
2019-06-11 17:30:44,2.0,229.27 M
2019-06-11 17:30:46,0.0,229.27 M
2019-06-11 17:30:48,0.0,229.27 M
2019-06-11 17:30:50,0.0,229.27 M
2019-06-11 17:30:52,0.0,229.39 M
2019-06-11 17:30:54,2.0,229.39 M
2019-06-11 17:30:56,0.0,229.34 M
2019-06-11 17:30:58,0.0,229.34 M
2019-06-11 17:31:00,5.0,230.74 M
2019-06-11 17:31:02,0.0,230.74 M
2019-06-11 17:31:04,0.0,230.74 M
2019-06-11 17:31:06,0.0,232.27 M
2019-06-11 17:31:08,0.0,232.36 M
2019-06-11 17:31:10,0.0,232.36 M
2019-06-11 17:31:12,0.0,234.38 M
2019-06-11 17:31:14,0.0,234.48 M
2019-06-11 17:31:16,2.0,235.50 M
2019-06-11 17:31:18,1.0,235.52 M
2019-06-11 17:31:20,0.0,235.52 M
2019-06-11 17:31:22,12.0,240.66 M
2019-06-11 17:31:24,0.0,240.83 M
2019-06-11 17:31:26,0.0,240.83 M
2019-06-11 17:31:28,0.0,239.29 M
2019-06-11 17:31:30,0.0,239.29 M
2019-06-11 17:31:32,7.0,240.04 M
2019-06-11 17:31:34,0.0,240.04 M
2019-06-11 17:31:36,0.0,240.04 M
2019-06-11 17:31:38,0.0,240.04 M
2019-06-11 17:31:40,0.0,240.03 M
2019-06-11 17:31:42,3.0,240.03 M
2019-06-11 17:31:44,0.0,240.03 M
2019-06-11 17:31:46,0.0,240.03 M
2019-06-11 17:31:48,5.0,240.21 M
2019-06-11 17:31:50,0.0,240.21 M
2019-06-11 17:31:52,0.0,240.21 M
2019-06-11 17:31:54,0.0,240.21 M
2019-06-11 17:31:56,1.0,240.21 M
2019-06-11 17:31:58,0.0,240.21 M
2019-06-11 17:32:00,0.0,240.21 M
2019-06-11 17:32:02,0.0,240.21 M
2019-06-11 17:32:04,5.0,240.21 M
2019-06-11 17:32:06,0.0,240.21 M
2019-06-11 17:32:08,0.0,240.21 M
2019-06-11 17:32:10,7.0,242.57 M
2019-06-11 17:32:12,0.0,242.57 M
2019-06-11 17:32:14,0.0,242.57 M
2019-06-11 17:32:16,0.0,242.69 M
2019-06-11 17:32:18,0.0,242.69 M
2019-06-11 17:32:20,6.0,242.69 M
2019-06-11 17:32:22,0.0,242.69 M
2019-06-11 17:32:24,0.0,242.69 M
2019-06-11 17:32:26,3.0,242.69 M
2019-06-11 17:32:28,0.0,242.69 M
2019-06-11 17:32:30,0.0,242.69 M
2019-06-11 17:32:32,0.0,242.69 M
2019-06-11 17:32:34,0.0,242.69 M
2019-06-11 17:32:36,0.0,242.86 M
2019-06-11 17:32:38,0.0,242.86 M
2019-06-11 17:32:40,0.0,242.86 M
2019-06-11 17:32:42,6.0,242.86 M
2019-06-11 17:32:44,0.0,242.86 M
2019-06-11 17:32:46,0.0,242.86 M
2019-06-11 17:32:48,0.0,242.86 M
2019-06-11 17:32:50,0.0,242.86 M
2019-06-11 17:32:52,0.0,242.86 M
2019-06-11 17:32:54,0.0,242.86 M
2019-06-11 17:32:56,1.0,242.86 M
2019-06-11 17:32:58,4.0,242.86 M
2019-06-11 17:33:00,0.0,242.86 M
2019-06-11 17:33:02,0.0,242.86 M
2019-06-11 17:33:04,8.0,242.98 M
2019-06-11 17:33:06,0.0,242.98 M
2019-06-11 17:33:08,0.0,242.98 M
2019-06-11 17:33:10,0.0,242.98 M
2019-06-11 17:33:12,0.0,242.98 M
2019-06-11 17:33:14,5.0,242.98 M
2019-06-11 17:33:16,0.0,242.98 M
2019-06-11 17:33:18,0.0,242.98 M
2019-06-11 17:33:20,0.0,242.98 M
2019-06-11 17:33:22,0.0,242.99 M
2019-06-11 17:33:24,4.0,243.17 M
2019-06-11 17:33:26,0.0,243.17 M
2019-06-11 17:33:28,0.0,243.17 M
2019-06-11 17:33:30,3.0,243.30 M
2019-06-11 17:33:32,0.0,243.30 M
2019-06-11 17:33:34,0.0,243.30 M
2019-06-11 17:33:36,0.0,243.30 M
2019-06-11 17:33:38,0.0,243.30 M
2019-06-11 17:33:40,4.0,243.30 M
2019-06-11 17:33:42,0.0,243.30 M
2019-06-11 17:33:44,0.0,243.30 M
2019-06-11 17:33:46,4.0,243.30 M
2019-06-11 17:33:48,0.0,243.30 M
2019-06-11 17:33:50,0.0,243.30 M
2019-06-11 17:33:52,0.0,243.66 M
2019-06-11 17:33:54,0.0,243.66 M
2019-06-11 17:33:56,0.0,243.66 M
2019-06-11 17:33:58,0.0,243.79 M
2019-06-11 17:34:00,0.0,243.79 M
2019-06-11 17:34:02,0.0,243.79 M
2019-06-11 17:34:04,0.0,243.79 M
2019-06-11 17:34:06,0.0,243.79 M
2019-06-11 17:34:08,0.0,243.79 M
2019-06-11 17:34:10,0.0,243.79 M
2019-06-11 17:34:12,0.0,243.79 M
2019-06-11 17:34:14,1.0,243.79 M
2019-06-11 17:34:16,0.0,243.79 M
2019-06-11 17:34:18,0.0,243.79 M
2019-06-11 17:34:20,4.0,243.79 M
2019-06-11 17:34:22,0.0,243.80 M
2019-06-11 17:34:25,0.0,243.80 M
2019-06-11 17:34:27,1.0,243.82 M
2019-06-11 17:34:29,140.9,158.90 M
2019-06-11 17:34:31,0.0,158.90 M
2019-06-11 17:34:33,0.0,158.90 M
2019-06-11 17:34:35,39.0,163.30 M
2019-06-11 17:34:37,0.0,163.35 M
2019-06-11 17:34:39,0.0,163.35 M
2019-06-11 17:34:41,1.0,163.38 M
2019-06-11 17:34:43,0.0,163.57 M
2019-06-11 17:34:45,0.0,163.57 M
2019-06-11 17:34:47,0.0,163.57 M
2019-06-11 17:34:49,0.0,163.73 M
2019-06-11 17:34:51,0.0,163.75 M
2019-06-11 17:34:53,0.0,163.75 M
2019-06-11 17:34:55,0.0,164.06 M
2019-06-11 17:34:57,0.0,164.06 M
2019-06-11 17:34:59,0.0,164.06 M
2019-06-11 17:35:01,0.0,164.15 M
2019-06-11 17:35:03,0.0,164.16 M
2019-06-11 17:35:05,0.0,164.16 M
2019-06-11 17:35:07,0.0,164.34 M
2019-06-11 17:35:09,0.0,164.34 M
2019-06-11 17:35:12,151.8,162.29 M
2019-06-11 17:35:14,0.0,162.29 M
2019-06-11 17:35:16,0.0,162.29 M
2019-06-11 17:35:18,22.0,165.86 M
2019-06-11 17:35:20,0.0,165.88 M
2019-06-11 17:35:22,0.0,165.88 M
2019-06-11 17:35:24,0.0,203.41 M
2019-06-11 17:35:26,0.0,177.20 M
2019-06-11 17:35:28,43.9,184.31 M
2019-06-11 17:35:30,0.0,184.26 M
2019-06-11 17:35:32,0.0,179.36 M
2019-06-11 17:35:34,7.0,188.57 M
2019-06-11 17:35:36,0.0,188.60 M
2019-06-11 17:35:38,0.0,188.60 M
2019-06-11 17:35:40,0.0,197.71 M
2019-06-11 17:35:42,0.0,197.73 M
2019-06-11 17:35:44,7.0,207.50 M
2019-06-11 17:35:46,0.0,207.53 M
2019-06-11 17:35:48,0.0,207.53 M
2019-06-11 17:35:50,0.0,219.11 M
2019-06-11 17:35:52,0.0,219.23 M
2019-06-11 17:35:54,0.0,219.23 M
2019-06-11 17:35:56,0.0,229.52 M
2019-06-11 17:35:58,0.0,229.56 M
2019-06-11 17:36:00,6.0,235.20 M
2019-06-11 17:36:02,0.0,235.20 M
2019-06-11 17:36:04,0.0,235.20 M
2019-06-11 17:36:06,4.0,235.20 M
2019-06-11 17:36:08,0.0,235.23 M
2019-06-11 17:36:10,0.0,235.23 M
2019-06-11 17:36:12,0.0,235.23 M
2019-06-11 17:36:14,0.0,235.23 M
2019-06-11 17:36:16,5.0,235.23 M
2019-06-11 17:36:18,0.0,235.21 M
2019-06-11 17:36:20,0.0,235.21 M
2019-06-11 17:36:22,0.0,235.21 M
2019-06-11 17:36:24,0.0,235.21 M
2019-06-11 17:36:26,9.0,238.54 M
2019-06-11 17:36:28,0.0,238.71 M
2019-06-11 17:36:30,1.0,238.71 M
2019-06-11 17:36:32,0.0,240.14 M
2019-06-11 17:36:34,0.0,240.14 M
2019-06-11 17:36:36,0.0,240.14 M
2019-06-11 17:36:38,0.0,240.90 M
2019-06-11 17:36:40,0.0,240.90 M
2019-06-11 17:36:42,0.0,241.65 M
2019-06-11 17:36:44,0.0,241.89 M
2019-06-11 17:36:46,0.0,241.89 M
2019-06-11 17:36:48,5.0,243.15 M
2019-06-11 17:36:50,0.0,243.15 M
2019-06-11 17:36:52,0.0,243.15 M
2019-06-11 17:36:54,5.0,244.94 M
2019-06-11 17:36:56,1.0,245.10 M
2019-06-11 17:36:58,0.0,245.10 M
2019-06-11 17:37:00,4.0,247.92 M
2019-06-11 17:37:02,0.0,247.93 M
2019-06-11 17:37:04,0.0,247.93 M
2019-06-11 17:37:06,0.0,248.26 M
2019-06-11 17:37:08,0.0,248.40 M
2019-06-11 17:37:10,1.0,248.40 M
2019-06-11 17:37:12,0.0,248.40 M
2019-06-11 17:37:14,0.0,248.40 M
2019-06-11 17:37:16,8.0,248.40 M
2019-06-11 17:37:18,0.0,248.41 M
2019-06-11 17:37:20,0.0,248.41 M
2019-06-11 17:37:22,5.0,248.41 M
2019-06-11 17:37:24,0.0,248.41 M
2019-06-11 17:37:26,0.0,248.41 M
2019-06-11 17:37:28,5.0,248.41 M
2019-06-11 17:37:30,0.0,248.41 M
2019-06-11 17:37:32,0.0,248.41 M
2019-06-11 17:37:34,6.0,248.53 M
2019-06-11 17:37:36,0.0,248.54 M
2019-06-11 17:37:38,0.0,248.54 M
2019-06-11 17:37:41,11.0,249.04 M
2019-06-11 17:37:43,0.0,249.08 M
2019-06-11 17:37:45,0.0,249.08 M
2019-06-11 17:37:47,4.0,249.08 M
2019-06-11 17:37:49,1.0,249.08 M
2019-06-11 17:37:51,0.0,249.08 M
2019-06-11 17:37:53,6.0,252.04 M
2019-06-11 17:37:55,0.0,252.04 M
2019-06-11 17:37:57,0.0,252.04 M
2019-06-11 17:37:59,5.0,252.04 M
2019-06-11 17:38:01,0.0,252.04 M
2019-06-11 17:38:03,0.0,252.04 M
2019-06-11 17:38:05,4.0,252.29 M
2019-06-11 17:38:07,0.0,252.29 M
2019-06-11 17:38:09,0.0,252.29 M
2019-06-11 17:38:11,0.0,252.29 M
2019-06-11 17:38:13,0.0,252.29 M
2019-06-11 17:38:15,0.0,252.29 M
2019-06-11 17:38:17,0.0,252.29 M
2019-06-11 17:38:19,0.0,252.29 M
2019-06-11 17:38:21,2.0,252.29 M
2019-06-11 17:38:23,0.0,252.29 M
2019-06-11 17:38:25,0.0,252.29 M
2019-06-11 17:38:27,5.0,252.29 M
2019-06-11 17:38:29,0.0,252.29 M
2019-06-11 17:38:31,0.0,252.29 M
2019-06-11 17:38:33,4.0,252.36 M
2019-06-11 17:38:35,0.0,252.36 M
2019-06-11 17:38:37,0.0,252.36 M
2019-06-11 17:38:39,0.0,252.36 M
2019-06-11 17:38:41,0.0,252.36 M
2019-06-11 17:38:43,0.0,252.36 M
2019-06-11 17:38:45,0.0,252.36 M
2019-06-11 17:38:47,1.0,252.36 M
2019-06-11 17:38:49,5.0,252.36 M
2019-06-11 17:38:51,0.0,252.36 M
2019-06-11 17:38:53,0.0,252.36 M
2019-06-11 17:38:55,2.0,252.36 M
2019-06-11 17:38:57,0.0,252.36 M
2019-06-11 17:38:59,0.0,252.36 M
2019-06-11 17:39:01,2.0,252.36 M
2019-06-11 17:39:03,0.0,252.36 M
2019-06-11 17:39:05,0.0,252.36 M
2019-06-11 17:39:07,0.0,252.36 M
2019-06-11 17:39:09,0.0,252.36 M
2019-06-11 17:39:11,0.0,252.36 M
2019-06-11 17:39:13,0.0,252.48 M
2019-06-11 17:39:15,0.0,252.48 M
2019-06-11 17:39:17,3.0,252.48 M
2019-06-11 17:39:19,0.0,252.48 M
2019-06-11 17:39:21,0.0,252.48 M
2019-06-11 17:39:23,5.0,252.50 M
2019-06-11 17:39:25,1.0,252.54 M
2019-06-11 17:39:27,1.0,252.54 M
2019-06-11 17:39:29,3.0,252.54 M
2019-06-11 17:39:31,0.0,252.54 M
2019-06-11 17:39:33,0.0,252.54 M
2019-06-11 17:39:35,1.0,252.70 M
2019-06-11 17:39:37,0.0,252.70 M
2019-06-11 17:39:39,0.0,252.70 M
2019-06-11 17:39:41,0.0,252.70 M
2019-06-11 17:39:43,0.0,252.70 M
2019-06-11 17:39:45,0.0,252.70 M
2019-06-11 17:39:47,1.0,252.70 M
2019-06-11 17:39:49,0.0,252.70 M
2019-06-11 17:39:51,1.0,252.70 M
2019-06-11 17:39:53,1.0,252.70 M
2019-06-11 17:39:55,0.0,252.70 M
2019-06-11 17:39:57,4.0,252.70 M
2019-06-11 17:39:59,0.0,252.70 M
2019-06-11 17:40:01,0.0,252.70 M
2019-06-11 17:40:03,4.0,252.71 M
2019-06-11 17:40:05,0.0,252.71 M
2019-06-11 17:40:07,0.0,252.71 M
2019-06-11 17:40:09,0.0,252.71 M
2019-06-11 17:40:11,0.0,252.73 M
2019-06-11 17:40:13,149.0,162.08 M
2019-06-11 17:40:15,0.0,162.08 M
2019-06-11 17:40:17,0.0,162.08 M
2019-06-11 17:40:19,49.9,165.89 M
2019-06-11 17:40:21,0.0,165.95 M
2019-06-11 17:40:23,0.0,165.95 M
2019-06-11 17:40:25,0.0,165.97 M
2019-06-11 17:40:27,0.0,166.01 M
2019-06-11 17:40:29,0.0,166.01 M
2019-06-11 17:40:31,0.0,166.01 M
2019-06-11 17:40:33,0.0,166.22 M
2019-06-11 17:40:35,0.0,166.28 M
2019-06-11 17:40:37,0.0,166.28 M
2019-06-11 17:40:39,1.0,168.98 M
2019-06-11 17:40:41,0.0,168.98 M
2019-06-11 17:40:43,0.0,168.98 M
2019-06-11 17:40:45,149.9,161.18 M
2019-06-11 17:40:47,0.0,161.18 M
2019-06-11 17:40:49,0.0,161.18 M
2019-06-11 17:40:52,144.8,159.53 M
2019-06-11 17:40:54,0.0,159.53 M
2019-06-11 17:40:56,0.0,159.53 M
2019-06-11 17:40:58,51.0,163.22 M
2019-06-11 17:41:00,0.0,163.25 M
2019-06-11 17:41:02,0.0,163.25 M
2019-06-11 17:41:04,0.0,164.04 M
2019-06-11 17:41:06,0.0,164.06 M
2019-06-11 17:41:08,4.0,164.12 M
2019-06-11 17:41:10,0.0,164.16 M
2019-06-11 17:41:12,0.0,164.21 M
2019-06-11 17:41:14,15.0,166.05 M
2019-06-11 17:41:16,0.0,166.08 M
2019-06-11 17:41:18,0.0,166.08 M
2019-06-11 17:41:20,22.0,176.66 M
2019-06-11 17:41:22,0.0,176.77 M
2019-06-11 17:41:24,0.0,176.77 M
2019-06-11 17:41:26,11.0,182.45 M
2019-06-11 17:41:28,0.0,182.56 M
2019-06-11 17:41:30,1.0,182.56 M
2019-06-11 17:41:32,0.0,188.73 M
2019-06-11 17:41:34,0.0,188.73 M
2019-06-11 17:41:36,0.0,188.98 M
2019-06-11 17:41:38,0.0,198.89 M
2019-06-11 17:41:40,0.0,198.93 M
2019-06-11 17:41:42,4.0,205.34 M
2019-06-11 17:41:44,0.0,205.51 M
2019-06-11 17:41:46,0.0,205.51 M
2019-06-11 17:41:48,4.0,211.93 M
2019-06-11 17:41:50,0.0,212.09 M
2019-06-11 17:41:52,0.0,212.09 M
2019-06-11 17:41:54,0.0,219.55 M
2019-06-11 17:41:56,0.0,219.59 M
2019-06-11 17:41:58,1.0,219.59 M
2019-06-11 17:42:00,0.0,230.11 M
2019-06-11 17:42:02,0.0,230.11 M
2019-06-11 17:42:04,4.0,231.13 M
2019-06-11 17:42:06,0.0,231.13 M
2019-06-11 17:42:08,0.0,231.13 M
2019-06-11 17:42:10,3.0,231.64 M
2019-06-11 17:42:12,0.0,231.72 M
2019-06-11 17:42:14,0.0,231.72 M
2019-06-11 17:42:16,3.0,231.98 M
2019-06-11 17:42:18,0.0,232.03 M
2019-06-11 17:42:20,0.0,232.03 M
2019-06-11 17:42:22,5.0,232.03 M
2019-06-11 17:42:24,0.0,232.18 M
2019-06-11 17:42:26,0.0,232.18 M
2019-06-11 17:42:28,0.0,232.18 M
2019-06-11 17:42:30,0.0,232.18 M
2019-06-11 17:42:32,0.0,232.18 M
2019-06-11 17:42:34,0.0,232.18 M
2019-06-11 17:42:36,0.0,232.18 M
2019-06-11 17:42:38,3.0,232.32 M
2019-06-11 17:42:40,0.0,232.32 M
2019-06-11 17:42:42,0.0,232.32 M
2019-06-11 17:42:44,2.0,233.17 M
2019-06-11 17:42:46,0.0,233.17 M
2019-06-11 17:42:48,0.0,233.17 M
2019-06-11 17:42:50,0.0,233.66 M
2019-06-11 17:42:52,0.0,233.70 M
2019-06-11 17:42:54,3.0,233.95 M
2019-06-11 17:42:56,0.0,234.12 M
2019-06-11 17:42:58,0.0,234.12 M
2019-06-11 17:43:00,7.0,235.11 M
2019-06-11 17:43:02,0.0,235.11 M
2019-06-11 17:43:04,0.0,235.11 M
2019-06-11 17:43:06,0.0,236.07 M
2019-06-11 17:43:08,1.0,236.25 M
2019-06-11 17:43:10,4.0,238.02 M
2019-06-11 17:43:12,0.0,238.03 M
2019-06-11 17:43:14,0.0,238.03 M
2019-06-11 17:43:16,0.0,238.29 M
2019-06-11 17:43:18,0.0,238.42 M
2019-06-11 17:43:20,3.0,240.69 M
2019-06-11 17:43:22,0.0,240.68 M
2019-06-11 17:43:24,0.0,240.68 M
2019-06-11 17:43:26,2.0,241.01 M
2019-06-11 17:43:28,0.0,241.04 M
2019-06-11 17:43:30,4.0,243.27 M
2019-06-11 17:43:32,0.0,243.27 M
2019-06-11 17:43:34,0.0,243.27 M
2019-06-11 17:43:36,0.0,243.27 M
2019-06-11 17:43:38,0.0,243.27 M
2019-06-11 17:43:40,4.0,243.27 M
2019-06-11 17:43:42,0.0,243.42 M
2019-06-11 17:43:44,0.0,243.42 M
2019-06-11 17:43:46,3.0,243.42 M
2019-06-11 17:43:48,0.0,243.54 M
2019-06-11 17:43:50,0.0,243.54 M
2019-06-11 17:43:52,0.0,243.54 M
2019-06-11 17:43:54,0.0,243.54 M
2019-06-11 17:43:56,2.0,243.54 M
2019-06-11 17:43:58,0.0,243.54 M
2019-06-11 17:44:00,0.0,243.54 M
2019-06-11 17:44:02,0.0,243.54 M
2019-06-11 17:44:04,0.0,243.54 M
2019-06-11 17:44:06,3.0,243.54 M
2019-06-11 17:44:08,0.0,243.54 M
2019-06-11 17:44:10,0.0,243.54 M
2019-06-11 17:44:12,1.0,243.54 M
2019-06-11 17:44:14,0.0,243.54 M
2019-06-11 17:44:16,2.0,244.04 M
2019-06-11 17:44:18,0.0,244.04 M
2019-06-11 17:44:20,3.0,244.29 M
2019-06-11 17:44:22,0.0,244.23 M
2019-06-11 17:44:24,0.0,244.23 M
2019-06-11 17:44:26,3.0,244.49 M
2019-06-11 17:44:28,0.0,244.51 M
2019-06-11 17:44:30,0.0,244.51 M
2019-06-11 17:44:32,0.0,244.51 M
2019-06-11 17:44:34,0.0,244.51 M
2019-06-11 17:44:36,3.0,244.91 M
2019-06-11 17:44:38,0.0,244.91 M
2019-06-11 17:44:40,0.0,244.91 M
2019-06-11 17:44:42,0.0,245.38 M
2019-06-11 17:44:44,0.0,245.38 M
2019-06-11 17:44:46,3.0,245.62 M
2019-06-11 17:44:49,0.0,245.66 M
2019-06-11 17:44:51,0.0,245.66 M
2019-06-11 17:44:53,0.0,248.45 M
2019-06-11 17:44:55,0.0,248.54 M
2019-06-11 17:44:57,2.0,248.54 M
2019-06-11 17:44:59,0.0,248.54 M
2019-06-11 17:45:01,0.0,248.54 M
2019-06-11 17:45:03,7.0,248.54 M
2019-06-11 17:45:05,0.0,248.54 M
2019-06-11 17:45:07,0.0,248.54 M
2019-06-11 17:45:09,0.0,248.72 M
2019-06-11 17:45:11,0.0,248.72 M
2019-06-11 17:45:13,3.0,248.72 M
2019-06-11 17:45:15,0.0,248.72 M
2019-06-11 17:45:17,0.0,248.72 M
2019-06-11 17:45:19,3.0,248.72 M
2019-06-11 17:45:21,0.0,248.75 M
2019-06-11 17:45:23,0.0,248.75 M
2019-06-11 17:45:25,0.0,248.75 M
2019-06-11 17:45:27,0.0,248.75 M
2019-06-11 17:45:29,4.0,248.75 M
2019-06-11 17:45:31,0.0,248.75 M
2019-06-11 17:45:33,0.0,248.75 M
2019-06-11 17:45:35,0.0,248.75 M
2019-06-11 17:45:37,0.0,248.75 M
2019-06-11 17:45:39,3.0,248.75 M
2019-06-11 17:45:41,0.0,248.75 M
2019-06-11 17:45:43,0.0,248.75 M
2019-06-11 17:45:45,0.0,248.75 M
2019-06-11 17:45:47,0.0,248.76 M
2019-06-11 17:45:49,3.0,248.77 M
2019-06-11 17:45:51,0.0,0.00 B
2019-06-11 17:45:53,148.8,162.38 M
2019-06-11 17:45:55,0.0,162.38 M
2019-06-11 17:45:57,0.0,162.38 M
2019-06-11 17:45:59,14.0,164.23 M
2019-06-11 17:46:01,0.0,164.23 M
2019-06-11 17:46:03,0.0,164.23 M
2019-06-11 17:46:05,11.0,164.58 M
2019-06-11 17:46:07,0.0,164.61 M
2019-06-11 17:46:09,0.0,164.61 M
2019-06-11 17:46:11,0.0,164.63 M
2019-06-11 17:46:13,0.0,165.92 M
2019-06-11 17:46:15,0.0,165.94 M
2019-06-11 17:46:17,0.0,165.94 M
2019-06-11 17:46:19,0.0,166.14 M
2019-06-11 17:46:21,0.0,166.19 M
2019-06-11 17:46:23,0.0,166.19 M
2019-06-11 17:46:25,11.0,166.45 M
2019-06-11 17:46:27,0.0,166.45 M
2019-06-11 17:46:29,0.0,166.45 M
2019-06-11 17:46:31,11.0,167.86 M
2019-06-11 17:46:33,1.0,167.86 M
2019-06-11 17:46:35,0.0,167.86 M
2019-06-11 17:46:38,148.0,162.45 M
2019-06-11 17:46:40,0.0,162.45 M
2019-06-11 17:46:42,0.0,162.45 M
2019-06-11 17:46:45,150.8,161.77 M
2019-06-11 17:46:47,0.0,161.77 M
2019-06-11 17:46:49,0.0,161.77 M
2019-06-11 17:46:51,61.9,167.62 M
2019-06-11 17:46:53,0.0,167.65 M
2019-06-11 17:46:55,0.0,167.65 M
2019-06-11 17:46:57,21.0,167.76 M
2019-06-11 17:46:59,0.0,167.76 M
2019-06-11 17:47:01,0.0,167.76 M
2019-06-11 17:47:03,0.0,167.80 M
2019-06-11 17:47:05,0.0,169.98 M
2019-06-11 17:47:07,0.0,169.98 M
2019-06-11 17:47:09,0.0,169.98 M
2019-06-11 17:47:11,1.0,171.70 M
2019-06-11 17:47:13,0.0,171.73 M
2019-06-11 17:47:15,0.0,171.73 M
2019-06-11 17:47:17,0.0,177.45 M
2019-06-11 17:47:19,0.0,177.61 M
2019-06-11 17:47:21,0.0,177.61 M
2019-06-11 17:47:23,0.0,185.32 M
2019-06-11 17:47:25,0.0,185.40 M
2019-06-11 17:47:27,0.0,185.40 M
2019-06-11 17:47:29,0.0,194.38 M
2019-06-11 17:47:31,0.0,194.37 M
2019-06-11 17:47:33,0.0,195.12 M
2019-06-11 17:47:35,0.0,203.96 M
2019-06-11 17:47:37,0.0,204.00 M
2019-06-11 17:47:39,5.0,213.25 M
2019-06-11 17:47:41,0.0,213.29 M
2019-06-11 17:47:43,0.0,213.29 M
2019-06-11 17:47:45,3.0,220.23 M
2019-06-11 17:47:47,0.0,220.36 M
2019-06-11 17:47:49,0.0,220.36 M
2019-06-11 17:47:51,8.0,226.04 M
2019-06-11 17:47:53,0.0,226.18 M
2019-06-11 17:47:55,0.0,226.18 M
2019-06-11 17:47:57,4.0,226.18 M
2019-06-11 17:47:59,0.0,226.20 M
2019-06-11 17:48:01,0.0,226.20 M
2019-06-11 17:48:03,0.0,226.20 M
2019-06-11 17:48:05,0.0,226.20 M
2019-06-11 17:48:08,0.0,226.27 M
2019-06-11 17:48:10,1.0,226.27 M
2019-06-11 17:48:12,0.0,226.27 M
2019-06-11 17:48:14,0.0,226.27 M
2019-06-11 17:48:16,0.0,226.27 M
2019-06-11 17:48:18,0.0,226.32 M
2019-06-11 17:48:20,0.0,226.32 M
2019-06-11 17:48:22,0.0,226.32 M
2019-06-11 17:48:24,0.0,226.64 M
2019-06-11 17:48:26,0.0,226.64 M
2019-06-11 17:48:28,0.0,226.64 M
2019-06-11 17:48:30,6.0,227.89 M
2019-06-11 17:48:32,0.0,227.89 M
2019-06-11 17:48:34,0.0,227.89 M
2019-06-11 17:48:36,0.0,228.14 M
2019-06-11 17:48:38,0.0,228.50 M
2019-06-11 17:48:40,0.0,228.53 M
2019-06-11 17:48:42,0.0,228.53 M
2019-06-11 17:48:44,0.0,230.32 M
2019-06-11 17:48:46,0.0,230.32 M
2019-06-11 17:48:48,0.0,230.32 M
2019-06-11 17:48:50,3.0,230.80 M
2019-06-11 17:48:52,0.0,230.80 M
2019-06-11 17:48:54,0.0,230.80 M
2019-06-11 17:48:56,3.0,230.80 M
2019-06-11 17:48:58,0.0,230.87 M
2019-06-11 17:49:00,0.0,230.87 M
2019-06-11 17:49:02,0.0,230.89 M
2019-06-11 17:49:04,0.0,232.16 M
2019-06-11 17:49:06,0.0,232.16 M
2019-06-11 17:49:08,0.0,232.16 M
2019-06-11 17:49:10,4.0,233.70 M
2019-06-11 17:49:12,1.0,233.70 M
2019-06-11 17:49:14,0.0,233.70 M
2019-06-11 17:49:16,11.0,244.46 M
2019-06-11 17:49:18,0.0,244.46 M
2019-06-11 17:49:20,0.0,244.46 M
2019-06-11 17:49:22,6.0,244.95 M
2019-06-11 17:49:24,0.0,244.95 M
2019-06-11 17:49:26,0.0,244.95 M
2019-06-11 17:49:28,1.0,244.95 M
2019-06-11 17:49:30,0.0,244.95 M
2019-06-11 17:49:32,0.0,244.95 M
2019-06-11 17:49:34,0.0,244.95 M
2019-06-11 17:49:36,0.0,238.04 M
2019-06-11 17:49:38,0.0,238.11 M
2019-06-11 17:49:40,5.0,238.29 M
2019-06-11 17:49:42,0.0,238.29 M
2019-06-11 17:49:44,0.0,238.29 M
2019-06-11 17:49:46,2.0,240.26 M
2019-06-11 17:49:48,0.0,240.26 M
2019-06-11 17:49:50,0.0,240.26 M
2019-06-11 17:49:52,0.0,240.26 M
2019-06-11 17:49:54,0.0,240.26 M
2019-06-11 17:49:56,0.0,240.26 M
2019-06-11 17:49:58,0.0,240.26 M
2019-06-11 17:50:00,0.0,240.26 M
2019-06-11 17:50:02,0.0,240.26 M
2019-06-11 17:50:04,0.0,240.26 M
2019-06-11 17:50:06,0.0,240.42 M
2019-06-11 17:50:08,0.0,240.57 M
2019-06-11 17:50:10,0.0,240.57 M
2019-06-11 17:50:12,4.0,240.82 M
2019-06-11 17:50:14,0.0,240.82 M
2019-06-11 17:50:16,0.0,240.82 M
2019-06-11 17:50:18,4.0,240.93 M
2019-06-11 17:50:20,0.0,240.93 M
2019-06-11 17:50:22,0.0,240.93 M
2019-06-11 17:50:24,2.0,240.93 M
2019-06-11 17:50:26,1.0,240.93 M
2019-06-11 17:50:28,1.0,240.93 M
2019-06-11 17:50:30,2.0,240.93 M
2019-06-11 17:50:32,0.0,240.93 M
2019-06-11 17:50:34,0.0,240.93 M
2019-06-11 17:50:36,1.0,240.93 M
2019-06-11 17:50:38,0.0,240.93 M
2019-06-11 17:50:40,0.0,240.93 M
2019-06-11 17:50:42,0.0,240.93 M
2019-06-11 17:50:44,0.0,240.93 M
2019-06-11 17:50:46,0.0,240.93 M
2019-06-11 17:50:48,0.0,240.93 M
2019-06-11 17:50:50,0.0,240.93 M
2019-06-11 17:50:52,0.0,240.93 M
2019-06-11 17:50:54,0.0,240.93 M
2019-06-11 17:50:56,142.8,159.68 M
2019-06-11 17:50:58,0.0,159.68 M
2019-06-11 17:51:00,0.0,159.68 M
2019-06-11 17:51:02,142.8,158.27 M
2019-06-11 17:51:04,0.0,158.27 M
2019-06-11 17:51:06,0.0,158.27 M
2019-06-11 17:51:08,20.0,167.97 M
2019-06-11 17:51:10,0.0,167.99 M
2019-06-11 17:51:12,20.0,170.59 M
2019-06-11 17:51:14,0.0,170.61 M
2019-06-11 17:51:16,0.0,170.61 M
2019-06-11 17:51:18,31.0,184.11 M
2019-06-11 17:51:20,0.0,184.14 M
2019-06-11 17:51:22,0.0,184.14 M
2019-06-11 17:51:24,1.0,200.54 M
2019-06-11 17:51:26,0.0,200.69 M
2019-06-11 17:51:29,1.0,205.06 M
2019-06-11 17:51:31,0.0,215.76 M
2019-06-11 17:51:33,0.0,215.80 M
2019-06-11 17:51:35,7.0,237.68 M
2019-06-11 17:51:37,0.0,237.78 M
2019-06-11 17:51:39,1.0,237.78 M
2019-06-11 17:51:41,0.0,237.78 M
2019-06-11 17:51:43,0.0,237.97 M
2019-06-11 17:51:45,0.0,237.97 M
2019-06-11 17:51:47,0.0,237.97 M
2019-06-11 17:51:49,0.0,237.97 M
2019-06-11 17:51:51,11.0,243.18 M
2019-06-11 17:51:53,0.0,239.58 M
2019-06-11 17:51:55,0.0,239.58 M
2019-06-11 17:51:57,11.0,239.58 M
2019-06-11 17:51:59,0.0,239.68 M
2019-06-11 17:52:01,0.0,239.68 M
2019-06-11 17:52:03,0.0,242.15 M
2019-06-11 17:52:05,0.0,242.28 M
2019-06-11 17:52:07,4.0,243.04 M
2019-06-11 17:52:09,0.0,243.04 M
2019-06-11 17:52:11,0.0,243.04 M
2019-06-11 17:52:13,6.0,245.72 M
2019-06-11 17:52:15,0.0,245.75 M
2019-06-11 17:52:17,0.0,245.75 M
2019-06-11 17:52:19,2.0,241.12 M
2019-06-11 17:52:21,0.0,241.12 M
2019-06-11 17:52:23,1.0,241.12 M
2019-06-11 17:52:25,0.0,241.12 M
2019-06-11 17:52:27,0.0,241.12 M
2019-06-11 17:52:29,6.0,241.12 M
2019-06-11 17:52:31,0.0,241.12 M
2019-06-11 17:52:33,0.0,241.12 M
2019-06-11 17:52:35,0.0,241.12 M
2019-06-11 17:52:37,0.0,241.12 M
2019-06-11 17:52:39,2.0,241.12 M
2019-06-11 17:52:41,0.0,241.12 M
2019-06-11 17:52:43,0.0,241.30 M
2019-06-11 17:52:45,4.0,241.30 M
2019-06-11 17:52:47,0.0,241.30 M
2019-06-11 17:52:49,0.0,241.30 M
2019-06-11 17:52:51,0.0,241.30 M
2019-06-11 17:52:53,0.0,241.30 M
2019-06-11 17:52:55,0.0,241.30 M
2019-06-11 17:52:57,0.0,242.42 M
2019-06-11 17:52:59,0.0,242.42 M
2019-06-11 17:53:01,6.0,244.46 M
2019-06-11 17:53:03,0.0,244.46 M
2019-06-11 17:53:05,0.0,244.46 M
2019-06-11 17:53:07,0.0,244.69 M
2019-06-11 17:53:09,0.0,244.69 M
2019-06-11 17:53:11,0.0,244.69 M
2019-06-11 17:53:13,0.0,244.69 M
2019-06-11 17:53:15,0.0,244.69 M
2019-06-11 17:53:17,1.0,244.69 M
2019-06-11 17:53:19,0.0,244.69 M
2019-06-11 17:53:21,0.0,244.69 M
2019-06-11 17:53:23,1.0,244.69 M
2019-06-11 17:53:25,0.0,244.69 M
2019-06-11 17:53:27,1.0,244.69 M
2019-06-11 17:53:29,2.0,244.69 M
2019-06-11 17:53:31,0.0,244.69 M
2019-06-11 17:53:33,0.0,244.69 M
2019-06-11 17:53:35,3.0,244.69 M
2019-06-11 17:53:37,0.0,244.69 M
2019-06-11 17:53:39,0.0,244.69 M
2019-06-11 17:53:41,10.0,248.73 M
2019-06-11 17:53:43,0.0,248.73 M
2019-06-11 17:53:45,0.0,248.73 M
2019-06-11 17:53:47,9.0,248.73 M
2019-06-11 17:53:49,0.0,248.73 M
2019-06-11 17:53:51,0.0,248.73 M
2019-06-11 17:53:53,0.0,248.73 M
2019-06-11 17:53:55,0.0,248.73 M
2019-06-11 17:53:57,1.0,248.76 M
2019-06-11 17:53:59,0.0,248.76 M
2019-06-11 17:54:01,0.0,248.76 M
2019-06-11 17:54:03,4.0,248.76 M
2019-06-11 17:54:05,0.0,248.76 M
2019-06-11 17:54:07,1.0,248.76 M
2019-06-11 17:54:09,0.0,248.76 M
2019-06-11 17:54:11,0.0,248.76 M
2019-06-11 17:54:13,6.0,248.76 M
2019-06-11 17:54:15,0.0,248.76 M
2019-06-11 17:54:17,0.0,248.76 M
2019-06-11 17:54:19,5.0,248.76 M
2019-06-11 17:54:21,0.0,248.76 M
2019-06-11 17:54:23,0.0,248.76 M
2019-06-11 17:54:25,0.0,250.72 M
2019-06-11 17:54:27,0.0,250.72 M
2019-06-11 17:54:29,1.0,250.72 M
2019-06-11 17:54:31,0.0,250.72 M
2019-06-11 17:54:33,0.0,250.72 M
2019-06-11 17:54:35,1.0,250.72 M
2019-06-11 17:54:37,0.0,250.72 M
2019-06-11 17:54:39,4.0,250.72 M
2019-06-11 17:54:41,0.0,250.72 M
2019-06-11 17:54:43,0.0,250.72 M
2019-06-11 17:54:45,2.0,250.72 M
2019-06-11 17:54:47,0.0,250.73 M
2019-06-11 17:54:49,0.0,250.73 M
2019-06-11 17:54:51,0.0,250.73 M
2019-06-11 17:54:53,0.0,250.73 M
2019-06-11 17:54:55,6.0,250.73 M
2019-06-11 17:54:57,0.0,250.73 M
2019-06-11 17:54:59,1.0,250.73 M
2019-06-11 17:55:01,3.0,250.73 M
2019-06-11 17:55:03,0.0,250.73 M
2019-06-11 17:55:05,0.0,250.73 M
2019-06-11 17:55:07,0.0,245.02 M
2019-06-11 17:55:09,0.0,245.02 M
2019-06-11 17:55:11,1.0,245.02 M
2019-06-11 17:55:13,0.0,245.02 M
2019-06-11 17:55:15,0.0,245.02 M
2019-06-11 17:55:17,4.0,245.02 M
2019-06-11 17:55:19,0.0,245.02 M
2019-06-11 17:55:21,0.0,245.02 M
2019-06-11 17:55:23,5.0,245.02 M
2019-06-11 17:55:25,1.0,245.02 M
2019-06-11 17:55:28,0.0,245.02 M
2019-06-11 17:55:30,5.0,245.02 M
2019-06-11 17:55:32,0.0,245.02 M
2019-06-11 17:55:34,0.0,245.02 M
2019-06-11 17:55:36,7.0,245.02 M
2019-06-11 17:55:38,0.0,245.02 M
2019-06-11 17:55:40,0.0,245.02 M
2019-06-11 17:55:42,5.0,245.02 M
2019-06-11 17:55:44,0.0,245.02 M
2019-06-11 17:55:46,0.0,245.02 M
2019-06-11 17:55:48,0.0,251.47 M
2019-06-11 17:55:50,0.0,251.47 M
2019-06-11 17:55:52,0.0,251.47 M
2019-06-11 17:55:54,0.0,251.47 M
2019-06-11 17:55:56,0.0,251.48 M
2019-06-11 17:55:58,0.0,251.48 M
2019-06-11 17:56:00,0.0,251.48 M
2019-06-11 17:56:02,0.0,251.50 M
2019-06-11 17:56:04,138.8,161.50 M
2019-06-11 17:56:06,0.0,161.50 M
2019-06-11 17:56:08,1.0,161.50 M
2019-06-11 17:56:10,20.0,162.81 M
2019-06-11 17:56:12,0.0,163.22 M
2019-06-11 17:56:14,0.0,163.22 M
2019-06-11 17:56:16,0.0,163.24 M
2019-06-11 17:56:18,0.0,163.95 M
2019-06-11 17:56:20,0.0,164.00 M
2019-06-11 17:56:22,0.0,164.00 M
2019-06-11 17:56:24,152.8,161.88 M
2019-06-11 17:56:26,0.0,161.88 M
2019-06-11 17:56:28,0.0,161.88 M
2019-06-11 17:56:31,149.8,162.30 M
2019-06-11 17:56:33,0.0,162.30 M
2019-06-11 17:56:35,0.0,162.30 M
2019-06-11 17:56:37,57.9,167.07 M
2019-06-11 17:56:39,0.0,167.09 M
2019-06-11 17:56:41,0.0,167.09 M
2019-06-11 17:56:43,24.0,167.31 M
2019-06-11 17:56:45,0.0,167.31 M
2019-06-11 17:56:47,0.0,167.31 M
2019-06-11 17:56:49,0.0,167.47 M
2019-06-11 17:56:51,0.0,167.50 M
2019-06-11 17:56:53,0.0,167.50 M
2019-06-11 17:56:55,0.0,172.73 M
2019-06-11 17:56:57,0.0,172.75 M
2019-06-11 17:56:59,15.0,180.21 M
2019-06-11 17:57:01,0.0,180.54 M
2019-06-11 17:57:03,1.0,180.54 M
2019-06-11 17:57:05,10.0,187.97 M
2019-06-11 17:57:07,0.0,187.99 M
2019-06-11 17:57:09,0.0,187.99 M
2019-06-11 17:57:11,5.0,195.47 M
2019-06-11 17:57:13,0.0,195.50 M
2019-06-11 17:57:15,0.0,195.50 M
2019-06-11 17:57:17,5.0,202.77 M
2019-06-11 17:57:19,0.0,202.92 M
2019-06-11 17:57:21,0.0,202.92 M
2019-06-11 17:57:23,2.0,210.62 M
2019-06-11 17:57:25,1.0,210.77 M
2019-06-11 17:57:27,0.0,210.77 M
2019-06-11 17:57:29,4.0,211.82 M
2019-06-11 17:57:31,0.0,218.00 M
2019-06-11 17:57:33,0.0,218.02 M
2019-06-11 17:57:35,4.0,223.73 M
2019-06-11 17:57:37,0.0,223.81 M
2019-06-11 17:57:39,1.0,223.81 M
2019-06-11 17:57:41,0.0,223.97 M
2019-06-11 17:57:43,0.0,223.97 M
2019-06-11 17:57:45,0.0,224.11 M
2019-06-11 17:57:47,0.0,224.11 M
2019-06-11 17:57:49,0.0,224.35 M
2019-06-11 17:57:51,0.0,224.35 M
2019-06-11 17:57:53,8.0,224.35 M
2019-06-11 17:57:55,0.0,224.39 M
2019-06-11 17:57:57,0.0,224.39 M
2019-06-11 17:57:59,4.0,224.39 M
2019-06-11 17:58:01,0.0,224.39 M
2019-06-11 17:58:03,0.0,224.39 M
2019-06-11 17:58:05,5.0,224.39 M
2019-06-11 17:58:07,0.0,224.39 M
2019-06-11 17:58:09,0.0,224.39 M
2019-06-11 17:58:11,0.0,224.39 M
2019-06-11 17:58:13,0.0,224.39 M
2019-06-11 17:58:15,0.0,224.43 M
2019-06-11 17:58:17,4.0,224.43 M
2019-06-11 17:58:19,0.0,224.43 M
2019-06-11 17:58:21,0.0,224.43 M
2019-06-11 17:58:23,3.0,224.67 M
2019-06-11 17:58:25,0.0,224.67 M
2019-06-11 17:58:27,0.0,224.67 M
2019-06-11 17:58:29,0.0,225.93 M
2019-06-11 17:58:31,0.0,225.93 M
2019-06-11 17:58:33,2.0,226.45 M
2019-06-11 17:58:35,0.0,226.96 M
2019-06-11 17:58:37,0.0,226.98 M
2019-06-11 17:58:39,5.0,230.05 M
2019-06-11 17:58:41,0.0,230.05 M
2019-06-11 17:58:44,0.0,230.05 M
2019-06-11 17:58:46,0.0,235.41 M
2019-06-11 17:58:48,0.0,235.42 M
2019-06-11 17:58:50,0.0,235.42 M
2019-06-11 17:58:52,0.0,237.45 M
2019-06-11 17:58:54,1.0,237.45 M
2019-06-11 17:58:56,3.0,236.17 M
2019-06-11 17:58:58,0.0,236.30 M
2019-06-11 17:59:00,0.0,236.30 M
2019-06-11 17:59:02,5.0,236.05 M
2019-06-11 17:59:04,0.0,236.05 M
2019-06-11 17:59:06,0.0,236.05 M
2019-06-11 17:59:08,4.0,236.05 M
2019-06-11 17:59:10,0.0,236.14 M
2019-06-11 17:59:12,0.0,236.14 M
2019-06-11 17:59:14,0.0,236.36 M
2019-06-11 17:59:16,0.0,236.36 M
2019-06-11 17:59:18,6.0,238.46 M
2019-06-11 17:59:20,0.0,238.62 M
2019-06-11 17:59:22,0.0,238.62 M
2019-06-11 17:59:24,2.0,238.62 M
2019-06-11 17:59:26,0.0,238.62 M
2019-06-11 17:59:28,0.0,238.62 M
2019-06-11 17:59:30,2.0,238.62 M
2019-06-11 17:59:32,0.0,238.62 M
2019-06-11 17:59:34,0.0,238.62 M
2019-06-11 17:59:36,0.0,238.62 M
2019-06-11 17:59:38,1.0,238.63 M
2019-06-11 17:59:40,2.0,238.63 M
2019-06-11 17:59:42,0.0,238.63 M
2019-06-11 17:59:44,0.0,238.63 M
2019-06-11 17:59:46,2.0,238.63 M
2019-06-11 17:59:48,1.0,238.63 M
2019-06-11 17:59:50,0.0,238.63 M
2019-06-11 17:59:52,3.0,238.63 M
2019-06-11 17:59:54,0.0,238.63 M
2019-06-11 17:59:56,0.0,238.63 M
2019-06-11 17:59:58,4.0,238.66 M
2019-06-11 18:00:00,0.0,238.66 M
2019-06-11 18:00:02,0.0,238.66 M
2019-06-11 18:00:04,2.0,238.66 M
2019-06-11 18:00:06,0.0,238.66 M
2019-06-11 18:00:08,0.0,238.66 M
2019-06-11 18:00:10,4.0,238.67 M
2019-06-11 18:00:12,0.0,238.67 M
2019-06-11 18:00:14,0.0,238.67 M
2019-06-11 18:00:16,3.0,238.67 M
2019-06-11 18:00:18,0.0,238.67 M
2019-06-11 18:00:20,0.0,238.67 M
2019-06-11 18:00:22,4.0,238.67 M
2019-06-11 18:00:24,0.0,238.67 M
2019-06-11 18:00:26,0.0,238.67 M
2019-06-11 18:00:28,2.0,239.59 M
2019-06-11 18:00:30,0.0,239.59 M
2019-06-11 18:00:32,0.0,239.59 M
2019-06-11 18:00:34,0.0,239.59 M
2019-06-11 18:00:36,0.0,242.38 M
2019-06-11 18:00:38,0.0,242.38 M
2019-06-11 18:00:40,0.0,242.38 M
2019-06-11 18:00:42,0.0,242.38 M
2019-06-11 18:00:44,0.0,242.38 M
2019-06-11 18:00:46,0.0,242.38 M
2019-06-11 18:00:48,0.0,242.48 M
2019-06-11 18:00:50,0.0,242.48 M
2019-06-11 18:00:52,0.0,242.48 M
2019-06-11 18:00:54,0.0,242.48 M
2019-06-11 18:00:56,0.0,242.48 M
2019-06-11 18:00:58,1.0,242.48 M
2019-06-11 18:01:00,3.0,242.64 M
2019-06-11 18:01:02,0.0,242.64 M
2019-06-11 18:01:04,0.0,242.64 M
2019-06-11 18:01:06,4.0,242.65 M
2019-06-11 18:01:08,0.0,242.65 M
2019-06-11 18:01:10,0.0,242.65 M
2019-06-11 18:01:12,0.0,242.65 M
2019-06-11 18:01:14,0.0,242.83 M
2019-06-11 18:01:16,0.0,242.83 M
2019-06-11 18:01:18,0.0,242.83 M
2019-06-11 18:01:20,0.0,242.83 M
2019-06-11 18:01:22,0.0,242.83 M
2019-06-11 18:01:24,0.0,242.83 M
2019-06-11 18:01:26,0.0,242.83 M
2019-06-11 18:01:28,0.0,242.83 M
2019-06-11 18:01:31,139.9,158.65 M
2019-06-11 18:01:33,0.0,158.65 M
2019-06-11 18:01:35,0.0,158.65 M
2019-06-11 18:01:38,147.8,162.20 M
2019-06-11 18:01:40,0.0,162.20 M
2019-06-11 18:01:42,0.0,162.20 M
2019-06-11 18:01:44,0.0,162.20 M
2019-06-11 18:01:46,0.0,165.60 M
2019-06-11 18:01:48,1.0,165.62 M
2019-06-11 18:01:50,0.0,165.62 M
2019-06-11 18:01:52,0.0,165.93 M
2019-06-11 18:01:54,0.0,165.99 M
2019-06-11 18:01:56,0.0,165.99 M
2019-06-11 18:01:58,25.0,167.84 M
2019-06-11 18:02:00,0.0,167.85 M
2019-06-11 18:02:02,0.0,167.85 M
2019-06-11 18:02:04,11.0,168.43 M
2019-06-11 18:02:07,0.0,168.47 M
2019-06-11 18:02:09,1.0,168.47 M
2019-06-11 18:02:11,13.0,174.69 M
2019-06-11 18:02:13,0.0,174.69 M
2019-06-11 18:02:15,0.0,174.69 M
2019-06-11 18:02:17,19.0,181.20 M
2019-06-11 18:02:19,0.0,181.16 M
2019-06-11 18:02:21,0.0,181.16 M
2019-06-11 18:02:23,11.0,186.32 M
2019-06-11 18:02:25,0.0,186.29 M
2019-06-11 18:02:27,0.0,186.29 M
2019-06-11 18:02:29,13.0,192.96 M
2019-06-11 18:02:31,0.0,193.00 M
2019-06-11 18:02:33,0.0,193.00 M
2019-06-11 18:02:35,0.0,194.41 M
2019-06-11 18:02:37,0.0,198.26 M
2019-06-11 18:02:39,0.0,198.30 M
2019-06-11 18:02:41,4.0,204.72 M
2019-06-11 18:02:43,0.0,204.87 M
2019-06-11 18:02:45,0.0,204.87 M
2019-06-11 18:02:47,6.0,211.81 M
2019-06-11 18:02:49,0.0,211.85 M
2019-06-11 18:02:51,0.0,211.85 M
2019-06-11 18:02:53,0.0,216.98 M
2019-06-11 18:02:55,0.0,217.07 M
2019-06-11 18:02:57,5.0,223.05 M
2019-06-11 18:02:59,0.0,223.05 M
2019-06-11 18:03:01,0.0,223.05 M
2019-06-11 18:03:03,0.0,223.05 M
2019-06-11 18:03:05,0.0,223.05 M
2019-06-11 18:03:07,2.0,223.05 M
2019-06-11 18:03:09,0.0,223.05 M
2019-06-11 18:03:11,0.0,223.05 M
2019-06-11 18:03:13,0.0,223.05 M
2019-06-11 18:03:15,0.0,223.24 M
2019-06-11 18:03:17,0.0,223.24 M
2019-06-11 18:03:19,0.0,223.24 M
2019-06-11 18:03:21,0.0,223.24 M
2019-06-11 18:03:23,3.0,223.39 M
2019-06-11 18:03:25,0.0,223.35 M
2019-06-11 18:03:27,0.0,223.35 M
2019-06-11 18:03:29,0.0,223.35 M
2019-06-11 18:03:31,0.0,223.48 M
2019-06-11 18:03:33,0.0,223.48 M
2019-06-11 18:03:35,0.0,223.48 M
2019-06-11 18:03:37,0.0,223.56 M
2019-06-11 18:03:39,4.0,223.56 M
2019-06-11 18:03:41,0.0,223.56 M
2019-06-11 18:03:43,0.0,223.56 M
2019-06-11 18:03:45,7.0,224.50 M
2019-06-11 18:03:47,0.0,224.53 M
2019-06-11 18:03:49,0.0,224.53 M
2019-06-11 18:03:51,0.0,224.88 M
2019-06-11 18:03:53,0.0,224.88 M
2019-06-11 18:03:55,0.0,224.88 M
2019-06-11 18:03:57,0.0,225.88 M
2019-06-11 18:03:59,0.0,225.88 M
2019-06-11 18:04:01,13.0,232.29 M
2019-06-11 18:04:03,0.0,232.29 M
2019-06-11 18:04:05,0.0,232.29 M
2019-06-11 18:04:07,0.0,233.80 M
2019-06-11 18:04:09,0.0,233.74 M
2019-06-11 18:04:12,141.8,158.64 M
2019-06-11 18:04:14,0.0,158.64 M
2019-06-11 18:04:16,0.0,158.64 M
2019-06-11 18:04:18,7.0,163.40 M
2019-06-11 18:04:20,0.0,163.44 M
2019-06-11 18:04:22,1.0,163.44 M
2019-06-11 18:04:24,0.0,163.78 M
2019-06-11 18:04:26,0.0,163.83 M
2019-06-11 18:04:28,7.0,164.11 M
2019-06-11 18:04:30,0.0,164.15 M
2019-06-11 18:04:32,10.0,164.35 M
2019-06-11 18:04:34,0.0,164.38 M
2019-06-11 18:04:36,0.0,164.38 M
2019-06-11 18:04:38,12.0,164.53 M
2019-06-11 18:04:40,0.0,164.53 M
2019-06-11 18:04:42,0.0,164.53 M
2019-06-11 18:04:44,0.0,164.62 M
2019-06-11 18:04:46,0.0,164.62 M
2019-06-11 18:04:48,8.0,164.66 M
2019-06-11 18:04:50,0.0,164.66 M
2019-06-11 18:04:52,0.0,164.66 M
2019-06-11 18:04:54,0.0,164.67 M
2019-06-11 18:04:56,0.0,164.67 M
2019-06-11 18:04:58,4.0,164.79 M
2019-06-11 18:05:00,0.0,164.79 M
2019-06-11 18:05:02,0.0,164.79 M
2019-06-11 18:05:04,0.0,164.90 M
2019-06-11 18:05:06,0.0,164.95 M
2019-06-11 18:05:08,2.0,166.22 M
2019-06-11 18:05:10,0.0,166.16 M
2019-06-11 18:05:12,0.0,166.16 M
2019-06-11 18:05:14,4.0,167.95 M
2019-06-11 18:05:16,0.0,167.98 M
2019-06-11 18:05:18,0.0,167.98 M
2019-06-11 18:05:20,0.0,169.51 M
2019-06-11 18:05:22,0.0,169.55 M
2019-06-11 18:05:24,3.0,171.57 M
2019-06-11 18:05:26,0.0,171.60 M
2019-06-11 18:05:28,0.0,171.60 M
2019-06-11 18:05:30,0.0,173.29 M
2019-06-11 18:05:32,0.0,173.33 M
2019-06-11 18:05:34,3.0,175.35 M
2019-06-11 18:05:36,0.0,175.35 M
2019-06-11 18:05:38,0.0,175.35 M
2019-06-11 18:05:40,0.0,176.62 M
2019-06-11 18:05:42,0.0,176.64 M
2019-06-11 18:05:45,10.0,182.50 M
2019-06-11 18:05:47,0.0,182.58 M
2019-06-11 18:05:49,0.0,182.58 M
2019-06-11 18:05:51,0.0,184.37 M
2019-06-11 18:05:53,0.0,184.41 M
2019-06-11 18:05:55,2.0,186.18 M
2019-06-11 18:05:57,0.0,186.21 M
2019-06-11 18:05:59,0.0,186.21 M
2019-06-11 18:06:01,0.0,187.72 M
2019-06-11 18:06:03,0.0,187.75 M
2019-06-11 18:06:05,0.0,187.75 M
2019-06-11 18:06:07,0.0,188.77 M
2019-06-11 18:06:09,0.0,188.80 M
2019-06-11 18:06:11,2.0,190.85 M
2019-06-11 18:06:13,0.0,190.92 M
2019-06-11 18:06:15,0.0,190.92 M
2019-06-11 18:06:17,3.0,192.96 M
2019-06-11 18:06:19,0.0,192.99 M
2019-06-11 18:06:21,0.0,192.99 M
2019-06-11 18:06:23,2.0,195.02 M
2019-06-11 18:06:25,0.0,195.19 M
2019-06-11 18:06:27,0.0,195.19 M
2019-06-11 18:06:29,2.0,197.47 M
2019-06-11 18:06:31,0.0,197.51 M
2019-06-11 18:06:33,0.0,197.51 M
2019-06-11 18:06:35,0.0,198.77 M
2019-06-11 18:06:37,0.0,198.80 M
2019-06-11 18:06:39,0.0,198.80 M
2019-06-11 18:06:41,0.0,200.62 M
2019-06-11 18:06:43,0.0,200.65 M
2019-06-11 18:06:45,0.0,200.65 M
2019-06-11 18:06:47,0.0,205.49 M
2019-06-11 18:06:49,0.0,205.49 M
2019-06-11 18:06:51,0.0,205.49 M
2019-06-11 18:06:53,6.0,211.80 M
2019-06-11 18:06:55,0.0,211.80 M
2019-06-11 18:06:57,0.0,211.80 M
2019-06-11 18:06:59,0.0,211.80 M
2019-06-11 18:07:01,0.0,211.80 M
2019-06-11 18:07:03,0.0,211.80 M
2019-06-11 18:07:05,2.0,211.79 M
2019-06-11 18:07:07,0.0,211.79 M
2019-06-11 18:07:09,0.0,211.79 M
2019-06-11 18:07:11,2.0,211.84 M
2019-06-11 18:07:13,0.0,211.84 M
2019-06-11 18:07:15,0.0,211.84 M
2019-06-11 18:07:17,4.0,212.02 M
2019-06-11 18:07:19,0.0,212.02 M
2019-06-11 18:07:21,0.0,212.02 M
2019-06-11 18:07:23,2.0,212.44 M
2019-06-11 18:07:25,0.0,212.44 M
2019-06-11 18:07:27,0.0,212.44 M
2019-06-11 18:07:29,4.0,212.44 M
2019-06-11 18:07:31,0.0,212.47 M
2019-06-11 18:07:33,0.0,212.47 M
2019-06-11 18:07:35,2.0,212.47 M
2019-06-11 18:07:37,0.0,212.47 M
2019-06-11 18:07:39,0.0,212.47 M
2019-06-11 18:07:41,2.0,212.47 M
2019-06-11 18:07:43,0.0,212.47 M
2019-06-11 18:07:45,0.0,212.47 M
2019-06-11 18:07:47,4.0,212.47 M
2019-06-11 18:07:49,0.0,212.47 M
2019-06-11 18:07:51,0.0,212.47 M
2019-06-11 18:07:53,0.0,212.47 M
2019-06-11 18:07:55,0.0,212.47 M
2019-06-11 18:07:57,0.0,212.47 M
2019-06-11 18:07:59,0.0,212.47 M
2019-06-11 18:08:01,7.0,212.97 M
2019-06-11 18:08:03,0.0,212.97 M
2019-06-11 18:08:05,0.0,212.97 M
2019-06-11 18:08:07,0.0,212.97 M
2019-06-11 18:08:09,0.0,212.97 M
2019-06-11 18:08:11,0.0,212.97 M
2019-06-11 18:08:13,0.0,212.97 M
2019-06-11 18:08:15,145.9,161.16 M
2019-06-11 18:08:17,0.0,161.16 M
2019-06-11 18:08:19,0.0,161.16 M
2019-06-11 18:08:22,150.8,161.99 M
2019-06-11 18:08:24,1.0,161.99 M
2019-06-11 18:08:26,0.0,161.99 M
2019-06-11 18:08:28,11.0,162.48 M
2019-06-11 18:08:30,145.0,161.45 M
2019-06-11 18:08:32,0.0,161.45 M
2019-06-11 18:08:34,0.0,161.45 M
2019-06-11 18:08:36,0.0,161.45 M
2019-06-11 18:08:38,0.0,165.91 M
2019-06-11 18:08:40,0.0,165.96 M
2019-06-11 18:08:42,0.0,165.96 M
2019-06-11 18:08:44,0.0,166.23 M
2019-06-11 18:08:46,0.0,166.26 M
2019-06-11 18:08:48,0.0,166.26 M
2019-06-11 18:08:50,0.0,166.42 M
2019-06-11 18:08:52,0.0,166.44 M
2019-06-11 18:08:55,0.0,166.44 M
2019-06-11 18:08:57,16.0,171.60 M
2019-06-11 18:08:59,0.0,171.65 M
2019-06-11 18:09:01,0.0,171.65 M
2019-06-11 18:09:03,11.0,178.39 M
2019-06-11 18:09:05,0.0,178.45 M
2019-06-11 18:09:07,0.0,178.45 M
2019-06-11 18:09:09,0.0,185.39 M
2019-06-11 18:09:11,0.0,185.43 M
2019-06-11 18:09:13,0.0,185.43 M
2019-06-11 18:09:15,9.0,191.87 M
2019-06-11 18:09:17,1.0,192.06 M
2019-06-11 18:09:19,0.0,192.06 M
2019-06-11 18:09:22,145.8,160.77 M
2019-06-11 18:09:24,0.0,160.77 M
2019-06-11 18:09:26,0.0,160.77 M
2019-06-11 18:09:28,71.9,167.60 M
2019-06-11 18:09:30,0.0,167.62 M
2019-06-11 18:09:32,0.0,167.62 M
2019-06-11 18:09:34,0.0,168.05 M
2019-06-11 18:09:36,0.0,168.12 M
2019-06-11 18:09:38,0.0,168.12 M
2019-06-11 18:09:40,0.0,172.01 M
2019-06-11 18:09:42,0.0,167.97 M
2019-06-11 18:09:44,0.0,167.97 M
2019-06-11 18:09:46,1.0,175.03 M
2019-06-11 18:09:48,0.0,175.17 M
2019-06-11 18:09:50,0.0,175.17 M
2019-06-11 18:09:52,0.0,183.01 M
2019-06-11 18:09:54,0.0,183.01 M
2019-06-11 18:09:56,0.0,183.01 M
2019-06-11 18:09:58,0.0,191.48 M
2019-06-11 18:10:00,0.0,191.66 M
2019-06-11 18:10:02,0.0,191.66 M
2019-06-11 18:10:04,0.0,200.41 M
2019-06-11 18:10:06,0.0,200.50 M
2019-06-11 18:10:08,0.0,200.50 M
2019-06-11 18:10:10,0.0,208.92 M
2019-06-11 18:10:12,0.0,208.96 M
2019-06-11 18:10:14,0.0,208.96 M
2019-06-11 18:10:16,0.0,218.47 M
2019-06-11 18:10:18,0.0,218.45 M
2019-06-11 18:10:20,0.0,218.45 M
2019-06-11 18:10:22,0.0,224.27 M
2019-06-11 18:10:24,0.0,224.29 M
2019-06-11 18:10:26,0.0,224.29 M
2019-06-11 18:10:28,0.0,224.80 M
2019-06-11 18:10:30,0.0,224.80 M
2019-06-11 18:10:32,2.0,224.80 M
2019-06-11 18:10:34,0.0,224.80 M
2019-06-11 18:10:36,0.0,224.98 M
2019-06-11 18:10:38,5.0,224.98 M
2019-06-11 18:10:40,0.0,224.98 M
2019-06-11 18:10:42,0.0,224.98 M
2019-06-11 18:10:44,4.0,224.98 M
2019-06-11 18:10:46,0.0,224.95 M
2019-06-11 18:10:48,0.0,224.95 M
2019-06-11 18:10:50,4.0,224.95 M
2019-06-11 18:10:52,0.0,224.95 M
2019-06-11 18:10:54,0.0,224.95 M
2019-06-11 18:10:56,6.0,226.38 M
2019-06-11 18:10:58,0.0,226.38 M
2019-06-11 18:11:00,0.0,226.38 M
2019-06-11 18:11:02,0.0,228.16 M
2019-06-11 18:11:04,0.0,228.16 M
2019-06-11 18:11:06,0.0,228.16 M
2019-06-11 18:11:08,0.0,229.17 M
2019-06-11 18:11:10,0.0,229.17 M
2019-06-11 18:11:12,0.0,229.17 M
2019-06-11 18:11:14,1.0,230.17 M
2019-06-11 18:11:16,0.0,230.17 M
2019-06-11 18:11:18,13.0,237.62 M
2019-06-11 18:11:20,0.0,237.62 M
2019-06-11 18:11:22,0.0,237.62 M
2019-06-11 18:11:24,2.0,239.49 M
2019-06-11 18:11:26,0.0,239.54 M
2019-06-11 18:11:28,0.0,239.54 M
2019-06-11 18:11:30,0.0,243.08 M
2019-06-11 18:11:32,0.0,237.38 M
2019-06-11 18:11:34,5.0,237.38 M
2019-06-11 18:11:36,0.0,237.38 M
2019-06-11 18:11:38,0.0,237.38 M
2019-06-11 18:11:40,4.0,237.38 M
2019-06-11 18:11:42,1.0,237.39 M
2019-06-11 18:11:44,0.0,237.39 M
2019-06-11 18:11:46,4.0,237.39 M
2019-06-11 18:11:48,0.0,237.39 M
2019-06-11 18:11:50,0.0,237.39 M
2019-06-11 18:11:52,1.0,237.39 M
2019-06-11 18:11:54,0.0,237.39 M
2019-06-11 18:11:56,2.0,237.39 M
2019-06-11 18:11:58,0.0,237.39 M
2019-06-11 18:12:00,0.0,237.39 M
2019-06-11 18:12:02,0.0,237.39 M
2019-06-11 18:12:04,0.0,237.39 M
2019-06-11 18:12:06,0.0,237.39 M
2019-06-11 18:12:08,0.0,239.52 M
2019-06-11 18:12:10,0.0,239.52 M
2019-06-11 18:12:12,4.0,239.52 M
2019-06-11 18:12:14,0.0,239.52 M
2019-06-11 18:12:16,0.0,239.52 M
2019-06-11 18:12:18,6.0,239.52 M
2019-06-11 18:12:20,0.0,239.52 M
2019-06-11 18:12:22,0.0,239.52 M
2019-06-11 18:12:24,0.0,239.52 M
2019-06-11 18:12:26,0.0,239.52 M
2019-06-11 18:12:28,0.0,239.52 M
2019-06-11 18:12:30,0.0,239.52 M
2019-06-11 18:12:32,0.0,239.52 M
2019-06-11 18:12:34,2.0,239.52 M
2019-06-11 18:12:36,0.0,239.53 M
2019-06-11 18:12:38,0.0,239.53 M
2019-06-11 18:12:40,6.0,244.69 M
2019-06-11 18:12:42,0.0,244.69 M
2019-06-11 18:12:45,3.0,244.69 M
2019-06-11 18:12:47,0.0,244.69 M
2019-06-11 18:12:49,0.0,244.69 M
2019-06-11 18:12:51,0.0,244.69 M
2019-06-11 18:12:53,0.0,244.70 M
2019-06-11 18:12:55,6.0,244.70 M
2019-06-11 18:12:57,0.0,244.70 M
2019-06-11 18:12:59,0.0,244.70 M
2019-06-11 18:13:01,0.0,247.99 M
2019-06-11 18:13:03,0.0,247.99 M
2019-06-11 18:13:05,5.0,247.99 M
2019-06-11 18:13:07,0.0,248.09 M
2019-06-11 18:13:09,0.0,248.09 M
2019-06-11 18:13:11,0.0,248.09 M
2019-06-11 18:13:13,0.0,248.09 M
2019-06-11 18:13:15,5.0,248.10 M
2019-06-11 18:13:17,0.0,248.10 M
2019-06-11 18:13:19,4.0,248.10 M
2019-06-11 18:13:21,0.0,248.10 M
2019-06-11 18:13:23,0.0,248.10 M
2019-06-11 18:13:25,0.0,248.10 M
2019-06-11 18:13:27,0.0,248.10 M
2019-06-11 18:13:29,2.0,248.10 M
2019-06-11 18:13:31,0.0,248.10 M
2019-06-11 18:13:33,0.0,248.10 M
2019-06-11 18:13:35,4.0,248.10 M
2019-06-11 18:13:37,0.0,248.10 M
2019-06-11 18:13:39,0.0,248.10 M
2019-06-11 18:13:41,0.0,248.10 M
2019-06-11 18:13:43,0.0,248.10 M
2019-06-11 18:13:45,4.0,245.94 M
2019-06-11 18:13:47,0.0,245.94 M
2019-06-11 18:13:49,0.0,245.94 M
2019-06-11 18:13:51,0.0,245.94 M
2019-06-11 18:13:53,0.0,245.94 M
2019-06-11 18:13:55,0.0,245.94 M
2019-06-11 18:13:57,0.0,245.94 M
2019-06-11 18:13:59,0.0,245.94 M
2019-06-11 18:14:01,0.0,246.11 M
2019-06-11 18:14:03,0.0,246.11 M
2019-06-11 18:14:05,3.0,246.11 M
2019-06-11 18:14:07,0.0,246.11 M
2019-06-11 18:14:09,0.0,246.11 M
2019-06-11 18:14:11,0.0,246.11 M
2019-06-11 18:14:13,0.0,246.11 M
2019-06-11 18:14:15,1.0,246.11 M
2019-06-11 18:14:17,0.0,246.11 M
2019-06-11 18:14:19,0.0,246.11 M
2019-06-11 18:14:21,9.0,246.21 M
2019-06-11 18:14:23,141.8,160.97 M
2019-06-11 18:14:25,0.0,160.97 M
2019-06-11 18:14:27,0.0,160.97 M
2019-06-11 18:14:29,0.0,165.00 M
2019-06-11 18:14:31,0.0,165.02 M
2019-06-11 18:14:33,24.0,165.18 M
2019-06-11 18:14:35,0.0,165.22 M
2019-06-11 18:14:37,0.0,165.22 M
2019-06-11 18:14:39,0.0,165.29 M
2019-06-11 18:14:41,0.0,165.29 M
2019-06-11 18:14:43,14.0,165.65 M
2019-06-11 18:14:45,1.0,165.71 M
2019-06-11 18:14:47,0.0,165.71 M
2019-06-11 18:14:49,14.0,168.04 M
2019-06-11 18:14:51,0.0,168.09 M
2019-06-11 18:14:53,0.0,168.09 M
2019-06-11 18:14:55,0.0,172.14 M
2019-06-11 18:14:57,0.0,172.17 M
2019-06-11 18:14:59,2.0,172.93 M
2019-06-11 18:15:01,0.0,176.59 M
2019-06-11 18:15:03,0.0,176.69 M
2019-06-11 18:15:05,4.0,181.83 M
2019-06-11 18:15:07,0.0,181.81 M
2019-06-11 18:15:09,0.0,181.81 M
2019-06-11 18:15:11,4.0,186.16 M
2019-06-11 18:15:13,0.0,186.30 M
2019-06-11 18:15:15,0.0,186.30 M
2019-06-11 18:15:17,0.0,191.19 M
2019-06-11 18:15:19,0.0,191.29 M
2019-06-11 18:15:21,0.0,191.29 M
2019-06-11 18:15:23,0.0,196.68 M
2019-06-11 18:15:25,0.0,196.74 M
2019-06-11 18:15:27,5.0,201.62 M
2019-06-11 18:15:29,0.0,201.77 M
2019-06-11 18:15:31,0.0,201.77 M
2019-06-11 18:15:33,4.0,207.16 M
2019-06-11 18:15:35,0.0,207.29 M
2019-06-11 18:15:37,0.0,207.29 M
2019-06-11 18:15:39,0.0,212.67 M
2019-06-11 18:15:41,0.0,212.70 M
2019-06-11 18:15:43,0.0,212.70 M
2019-06-11 18:15:45,0.0,222.49 M
2019-06-11 18:15:47,0.0,222.49 M
2019-06-11 18:15:49,0.0,222.49 M
2019-06-11 18:15:51,0.0,222.49 M
2019-06-11 18:15:53,0.0,222.65 M
2019-06-11 18:15:55,0.0,222.65 M
2019-06-11 18:15:57,0.0,222.89 M
2019-06-11 18:15:59,0.0,222.92 M
2019-06-11 18:16:01,2.0,223.18 M
2019-06-11 18:16:03,0.0,223.18 M
2019-06-11 18:16:05,0.0,223.18 M
2019-06-11 18:16:07,0.0,223.35 M
2019-06-11 18:16:09,0.0,223.35 M
2019-06-11 18:16:11,0.0,223.35 M
2019-06-11 18:16:13,0.0,223.35 M
2019-06-11 18:16:15,0.0,223.35 M
2019-06-11 18:16:17,1.0,223.35 M
2019-06-11 18:16:19,0.0,223.35 M
2019-06-11 18:16:22,0.0,223.35 M
2019-06-11 18:16:24,3.0,223.61 M
2019-06-11 18:16:26,0.0,223.55 M
2019-06-11 18:16:28,0.0,223.55 M
2019-06-11 18:16:30,0.0,223.55 M
2019-06-11 18:16:32,0.0,223.64 M
2019-06-11 18:16:34,0.0,223.64 M
2019-06-11 18:16:36,0.0,223.64 M
2019-06-11 18:16:38,0.0,223.64 M
2019-06-11 18:16:40,3.0,224.01 M
2019-06-11 18:16:42,0.0,224.09 M
2019-06-11 18:16:44,0.0,224.09 M
2019-06-11 18:16:46,0.0,228.98 M
2019-06-11 18:16:48,0.0,225.25 M
2019-06-11 18:16:50,1.0,225.25 M
2019-06-11 18:16:52,0.0,226.31 M
2019-06-11 18:16:54,0.0,226.36 M
2019-06-11 18:16:56,3.0,227.36 M
2019-06-11 18:16:58,0.0,227.36 M
2019-06-11 18:17:00,0.0,227.36 M
2019-06-11 18:17:02,2.0,231.45 M
2019-06-11 18:17:04,0.0,231.48 M
2019-06-11 18:17:06,0.0,231.48 M
2019-06-11 18:17:08,0.0,232.75 M
2019-06-11 18:17:10,0.0,232.75 M
2019-06-11 18:17:12,0.0,232.75 M
2019-06-11 18:17:14,0.0,233.48 M
2019-06-11 18:17:16,0.0,233.64 M
2019-06-11 18:17:18,3.0,235.16 M
2019-06-11 18:17:20,1.0,235.16 M
2019-06-11 18:17:22,0.0,235.16 M
2019-06-11 18:17:24,3.0,236.18 M
2019-06-11 18:17:26,0.0,236.18 M
2019-06-11 18:17:28,0.0,236.18 M
2019-06-11 18:17:30,0.0,238.46 M
2019-06-11 18:17:32,0.0,238.47 M
2019-06-11 18:17:34,0.0,238.47 M
2019-06-11 18:17:36,0.0,239.98 M
2019-06-11 18:17:38,0.0,240.07 M
2019-06-11 18:17:40,0.0,240.07 M
2019-06-11 18:17:42,0.0,237.16 M
2019-06-11 18:17:44,0.0,237.27 M
2019-06-11 18:17:46,4.0,237.76 M
2019-06-11 18:17:48,0.0,237.76 M
2019-06-11 18:17:50,0.0,237.76 M
2019-06-11 18:17:52,0.0,237.76 M
2019-06-11 18:17:54,0.0,237.76 M
2019-06-11 18:17:56,2.0,237.76 M
2019-06-11 18:17:58,0.0,237.76 M
2019-06-11 18:18:00,0.0,237.76 M
2019-06-11 18:18:02,3.0,237.76 M
2019-06-11 18:18:04,0.0,237.76 M
2019-06-11 18:18:06,0.0,237.76 M
2019-06-11 18:18:08,3.0,237.76 M
2019-06-11 18:18:10,0.0,237.76 M
2019-06-11 18:18:12,0.0,237.76 M
2019-06-11 18:18:14,3.0,237.76 M
2019-06-11 18:18:16,0.0,237.76 M
2019-06-11 18:18:18,0.0,237.76 M
2019-06-11 18:18:20,4.0,237.76 M
2019-06-11 18:18:22,0.0,237.76 M
2019-06-11 18:18:24,0.0,237.76 M
2019-06-11 18:18:26,0.0,237.76 M
2019-06-11 18:18:28,0.0,237.76 M
2019-06-11 18:18:30,0.0,237.76 M
2019-06-11 18:18:32,0.0,237.76 M
2019-06-11 18:18:34,0.0,237.76 M
2019-06-11 18:18:36,3.0,238.28 M
2019-06-11 18:18:38,0.0,238.28 M
2019-06-11 18:18:40,0.0,238.28 M
2019-06-11 18:18:42,2.0,238.28 M
2019-06-11 18:18:44,0.0,238.28 M
2019-06-11 18:18:46,0.0,238.28 M
2019-06-11 18:18:48,0.0,238.28 M
2019-06-11 18:18:50,0.0,238.28 M
2019-06-11 18:18:52,0.0,238.28 M
2019-06-11 18:18:54,0.0,238.28 M
2019-06-11 18:18:56,0.0,238.34 M
2019-06-11 18:18:58,0.0,238.34 M
2019-06-11 18:19:00,0.0,238.50 M
2019-06-11 18:19:02,0.0,238.50 M
2019-06-11 18:19:04,0.0,238.50 M
2019-06-11 18:19:06,0.0,238.89 M
2019-06-11 18:19:08,0.0,238.89 M
2019-06-11 18:19:10,0.0,238.89 M
2019-06-11 18:19:12,0.0,238.83 M
2019-06-11 18:19:14,0.0,238.83 M
2019-06-11 18:19:16,0.0,238.83 M
2019-06-11 18:19:18,0.0,238.83 M
2019-06-11 18:19:20,0.0,238.83 M
2019-06-11 18:19:23,146.9,161.35 M
2019-06-11 18:19:25,0.0,161.35 M
2019-06-11 18:19:27,0.0,161.35 M
2019-06-11 18:19:30,150.8,161.51 M
2019-06-11 18:19:32,0.0,161.51 M
2019-06-11 18:19:34,0.0,161.51 M
2019-06-11 18:19:37,143.0,161.64 M
2019-06-11 18:19:39,0.0,161.64 M
2019-06-11 18:19:42,0.0,161.64 M
2019-06-11 18:19:44,59.0,165.08 M
2019-06-11 18:19:46,0.0,165.10 M
2019-06-11 18:19:48,0.0,165.10 M
2019-06-11 18:19:50,24.0,166.36 M
2019-06-11 18:19:52,0.0,166.37 M
2019-06-11 18:19:54,0.0,166.37 M
2019-06-11 18:19:56,3.0,166.41 M
2019-06-11 18:19:58,0.0,166.48 M
2019-06-11 18:20:00,0.0,166.48 M
2019-06-11 18:20:02,1.0,166.48 M
2019-06-11 18:20:04,0.0,168.16 M
2019-06-11 18:20:06,0.0,168.29 M
2019-06-11 18:20:08,18.0,173.38 M
2019-06-11 18:20:10,0.0,173.39 M
2019-06-11 18:20:12,0.0,173.39 M
2019-06-11 18:20:14,1.0,173.32 M
2019-06-11 18:20:16,0.0,179.47 M
2019-06-11 18:20:18,0.0,179.51 M
2019-06-11 18:20:20,0.0,179.51 M
2019-06-11 18:20:22,0.0,186.26 M
2019-06-11 18:20:24,0.0,186.30 M
2019-06-11 18:20:26,0.0,186.30 M
2019-06-11 18:20:28,0.0,192.44 M
2019-06-11 18:20:30,0.0,192.55 M
2019-06-11 18:20:32,0.0,192.55 M
2019-06-11 18:20:34,1.0,198.85 M
2019-06-11 18:20:36,0.0,199.00 M
2019-06-11 18:20:38,0.0,199.00 M
2019-06-11 18:20:40,0.0,206.08 M
2019-06-11 18:20:42,0.0,206.04 M
2019-06-11 18:20:44,0.0,206.04 M
2019-06-11 18:20:46,0.0,212.21 M
2019-06-11 18:20:48,0.0,212.28 M
2019-06-11 18:20:50,0.0,212.28 M
2019-06-11 18:20:52,0.0,218.46 M
2019-06-11 18:20:54,0.0,218.50 M
2019-06-11 18:20:56,0.0,218.50 M
2019-06-11 18:20:58,0.0,218.76 M
2019-06-11 18:21:00,0.0,218.76 M
2019-06-11 18:21:02,0.0,218.76 M
2019-06-11 18:21:04,0.0,219.02 M
2019-06-11 18:21:06,0.0,219.02 M
2019-06-11 18:21:08,4.0,219.02 M
2019-06-11 18:21:10,0.0,219.02 M
2019-06-11 18:21:12,0.0,219.02 M
2019-06-11 18:21:14,3.0,219.02 M
2019-06-11 18:21:16,0.0,219.02 M
2019-06-11 18:21:18,0.0,219.02 M
2019-06-11 18:21:20,4.0,219.02 M
2019-06-11 18:21:22,0.0,219.02 M
2019-06-11 18:21:24,0.0,219.02 M
2019-06-11 18:21:26,6.0,219.02 M
2019-06-11 18:21:28,0.0,219.02 M
2019-06-11 18:21:30,0.0,219.02 M
2019-06-11 18:21:32,3.0,219.11 M
2019-06-11 18:21:34,0.0,219.11 M
2019-06-11 18:21:36,0.0,219.11 M
2019-06-11 18:21:38,4.0,219.60 M
2019-06-11 18:21:40,0.0,219.73 M
2019-06-11 18:21:42,0.0,219.73 M
2019-06-11 18:21:44,3.0,220.62 M
2019-06-11 18:21:46,0.0,220.71 M
2019-06-11 18:21:48,0.0,220.71 M
2019-06-11 18:21:50,1.0,220.97 M
2019-06-11 18:21:52,0.0,221.74 M
2019-06-11 18:21:54,1.0,221.74 M
2019-06-11 18:21:56,3.0,223.76 M
2019-06-11 18:21:58,0.0,223.76 M
2019-06-11 18:22:00,0.0,223.76 M
2019-06-11 18:22:02,1.0,226.05 M
2019-06-11 18:22:04,0.0,226.07 M
2019-06-11 18:22:06,0.0,226.07 M
2019-06-11 18:22:08,2.0,227.06 M
2019-06-11 18:22:10,0.0,227.05 M
2019-06-11 18:22:12,0.0,227.05 M
2019-06-11 18:22:14,13.0,233.95 M
2019-06-11 18:22:16,0.0,233.95 M
2019-06-11 18:22:18,0.0,233.95 M
2019-06-11 18:22:20,5.0,234.20 M
2019-06-11 18:22:22,0.0,234.35 M
2019-06-11 18:22:24,0.0,234.35 M
2019-06-11 18:22:26,5.0,234.90 M
2019-06-11 18:22:28,0.0,230.77 M
2019-06-11 18:22:30,0.0,230.77 M
2019-06-11 18:22:32,5.0,232.65 M
2019-06-11 18:22:34,0.0,232.81 M
2019-06-11 18:22:36,0.0,232.81 M
2019-06-11 18:22:38,4.0,232.81 M
2019-06-11 18:22:40,0.0,232.81 M
2019-06-11 18:22:42,0.0,232.81 M
2019-06-11 18:22:44,0.0,233.03 M
2019-06-11 18:22:46,1.0,233.07 M
2019-06-11 18:22:48,0.0,233.07 M
2019-06-11 18:22:50,0.0,233.07 M
2019-06-11 18:22:52,0.0,233.07 M
2019-06-11 18:22:54,0.0,233.07 M
2019-06-11 18:22:56,0.0,233.07 M
2019-06-11 18:22:58,0.0,233.07 M
2019-06-11 18:23:00,0.0,233.07 M
2019-06-11 18:23:02,0.0,233.07 M
2019-06-11 18:23:04,0.0,233.07 M
2019-06-11 18:23:06,0.0,233.07 M
2019-06-11 18:23:08,0.0,233.17 M
2019-06-11 18:23:10,0.0,233.18 M
2019-06-11 18:23:12,0.0,233.18 M
2019-06-11 18:23:14,3.0,233.18 M
2019-06-11 18:23:16,0.0,233.18 M
2019-06-11 18:23:18,0.0,233.18 M
2019-06-11 18:23:20,3.0,233.75 M
2019-06-11 18:23:22,0.0,233.76 M
2019-06-11 18:23:24,0.0,233.76 M
2019-06-11 18:23:26,3.0,234.24 M
2019-06-11 18:23:28,0.0,234.28 M
2019-06-11 18:23:30,0.0,234.28 M
2019-06-11 18:23:32,3.0,234.28 M
2019-06-11 18:23:34,0.0,234.32 M
2019-06-11 18:23:36,0.0,234.32 M
2019-06-11 18:23:38,0.0,234.32 M
2019-06-11 18:23:40,0.0,234.56 M
2019-06-11 18:23:43,0.0,234.56 M
2019-06-11 18:23:45,0.0,234.56 M
2019-06-11 18:23:47,0.0,234.80 M
2019-06-11 18:23:49,0.0,234.80 M
2019-06-11 18:23:51,1.0,234.80 M
2019-06-11 18:23:53,0.0,234.80 M
2019-06-11 18:23:55,0.0,234.80 M
2019-06-11 18:23:57,0.0,234.80 M
2019-06-11 18:23:59,0.0,235.01 M
2019-06-11 18:24:01,0.0,235.01 M
2019-06-11 18:24:03,0.0,235.01 M
2019-06-11 18:24:05,0.0,235.75 M
2019-06-11 18:24:07,0.0,235.82 M
2019-06-11 18:24:09,0.0,235.82 M
2019-06-11 18:24:11,3.0,237.35 M
2019-06-11 18:24:13,0.0,237.35 M
2019-06-11 18:24:15,0.0,237.35 M
2019-06-11 18:24:17,2.0,237.55 M
2019-06-11 18:24:19,0.0,237.55 M
2019-06-11 18:24:21,0.0,237.55 M
2019-06-11 18:24:23,3.0,237.55 M
2019-06-11 18:24:25,0.0,237.55 M
2019-06-11 18:24:27,0.0,237.55 M
2019-06-11 18:24:29,0.0,237.70 M
2019-06-11 18:24:31,0.0,237.70 M
2019-06-11 18:24:33,0.0,237.70 M
2019-06-11 18:24:35,0.0,237.70 M
2019-06-11 18:24:37,0.0,237.72 M
2019-06-11 18:24:39,136.9,158.68 M
2019-06-11 18:24:41,0.0,158.68 M
2019-06-11 18:24:43,0.0,158.68 M
2019-06-11 18:24:46,148.0,161.91 M
2019-06-11 18:24:48,0.0,161.91 M
2019-06-11 18:24:50,0.0,161.91 M
2019-06-11 18:24:52,0.0,161.91 M
2019-06-11 18:24:54,0.0,163.41 M
2019-06-11 18:24:56,0.0,163.41 M
2019-06-11 18:24:58,0.0,163.41 M
2019-06-11 18:25:00,0.0,163.41 M
2019-06-11 18:25:02,0.0,163.41 M
2019-06-11 18:25:04,0.0,163.41 M
2019-06-11 18:25:06,0.0,163.41 M
2019-06-11 18:25:08,0.0,163.41 M
2019-06-11 18:25:10,0.0,163.41 M
2019-06-11 18:25:12,1.0,163.41 M
2019-06-11 18:25:14,0.0,163.41 M
2019-06-11 18:25:16,0.0,163.41 M
2019-06-11 18:25:18,2.0,163.41 M
2019-06-11 18:25:20,0.0,163.41 M
2019-06-11 18:25:22,0.0,163.41 M
2019-06-11 18:25:24,1.0,163.41 M
2019-06-11 18:25:26,0.0,163.41 M
2019-06-11 18:25:28,0.0,163.41 M
2019-06-11 18:25:30,2.0,163.41 M
2019-06-11 18:25:32,0.0,163.41 M
2019-06-11 18:25:34,0.0,163.41 M
2019-06-11 18:25:36,1.0,163.53 M
2019-06-11 18:25:38,0.0,163.53 M
2019-06-11 18:25:40,0.0,163.53 M
2019-06-11 18:25:42,0.0,163.53 M
2019-06-11 18:25:44,0.0,163.53 M
2019-06-11 18:25:46,0.0,163.53 M
2019-06-11 18:25:48,1.0,163.53 M
2019-06-11 18:25:50,0.0,163.59 M
2019-06-11 18:25:52,0.0,163.59 M
2019-06-11 18:25:54,0.0,163.59 M
2019-06-11 18:25:56,0.0,163.59 M
2019-06-11 18:25:58,0.0,163.59 M
2019-06-11 18:26:00,0.0,163.59 M
2019-06-11 18:26:02,0.0,163.59 M
2019-06-11 18:26:04,0.0,163.59 M
2019-06-11 18:26:06,0.0,163.59 M
2019-06-11 18:26:08,1.0,163.70 M
2019-06-11 18:26:10,0.0,163.70 M
2019-06-11 18:26:12,0.0,163.70 M
2019-06-11 18:26:14,2.0,163.70 M
2019-06-11 18:26:16,0.0,163.70 M
2019-06-11 18:26:18,0.0,163.70 M
2019-06-11 18:26:20,4.0,163.70 M
2019-06-11 18:26:22,0.0,163.70 M
2019-06-11 18:26:24,0.0,163.70 M
2019-06-11 18:26:26,0.0,163.70 M
2019-06-11 18:26:28,0.0,163.77 M
2019-06-11 18:26:30,0.0,163.77 M
2019-06-11 18:26:32,0.0,163.77 M
2019-06-11 18:26:34,0.0,163.77 M
2019-06-11 18:26:36,0.0,163.77 M
2019-06-11 18:26:38,1.0,163.77 M
2019-06-11 18:26:40,0.0,163.77 M
2019-06-11 18:26:42,0.0,163.77 M
2019-06-11 18:26:44,0.0,163.77 M
2019-06-11 18:26:46,1.0,163.77 M
2019-06-11 18:26:48,0.0,163.77 M
2019-06-11 18:26:50,0.0,163.77 M
2019-06-11 18:26:52,1.0,163.77 M
2019-06-11 18:26:54,0.0,163.77 M
2019-06-11 18:26:56,0.0,163.77 M
2019-06-11 18:26:58,1.0,163.77 M
2019-06-11 18:27:00,0.0,163.77 M
2019-06-11 18:27:02,0.0,163.77 M
2019-06-11 18:27:04,0.0,163.77 M
2019-06-11 18:27:06,0.0,163.77 M
2019-06-11 18:27:09,0.0,163.77 M
2019-06-11 18:27:11,0.0,163.77 M
2019-06-11 18:27:13,0.0,163.77 M
2019-06-11 18:27:15,0.0,163.77 M
2019-06-11 18:27:17,0.0,163.77 M
2019-06-11 18:27:19,1.0,163.77 M
2019-06-11 18:27:21,0.0,163.77 M
2019-06-11 18:27:23,0.0,163.77 M
2019-06-11 18:27:25,0.0,163.77 M
2019-06-11 18:27:27,1.0,163.79 M
2019-06-11 18:27:29,0.0,163.79 M
2019-06-11 18:27:31,0.0,163.79 M
2019-06-11 18:27:33,0.0,163.79 M
2019-06-11 18:27:35,0.0,163.79 M
2019-06-11 18:27:37,0.0,163.79 M
2019-06-11 18:27:39,0.0,163.79 M
2019-06-11 18:27:41,2.0,163.79 M
2019-06-11 18:27:43,0.0,163.79 M
2019-06-11 18:27:45,0.0,163.79 M
2019-06-11 18:27:47,1.0,163.79 M
2019-06-11 18:27:49,0.0,163.79 M
2019-06-11 18:27:51,0.0,163.79 M
2019-06-11 18:27:53,2.0,166.67 M
2019-06-11 18:27:55,0.0,166.67 M
2019-06-11 18:27:57,0.0,166.67 M
2019-06-11 18:27:59,1.0,166.67 M
2019-06-11 18:28:01,0.0,166.67 M
2019-06-11 18:28:03,1.0,166.67 M
2019-06-11 18:28:05,0.0,166.67 M
2019-06-11 18:28:07,0.0,166.67 M
2019-06-11 18:28:09,0.0,166.67 M
2019-06-11 18:28:11,0.0,166.67 M
2019-06-11 18:28:13,0.0,166.67 M
2019-06-11 18:28:15,0.0,166.67 M
2019-06-11 18:28:17,0.0,166.67 M
2019-06-11 18:28:19,0.0,166.67 M
2019-06-11 18:28:21,0.0,166.67 M
2019-06-11 18:28:23,0.0,166.67 M
2019-06-11 18:28:25,0.0,166.67 M
2019-06-11 18:28:27,0.0,166.67 M
2019-06-11 18:28:29,2.0,166.67 M
2019-06-11 18:28:31,0.0,166.67 M
2019-06-11 18:28:33,0.0,166.67 M
2019-06-11 18:28:35,1.0,166.67 M
2019-06-11 18:28:37,0.0,166.67 M
2019-06-11 18:28:39,0.0,166.67 M
2019-06-11 18:28:41,0.0,166.67 M
2019-06-11 18:28:43,0.0,166.67 M
2019-06-11 18:28:45,0.0,166.67 M
2019-06-11 18:28:47,0.0,166.67 M
2019-06-11 18:28:49,0.0,166.67 M
2019-06-11 18:28:51,0.0,166.67 M
2019-06-11 18:28:53,0.0,166.67 M
2019-06-11 18:28:55,0.0,166.67 M
2019-06-11 18:28:57,0.0,166.67 M
2019-06-11 18:28:59,0.0,166.67 M
2019-06-11 18:29:01,0.0,166.67 M
2019-06-11 18:29:03,0.0,166.67 M
2019-06-11 18:29:05,0.0,166.67 M
2019-06-11 18:29:07,0.0,166.67 M
2019-06-11 18:29:09,0.0,166.67 M
2019-06-11 18:29:11,0.0,166.67 M
2019-06-11 18:29:13,0.0,166.67 M
2019-06-11 18:29:15,1.0,166.82 M
2019-06-11 18:29:17,0.0,166.82 M
2019-06-11 18:29:19,0.0,166.82 M
2019-06-11 18:29:21,2.0,166.82 M
2019-06-11 18:29:23,0.0,166.82 M
2019-06-11 18:29:25,0.0,166.82 M
2019-06-11 18:29:27,0.0,166.82 M
2019-06-11 18:29:29,0.0,166.82 M
2019-06-11 18:29:31,0.0,166.82 M
2019-06-11 18:29:33,0.0,166.82 M
2019-06-11 18:29:35,1.0,166.82 M
2019-06-11 18:29:37,0.0,166.82 M
2019-06-11 18:29:39,0.0,166.82 M
2019-06-11 18:29:41,144.8,159.78 M
2019-06-11 18:29:43,0.0,159.78 M
2019-06-11 18:29:45,0.0,159.78 M
2019-06-11 18:29:47,6.0,160.45 M
2019-06-11 18:29:49,0.0,167.24 M
2019-06-11 18:29:51,1.0,167.26 M
2019-06-11 18:29:53,0.0,167.26 M
2019-06-11 18:29:55,0.0,169.77 M
2019-06-11 18:29:57,0.0,169.77 M
2019-06-11 18:29:59,1.0,169.77 M
2019-06-11 18:30:01,36.0,188.26 M
2019-06-11 18:30:03,0.0,188.43 M
2019-06-11 18:30:05,0.0,184.87 M
2019-06-11 18:30:07,22.0,199.78 M
2019-06-11 18:30:09,0.0,199.95 M
2019-06-11 18:30:11,0.0,199.95 M
2019-06-11 18:30:13,0.0,199.98 M
2019-06-11 18:30:15,0.0,214.66 M
2019-06-11 18:30:17,0.0,214.65 M
2019-06-11 18:30:19,0.0,214.65 M
2019-06-11 18:30:21,0.0,233.19 M
2019-06-11 18:30:23,0.0,233.34 M
2019-06-11 18:30:25,0.0,233.34 M
2019-06-11 18:30:27,1.0,233.65 M
2019-06-11 18:30:29,0.0,233.65 M
2019-06-11 18:30:31,0.0,233.65 M
2019-06-11 18:30:33,6.0,233.96 M
2019-06-11 18:30:35,0.0,233.96 M
2019-06-11 18:30:37,1.0,233.96 M
2019-06-11 18:30:39,7.0,234.17 M
2019-06-11 18:30:41,0.0,234.17 M
2019-06-11 18:30:43,0.0,234.17 M
2019-06-11 18:30:45,0.0,234.17 M
2019-06-11 18:30:48,0.0,234.17 M
2019-06-11 18:30:50,0.0,234.17 M
2019-06-11 18:30:52,0.0,234.17 M
2019-06-11 18:30:54,11.0,239.76 M
2019-06-11 18:30:56,0.0,239.77 M
2019-06-11 18:30:58,0.0,239.77 M
2019-06-11 18:31:00,4.0,242.06 M
2019-06-11 18:31:02,0.0,242.16 M
2019-06-11 18:31:04,1.0,242.16 M
2019-06-11 18:31:06,0.0,242.29 M
2019-06-11 18:31:08,0.0,243.30 M
2019-06-11 18:31:10,0.0,243.38 M
2019-06-11 18:31:12,0.0,243.38 M
2019-06-11 18:31:14,10.0,242.41 M
2019-06-11 18:31:16,0.0,238.34 M
2019-06-11 18:31:18,0.0,238.34 M
2019-06-11 18:31:20,1.0,238.45 M
2019-06-11 18:31:22,0.0,238.45 M
2019-06-11 18:31:24,0.0,238.50 M
2019-06-11 18:31:26,0.0,238.50 M
2019-06-11 18:31:28,1.0,238.50 M
2019-06-11 18:31:30,0.0,238.50 M
2019-06-11 18:31:32,0.0,238.50 M
2019-06-11 18:31:34,0.0,238.52 M
2019-06-11 18:31:36,0.0,238.49 M
2019-06-11 18:31:38,1.0,238.49 M
2019-06-11 18:31:40,4.0,238.62 M
2019-06-11 18:31:42,0.0,238.62 M
2019-06-11 18:31:44,0.0,238.62 M
2019-06-11 18:31:46,2.0,238.69 M
2019-06-11 18:31:48,0.0,238.69 M
2019-06-11 18:31:50,0.0,238.69 M
2019-06-11 18:31:52,0.0,238.69 M
2019-06-11 18:31:54,5.0,238.69 M
2019-06-11 18:31:56,0.0,238.69 M
2019-06-11 18:31:58,0.0,238.69 M
2019-06-11 18:32:00,5.0,239.30 M
2019-06-11 18:32:02,0.0,239.30 M
2019-06-11 18:32:04,0.0,239.30 M
2019-06-11 18:32:06,0.0,239.30 M
2019-06-11 18:32:08,0.0,243.41 M
2019-06-11 18:32:10,0.0,243.55 M
2019-06-11 18:32:12,0.0,243.55 M
2019-06-11 18:32:14,0.0,244.56 M
2019-06-11 18:32:16,0.0,244.56 M
2019-06-11 18:32:18,0.0,244.56 M
2019-06-11 18:32:20,8.0,244.56 M
2019-06-11 18:32:22,0.0,244.56 M
2019-06-11 18:32:24,0.0,244.56 M
2019-06-11 18:32:26,0.0,244.74 M
2019-06-11 18:32:28,0.0,244.74 M
2019-06-11 18:32:30,0.0,244.74 M
2019-06-11 18:32:32,0.0,244.74 M
2019-06-11 18:32:34,0.0,244.74 M
2019-06-11 18:32:36,0.0,244.74 M
2019-06-11 18:32:38,0.0,244.74 M
2019-06-11 18:32:40,3.0,244.74 M
2019-06-11 18:32:42,0.0,244.92 M
2019-06-11 18:32:44,0.0,244.92 M
2019-06-11 18:32:46,5.0,244.92 M
2019-06-11 18:32:48,0.0,244.92 M
2019-06-11 18:32:50,0.0,244.92 M
2019-06-11 18:32:52,6.0,246.94 M
2019-06-11 18:32:54,0.0,246.94 M
2019-06-11 18:32:56,0.0,246.94 M
2019-06-11 18:32:58,2.0,247.05 M
2019-06-11 18:33:00,0.0,247.05 M
2019-06-11 18:33:02,0.0,247.05 M
2019-06-11 18:33:04,0.0,247.05 M
2019-06-11 18:33:06,0.0,246.39 M
2019-06-11 18:33:08,0.0,246.39 M
2019-06-11 18:33:10,0.0,246.39 M
2019-06-11 18:33:12,5.0,246.64 M
2019-06-11 18:33:14,0.0,246.64 M
2019-06-11 18:33:16,0.0,246.64 M
2019-06-11 18:33:18,4.0,246.64 M
2019-06-11 18:33:20,0.0,246.64 M
2019-06-11 18:33:22,0.0,246.64 M
2019-06-11 18:33:24,0.0,246.64 M
2019-06-11 18:33:26,0.0,246.64 M
2019-06-11 18:33:28,0.0,246.64 M
2019-06-11 18:33:30,0.0,246.64 M
2019-06-11 18:33:32,0.0,246.64 M
2019-06-11 18:33:34,0.0,246.64 M
2019-06-11 18:33:36,0.0,246.64 M
2019-06-11 18:33:38,0.0,246.64 M
2019-06-11 18:33:40,7.0,246.64 M
2019-06-11 18:33:42,0.0,246.64 M
2019-06-11 18:33:44,0.0,246.64 M
2019-06-11 18:33:46,0.0,246.64 M
2019-06-11 18:33:48,4.0,246.64 M
2019-06-11 18:33:50,0.0,246.64 M
2019-06-11 18:33:52,0.0,246.64 M
2019-06-11 18:33:54,0.0,246.64 M
2019-06-11 18:33:56,0.0,246.64 M
2019-06-11 18:33:58,0.0,246.64 M
2019-06-11 18:34:00,0.0,246.64 M
2019-06-11 18:34:02,6.0,244.02 M
2019-06-11 18:34:04,0.0,244.02 M
2019-06-11 18:34:06,0.0,244.02 M
2019-06-11 18:34:08,1.0,244.02 M
2019-06-11 18:34:10,2.0,244.02 M
2019-06-11 18:34:12,0.0,244.02 M
2019-06-11 18:34:14,0.0,244.02 M
2019-06-11 18:34:16,0.0,244.02 M
2019-06-11 18:34:18,0.0,244.02 M
2019-06-11 18:34:20,0.0,244.02 M
2019-06-11 18:34:22,1.0,244.02 M
2019-06-11 18:34:24,5.0,244.02 M
2019-06-11 18:34:26,0.0,244.02 M
2019-06-11 18:34:28,0.0,244.02 M
2019-06-11 18:34:30,0.0,244.02 M
2019-06-11 18:34:32,3.0,244.02 M
2019-06-11 18:34:34,1.0,244.02 M
2019-06-11 18:34:36,0.0,244.02 M
2019-06-11 18:34:38,0.0,244.02 M
2019-06-11 18:34:40,1.0,244.14 M
2019-06-11 18:34:43,137.8,157.55 M
2019-06-11 18:34:45,0.0,157.55 M
2019-06-11 18:34:47,0.0,157.55 M
2019-06-11 18:34:49,0.0,157.55 M
2019-06-11 18:34:51,9.0,167.05 M
2019-06-11 18:34:53,0.0,167.07 M
2019-06-11 18:34:55,0.0,167.07 M
2019-06-11 18:34:57,17.0,167.54 M
2019-06-11 18:34:59,0.0,167.58 M
2019-06-11 18:35:01,0.0,167.58 M
2019-06-11 18:35:03,0.0,167.58 M
2019-06-11 18:35:05,38.0,179.92 M
2019-06-11 18:35:07,1.0,179.98 M
2019-06-11 18:35:09,0.0,179.98 M
2019-06-11 18:35:11,0.0,180.02 M
2019-06-11 18:35:13,0.0,188.56 M
2019-06-11 18:35:15,0.0,188.59 M
2019-06-11 18:35:17,0.0,188.59 M
2019-06-11 18:35:19,11.0,197.88 M
2019-06-11 18:35:21,0.0,197.91 M
2019-06-11 18:35:23,0.0,197.91 M
2019-06-11 18:35:25,8.0,211.23 M
2019-06-11 18:35:27,0.0,211.32 M
2019-06-11 18:35:29,1.0,211.32 M
2019-06-11 18:35:31,0.0,211.32 M
2019-06-11 18:35:33,5.0,219.56 M
2019-06-11 18:35:35,0.0,219.68 M
2019-06-11 18:35:37,0.0,219.68 M
2019-06-11 18:35:39,8.0,225.78 M
2019-06-11 18:35:41,0.0,225.86 M
2019-06-11 18:35:43,0.0,225.86 M
2019-06-11 18:35:45,0.0,225.81 M
2019-06-11 18:35:47,0.0,225.81 M
2019-06-11 18:35:49,0.0,225.81 M
2019-06-11 18:35:51,0.0,225.95 M
2019-06-11 18:35:53,1.0,225.95 M
2019-06-11 18:35:55,0.0,225.95 M
2019-06-11 18:35:57,0.0,225.95 M
2019-06-11 18:35:59,1.0,225.95 M
2019-06-11 18:36:01,0.0,225.95 M
2019-06-11 18:36:03,0.0,225.95 M
2019-06-11 18:36:05,0.0,225.95 M
2019-06-11 18:36:07,0.0,225.95 M
2019-06-11 18:36:09,0.0,225.95 M
2019-06-11 18:36:11,0.0,225.95 M
2019-06-11 18:36:13,1.0,225.95 M
2019-06-11 18:36:15,0.0,225.95 M
2019-06-11 18:36:17,0.0,225.95 M
2019-06-11 18:36:19,0.0,225.95 M
2019-06-11 18:36:21,1.0,226.14 M
2019-06-11 18:36:23,0.0,226.14 M
2019-06-11 18:36:25,0.0,226.14 M
2019-06-11 18:36:28,146.8,161.29 M
2019-06-11 18:36:30,0.0,161.29 M
2019-06-11 18:36:32,0.0,161.29 M
2019-06-11 18:36:35,144.9,160.67 M
2019-06-11 18:36:37,0.0,160.67 M
2019-06-11 18:36:39,0.0,160.67 M
2019-06-11 18:36:41,1.0,160.67 M
2019-06-11 18:36:43,0.0,162.15 M
2019-06-11 18:36:45,0.0,162.18 M
2019-06-11 18:36:47,0.0,162.18 M
2019-06-11 18:36:49,0.0,162.42 M
2019-06-11 18:36:51,0.0,162.47 M
2019-06-11 18:36:53,0.0,162.47 M
2019-06-11 18:36:55,0.0,162.64 M
2019-06-11 18:36:57,0.0,162.64 M
2019-06-11 18:36:59,0.0,162.64 M
2019-06-11 18:37:01,138.8,158.83 M
2019-06-11 18:37:03,0.0,158.83 M
2019-06-11 18:37:05,0.0,158.83 M
2019-06-11 18:37:07,43.0,162.46 M
2019-06-11 18:37:09,0.0,162.48 M
2019-06-11 18:37:11,0.0,162.48 M
2019-06-11 18:37:13,1.0,162.51 M
2019-06-11 18:37:15,0.0,163.40 M
2019-06-11 18:37:17,0.0,163.41 M
2019-06-11 18:37:19,0.0,163.41 M
2019-06-11 18:37:21,12.0,164.51 M
2019-06-11 18:37:23,0.0,164.51 M
2019-06-11 18:37:25,0.0,164.51 M
2019-06-11 18:37:27,13.0,165.14 M
2019-06-11 18:37:29,0.0,165.26 M
2019-06-11 18:37:31,0.0,165.26 M
2019-06-11 18:37:33,0.0,165.30 M
2019-06-11 18:37:36,142.8,158.84 M
2019-06-11 18:37:38,0.0,158.84 M
2019-06-11 18:37:40,0.0,158.84 M
2019-06-11 18:37:43,145.8,159.24 M
2019-06-11 18:37:45,0.0,159.24 M
2019-06-11 18:37:47,0.0,159.24 M
2019-06-11 18:37:49,51.0,163.45 M
2019-06-11 18:37:51,0.0,163.47 M
2019-06-11 18:37:53,0.0,163.47 M
2019-06-11 18:37:55,42.0,181.86 M
2019-06-11 18:37:57,0.0,178.65 M
2019-06-11 18:37:59,0.0,178.65 M
2019-06-11 18:38:01,15.0,178.78 M
2019-06-11 18:38:03,0.0,171.18 M
2019-06-11 18:38:05,0.0,171.18 M
2019-06-11 18:38:07,12.0,172.48 M
2019-06-11 18:38:09,0.0,172.73 M
2019-06-11 18:38:11,0.0,172.73 M
2019-06-11 18:38:13,0.0,172.73 M
2019-06-11 18:38:15,0.0,185.53 M
2019-06-11 18:38:17,0.0,180.54 M
2019-06-11 18:38:19,1.0,180.78 M
2019-06-11 18:38:21,0.0,190.51 M
2019-06-11 18:38:23,0.0,190.54 M
2019-06-11 18:38:26,147.8,160.29 M
2019-06-11 18:38:28,0.0,160.29 M
2019-06-11 18:38:30,0.0,160.29 M
2019-06-11 18:38:32,3.0,160.54 M
2019-06-11 18:38:34,0.0,163.25 M
2019-06-11 18:38:36,0.0,163.30 M
2019-06-11 18:38:38,0.0,163.30 M
2019-06-11 18:38:40,0.0,164.31 M
2019-06-11 18:38:42,0.0,164.32 M
2019-06-11 18:38:44,0.0,164.32 M
2019-06-11 18:38:46,0.0,164.74 M
2019-06-11 18:38:48,0.0,164.74 M
2019-06-11 18:38:50,0.0,164.74 M
2019-06-11 18:38:52,0.0,164.95 M
2019-06-11 18:38:54,0.0,164.96 M
2019-06-11 18:38:56,0.0,164.96 M
2019-06-11 18:38:58,0.0,165.03 M
2019-06-11 18:39:00,0.0,165.03 M
2019-06-11 18:39:02,0.0,165.03 M
2019-06-11 18:39:04,6.0,165.10 M
2019-06-11 18:39:06,0.0,165.14 M
2019-06-11 18:39:08,0.0,165.14 M
2019-06-11 18:39:10,16.0,165.27 M
2019-06-11 18:39:12,0.0,165.27 M
2019-06-11 18:39:14,0.0,165.27 M
2019-06-11 18:39:16,8.0,165.46 M
2019-06-11 18:39:18,1.0,165.46 M
2019-06-11 18:39:20,0.0,165.46 M
2019-06-11 18:39:22,4.0,165.59 M
2019-06-11 18:39:24,0.0,165.59 M
2019-06-11 18:39:26,0.0,165.59 M
2019-06-11 18:39:28,4.0,165.90 M
2019-06-11 18:39:30,0.0,165.93 M
2019-06-11 18:39:32,0.0,165.93 M
2019-06-11 18:39:34,5.0,167.24 M
2019-06-11 18:39:36,0.0,167.27 M
2019-06-11 18:39:38,0.0,167.27 M
2019-06-11 18:39:40,2.0,168.29 M
2019-06-11 18:39:42,0.0,168.35 M
2019-06-11 18:39:44,1.0,168.35 M
2019-06-11 18:39:46,12.0,175.03 M
2019-06-11 18:39:48,0.0,175.04 M
2019-06-11 18:39:50,0.0,171.11 M
2019-06-11 18:39:52,2.0,172.14 M
2019-06-11 18:39:54,0.0,172.14 M
2019-06-11 18:39:56,0.0,172.14 M
2019-06-11 18:39:58,4.0,173.42 M
2019-06-11 18:40:00,0.0,173.46 M
2019-06-11 18:40:02,0.0,173.46 M
2019-06-11 18:40:04,3.0,174.54 M
2019-06-11 18:40:06,0.0,174.57 M
2019-06-11 18:40:08,0.0,174.57 M
2019-06-11 18:40:10,2.0,175.58 M
2019-06-11 18:40:12,0.0,175.62 M
2019-06-11 18:40:14,0.0,175.62 M
2019-06-11 18:40:16,2.0,176.60 M
2019-06-11 18:40:18,0.0,176.64 M
2019-06-11 18:40:20,0.0,176.64 M
2019-06-11 18:40:22,2.0,177.70 M
2019-06-11 18:40:24,0.0,177.73 M
2019-06-11 18:40:26,0.0,177.73 M
2019-06-11 18:40:28,1.0,179.27 M
2019-06-11 18:40:30,0.0,179.30 M
2019-06-11 18:40:32,0.0,179.30 M
2019-06-11 18:40:36,147.8,160.57 M
2019-06-11 18:40:38,0.0,160.57 M
2019-06-11 18:40:40,0.0,160.57 M
2019-06-11 18:40:42,79.0,167.18 M
2019-06-11 18:40:44,0.0,167.23 M
2019-06-11 18:40:46,0.0,167.23 M
2019-06-11 18:40:48,4.0,167.31 M
2019-06-11 18:40:50,0.0,167.44 M
2019-06-11 18:40:52,0.0,167.44 M
2019-06-11 18:40:54,0.0,167.44 M
2019-06-11 18:40:56,0.0,180.61 M
2019-06-11 18:40:58,0.0,180.62 M
2019-06-11 18:41:00,0.0,180.62 M
2019-06-11 18:41:02,0.0,193.20 M
2019-06-11 18:41:04,0.0,193.23 M
2019-06-11 18:41:06,0.0,193.23 M
2019-06-11 18:41:08,0.0,206.29 M
2019-06-11 18:41:10,0.0,206.32 M
2019-06-11 18:41:12,0.0,206.32 M
2019-06-11 18:41:14,8.0,219.83 M
2019-06-11 18:41:16,0.0,219.78 M
2019-06-11 18:41:18,0.0,219.78 M
2019-06-11 18:41:20,11.0,228.26 M
2019-06-11 18:41:22,1.0,228.26 M
2019-06-11 18:41:24,0.0,228.26 M
2019-06-11 18:41:26,12.0,228.26 M
2019-06-11 18:41:28,0.0,228.26 M
2019-06-11 18:41:30,0.0,228.26 M
2019-06-11 18:41:32,3.0,228.26 M
2019-06-11 18:41:34,0.0,228.34 M
2019-06-11 18:41:36,0.0,228.34 M
2019-06-11 18:41:38,3.0,228.52 M
2019-06-11 18:41:40,0.0,228.52 M
2019-06-11 18:41:42,0.0,228.52 M
2019-06-11 18:41:44,10.0,229.21 M
2019-06-11 18:41:46,0.0,229.32 M
2019-06-11 18:41:48,0.0,229.32 M
2019-06-11 18:41:50,18.0,235.75 M
2019-06-11 18:41:52,0.0,235.75 M
2019-06-11 18:41:54,0.0,235.75 M
2019-06-11 18:41:56,4.0,234.81 M
2019-06-11 18:41:58,0.0,234.81 M
2019-06-11 18:42:00,0.0,234.81 M
2019-06-11 18:42:02,7.0,237.61 M
2019-06-11 18:42:04,0.0,237.61 M
2019-06-11 18:42:06,0.0,237.61 M
2019-06-11 18:42:08,0.0,237.62 M
2019-06-11 18:42:10,1.0,243.36 M
2019-06-11 18:42:12,0.0,243.36 M
2019-06-11 18:42:14,0.0,243.36 M
2019-06-11 18:42:16,0.0,243.36 M
2019-06-11 18:42:18,0.0,243.54 M
2019-06-11 18:42:20,0.0,243.54 M
2019-06-11 18:42:22,0.0,243.54 M
2019-06-11 18:42:24,0.0,243.54 M
2019-06-11 18:42:26,0.0,243.54 M
2019-06-11 18:42:28,4.0,243.54 M
2019-06-11 18:42:30,0.0,243.54 M
2019-06-11 18:42:32,0.0,243.54 M
2019-06-11 18:42:34,0.0,243.54 M
2019-06-11 18:42:36,0.0,243.54 M
2019-06-11 18:42:38,0.0,243.54 M
2019-06-11 18:42:40,0.0,243.54 M
2019-06-11 18:42:42,0.0,243.69 M
2019-06-11 18:42:44,0.0,243.69 M
2019-06-11 18:42:46,0.0,243.69 M
2019-06-11 18:42:48,4.0,243.69 M
2019-06-11 18:42:50,0.0,243.69 M
2019-06-11 18:42:52,0.0,243.69 M
2019-06-11 18:42:54,4.0,243.81 M
2019-06-11 18:42:56,0.0,243.81 M
2019-06-11 18:42:58,0.0,243.81 M
2019-06-11 18:43:00,19.0,243.81 M
2019-06-11 18:43:02,0.0,243.81 M
2019-06-11 18:43:04,0.0,243.81 M
2019-06-11 18:43:06,8.0,248.37 M
2019-06-11 18:43:08,0.0,248.37 M
2019-06-11 18:43:10,0.0,248.37 M
2019-06-11 18:43:12,1.0,248.37 M
2019-06-11 18:43:14,0.0,248.37 M
2019-06-11 18:43:16,0.0,248.37 M
2019-06-11 18:43:18,0.0,248.37 M
2019-06-11 18:43:20,0.0,248.37 M
2019-06-11 18:43:22,0.0,248.37 M
2019-06-11 18:43:24,1.0,248.37 M
2019-06-11 18:43:26,0.0,248.37 M
2019-06-11 18:43:28,0.0,248.37 M
2019-06-11 18:43:30,0.0,248.37 M
2019-06-11 18:43:32,0.0,248.37 M
2019-06-11 18:43:34,0.0,248.37 M
2019-06-11 18:43:36,0.0,248.37 M
2019-06-11 18:43:38,0.0,250.10 M
2019-06-11 18:43:40,1.0,250.10 M
2019-06-11 18:43:42,0.0,250.10 M
2019-06-11 18:43:44,0.0,250.10 M
2019-06-11 18:43:46,0.0,250.10 M
2019-06-11 18:43:48,0.0,250.10 M
2019-06-11 18:43:50,0.0,250.10 M
2019-06-11 18:43:52,0.0,250.10 M
2019-06-11 18:43:54,0.0,250.10 M
2019-06-11 18:43:56,0.0,250.10 M
2019-06-11 18:43:58,1.0,250.10 M
2019-06-11 18:44:00,0.0,250.10 M
2019-06-11 18:44:02,0.0,250.46 M
2019-06-11 18:44:04,0.0,250.46 M
2019-06-11 18:44:06,0.0,250.46 M
2019-06-11 18:44:08,0.0,250.46 M
2019-06-11 18:44:10,1.0,250.46 M
2019-06-11 18:44:12,3.0,250.46 M
2019-06-11 18:44:14,0.0,250.46 M
2019-06-11 18:44:16,0.0,250.46 M
2019-06-11 18:44:18,7.0,250.46 M
2019-06-11 18:44:20,0.0,250.46 M
2019-06-11 18:44:22,0.0,250.46 M
2019-06-11 18:44:24,5.0,250.46 M
2019-06-11 18:44:27,0.0,250.46 M
2019-06-11 18:44:29,0.0,250.46 M
2019-06-11 18:44:31,8.0,250.69 M
2019-06-11 18:44:33,0.0,250.69 M
2019-06-11 18:44:35,0.0,250.69 M
2019-06-11 18:44:37,2.0,250.69 M
2019-06-11 18:44:39,0.0,250.69 M
2019-06-11 18:44:41,0.0,250.69 M
2019-06-11 18:44:43,0.0,250.69 M
2019-06-11 18:44:45,0.0,250.69 M
2019-06-11 18:44:47,0.0,250.69 M
2019-06-11 18:44:49,0.0,250.69 M
2019-06-11 18:44:51,0.0,250.69 M
2019-06-11 18:44:53,0.0,250.69 M
2019-06-11 18:44:55,0.0,250.69 M
2019-06-11 18:44:57,6.0,249.58 M
2019-06-11 18:44:59,1.0,249.58 M
2019-06-11 18:45:01,0.0,249.58 M
2019-06-11 18:45:03,0.0,249.58 M
2019-06-11 18:45:05,0.0,249.58 M
2019-06-11 18:45:07,0.0,249.58 M
2019-06-11 18:45:09,0.0,249.58 M
2019-06-11 18:45:11,0.0,249.58 M
2019-06-11 18:45:13,0.0,249.58 M
2019-06-11 18:45:15,4.0,249.58 M
2019-06-11 18:45:17,0.0,249.58 M
2019-06-11 18:45:19,0.0,249.58 M
2019-06-11 18:45:21,4.0,249.58 M
2019-06-11 18:45:23,0.0,249.58 M
2019-06-11 18:45:25,0.0,249.58 M
2019-06-11 18:45:27,7.0,249.58 M
2019-06-11 18:45:29,0.0,249.58 M
2019-06-11 18:45:31,0.0,249.58 M
2019-06-11 18:45:33,2.0,249.58 M
2019-06-11 18:45:35,1.0,0.00 B
2019-06-11 18:45:37,143.8,159.10 M
2019-06-11 18:45:39,0.0,159.10 M
2019-06-11 18:45:41,0.0,159.10 M
2019-06-11 18:45:44,149.9,161.71 M
2019-06-11 18:45:46,0.0,161.71 M
2019-06-11 18:45:48,0.0,161.71 M
2019-06-11 18:45:50,145.8,161.65 M
2019-06-11 18:45:52,0.0,161.65 M
2019-06-11 18:45:54,0.0,161.65 M
2019-06-11 18:45:56,0.0,164.96 M
2019-06-11 18:45:58,0.0,165.00 M
2019-06-11 18:46:00,0.0,165.00 M
2019-06-11 18:46:02,0.0,165.30 M
2019-06-11 18:46:04,0.0,165.35 M
2019-06-11 18:46:07,148.8,161.45 M
2019-06-11 18:46:09,0.0,161.45 M
2019-06-11 18:46:11,0.0,161.45 M
2019-06-11 18:46:13,70.9,167.32 M
2019-06-11 18:46:15,0.0,167.34 M
2019-06-11 18:46:17,0.0,167.34 M
2019-06-11 18:46:19,0.0,167.48 M
2019-06-11 18:46:21,0.0,167.53 M
2019-06-11 18:46:23,19.0,170.96 M
2019-06-11 18:46:25,0.0,170.98 M
2019-06-11 18:46:27,0.0,170.98 M
2019-06-11 18:46:29,0.0,180.25 M
2019-06-11 18:46:31,0.0,180.38 M
2019-06-11 18:46:33,0.0,180.38 M
2019-06-11 18:46:35,0.0,191.68 M
2019-06-11 18:46:37,0.0,191.62 M
2019-06-11 18:46:39,13.0,201.12 M
2019-06-11 18:46:41,0.0,201.25 M
2019-06-11 18:46:43,0.0,201.25 M
2019-06-11 18:46:45,0.0,211.28 M
2019-06-11 18:46:47,0.0,211.23 M
2019-06-11 18:46:49,4.0,221.79 M
2019-06-11 18:46:51,0.0,221.82 M
2019-06-11 18:46:53,0.0,221.82 M
2019-06-11 18:46:55,0.0,230.03 M
2019-06-11 18:46:57,0.0,229.97 M
2019-06-11 18:46:59,5.0,229.97 M
2019-06-11 18:47:01,0.0,229.97 M
2019-06-11 18:47:03,0.0,229.97 M
2019-06-11 18:47:05,4.0,229.97 M
2019-06-11 18:47:07,0.0,229.97 M
2019-06-11 18:47:09,6.0,229.97 M
2019-06-11 18:47:12,0.0,230.12 M
2019-06-11 18:47:14,0.0,230.12 M
2019-06-11 18:47:16,0.0,230.12 M
2019-06-11 18:47:18,0.0,230.12 M
2019-06-11 18:47:20,13.0,233.46 M
2019-06-11 18:47:22,0.0,233.46 M
2019-06-11 18:47:24,0.0,233.46 M
2019-06-11 18:47:26,2.0,234.36 M
2019-06-11 18:47:28,0.0,234.54 M
2019-06-11 18:47:30,0.0,234.54 M
2019-06-11 18:47:32,0.0,231.04 M
2019-06-11 18:47:34,0.0,231.16 M
2019-06-11 18:47:36,3.0,232.43 M
2019-06-11 18:47:38,0.0,232.43 M
2019-06-11 18:47:40,0.0,232.43 M
2019-06-11 18:47:42,4.0,234.46 M
2019-06-11 18:47:44,0.0,234.52 M
2019-06-11 18:47:46,0.0,234.52 M
2019-06-11 18:47:48,3.0,236.82 M
2019-06-11 18:47:50,0.0,236.93 M
2019-06-11 18:47:52,0.0,236.93 M
2019-06-11 18:47:54,9.0,237.27 M
2019-06-11 18:47:56,0.0,237.27 M
2019-06-11 18:47:58,0.0,237.27 M
2019-06-11 18:48:00,0.0,237.53 M
2019-06-11 18:48:02,0.0,237.62 M
2019-06-11 18:48:04,0.0,237.62 M
2019-06-11 18:48:06,0.0,237.62 M
2019-06-11 18:48:08,0.0,237.63 M
2019-06-11 18:48:10,3.0,237.63 M
2019-06-11 18:48:12,0.0,237.63 M
2019-06-11 18:48:14,0.0,237.63 M
2019-06-11 18:48:16,3.0,237.63 M
2019-06-11 18:48:18,0.0,237.63 M
2019-06-11 18:48:20,0.0,237.63 M
2019-06-11 18:48:22,7.0,237.63 M
2019-06-11 18:48:24,0.0,237.63 M
2019-06-11 18:48:26,0.0,237.63 M
2019-06-11 18:48:28,4.0,237.63 M
2019-06-11 18:48:30,0.0,237.80 M
2019-06-11 18:48:32,0.0,237.80 M
2019-06-11 18:48:34,5.0,237.80 M
2019-06-11 18:48:36,0.0,237.80 M
2019-06-11 18:48:38,0.0,237.80 M
2019-06-11 18:48:40,21.0,241.69 M
2019-06-11 18:48:42,0.0,241.69 M
2019-06-11 18:48:44,0.0,241.69 M
2019-06-11 18:48:46,8.0,244.61 M
2019-06-11 18:48:48,0.0,244.61 M
2019-06-11 18:48:50,0.0,244.61 M
2019-06-11 18:48:52,0.0,244.61 M
2019-06-11 18:48:54,0.0,244.61 M
2019-06-11 18:48:56,0.0,244.61 M
2019-06-11 18:48:58,1.0,244.61 M
2019-06-11 18:49:00,1.0,245.54 M
2019-06-11 18:49:02,0.0,245.54 M
2019-06-11 18:49:04,0.0,245.54 M
2019-06-11 18:49:06,0.0,245.54 M
2019-06-11 18:49:08,0.0,245.54 M
2019-06-11 18:49:10,0.0,245.54 M
2019-06-11 18:49:12,0.0,245.54 M
2019-06-11 18:49:14,0.0,245.54 M
2019-06-11 18:49:16,0.0,245.54 M
2019-06-11 18:49:18,0.0,245.54 M
2019-06-11 18:49:20,0.0,245.54 M
2019-06-11 18:49:22,0.0,245.54 M
2019-06-11 18:49:24,0.0,245.54 M
2019-06-11 18:49:26,0.0,245.54 M
2019-06-11 18:49:28,0.0,245.54 M
2019-06-11 18:49:30,0.0,245.54 M
2019-06-11 18:49:32,0.0,245.55 M
2019-06-11 18:49:34,0.0,245.55 M
2019-06-11 18:49:36,0.0,245.55 M
2019-06-11 18:49:38,0.0,245.55 M
2019-06-11 18:49:40,0.0,245.55 M
2019-06-11 18:49:42,0.0,245.55 M
2019-06-11 18:49:44,0.0,245.55 M
2019-06-11 18:49:46,0.0,245.55 M
2019-06-11 18:49:48,0.0,245.63 M
2019-06-11 18:49:50,0.0,245.63 M
2019-06-11 18:49:52,0.0,245.63 M
2019-06-11 18:49:54,0.0,245.63 M
2019-06-11 18:49:56,0.0,245.63 M
2019-06-11 18:49:58,0.0,245.63 M
2019-06-11 18:50:00,0.0,245.63 M
2019-06-11 18:50:02,0.0,245.63 M
2019-06-11 18:50:04,0.0,245.63 M
2019-06-11 18:50:06,0.0,245.67 M
2019-06-11 18:50:08,0.0,245.67 M
2019-06-11 18:50:10,6.0,245.67 M
2019-06-11 18:50:12,1.0,245.67 M
2019-06-11 18:50:14,0.0,245.67 M
2019-06-11 18:50:16,4.0,245.67 M
2019-06-11 18:50:18,0.0,245.67 M
2019-06-11 18:50:20,0.0,245.67 M
2019-06-11 18:50:22,4.0,245.67 M
2019-06-11 18:50:24,1.0,245.67 M
2019-06-11 18:50:26,0.0,245.67 M
2019-06-11 18:50:28,5.0,245.67 M
2019-06-11 18:50:30,0.0,245.67 M
2019-06-11 18:50:32,0.0,245.67 M
2019-06-11 18:50:34,0.0,245.67 M
2019-06-11 18:50:36,0.0,245.67 M
2019-06-11 18:50:38,3.0,245.81 M
2019-06-11 18:50:40,0.0,245.81 M
2019-06-11 18:50:42,0.0,245.81 M
2019-06-11 18:50:44,0.0,245.81 M
2019-06-11 18:50:46,0.0,245.81 M
2019-06-11 18:50:48,4.0,245.81 M
2019-06-11 18:50:50,0.0,245.81 M
2019-06-11 18:50:52,0.0,245.81 M
2019-06-11 18:50:54,7.0,245.81 M
2019-06-11 18:50:56,0.0,245.81 M
2019-06-11 18:50:58,0.0,245.81 M
2019-06-11 18:51:00,2.0,245.81 M
2019-06-11 18:51:02,0.0,245.81 M
2019-06-11 18:51:04,0.0,245.81 M
2019-06-11 18:51:06,0.0,245.54 M
2019-06-11 18:51:09,148.9,159.63 M
2019-06-11 18:51:11,0.0,159.63 M
2019-06-11 18:51:13,0.0,159.63 M
2019-06-11 18:51:15,142.8,159.59 M
2019-06-11 18:51:17,0.0,159.59 M
2019-06-11 18:51:19,0.0,159.59 M
2019-06-11 18:51:21,72.9,166.93 M
2019-06-11 18:51:23,0.0,166.98 M
2019-06-11 18:51:25,0.0,166.98 M
2019-06-11 18:51:27,5.0,169.30 M
2019-06-11 18:51:29,0.0,169.34 M
2019-06-11 18:51:31,0.0,169.34 M
2019-06-11 18:51:33,0.0,176.04 M
2019-06-11 18:51:35,0.0,176.20 M
2019-06-11 18:51:37,6.0,178.58 M
2019-06-11 18:51:39,0.0,189.48 M
2019-06-11 18:51:41,0.0,189.43 M
2019-06-11 18:51:43,7.0,201.82 M
2019-06-11 18:51:45,0.0,202.00 M
2019-06-11 18:51:47,0.0,202.00 M
2019-06-11 18:51:49,7.0,215.37 M
2019-06-11 18:51:51,0.0,215.42 M
2019-06-11 18:51:53,0.0,215.42 M
2019-06-11 18:51:55,10.0,233.47 M
2019-06-11 18:51:57,0.0,233.50 M
2019-06-11 18:51:59,0.0,233.50 M
2019-06-11 18:52:01,0.0,233.50 M
2019-06-11 18:52:03,0.0,233.50 M
2019-06-11 18:52:05,0.0,233.50 M
2019-06-11 18:52:07,0.0,233.53 M
2019-06-11 18:52:09,0.0,233.60 M
2019-06-11 18:52:11,10.0,233.60 M
2019-06-11 18:52:13,0.0,233.76 M
2019-06-11 18:52:15,1.0,233.76 M
2019-06-11 18:52:17,3.0,233.76 M
2019-06-11 18:52:19,0.0,233.86 M
2019-06-11 18:52:21,0.0,233.86 M
2019-06-11 18:52:23,0.0,235.29 M
2019-06-11 18:52:25,0.0,235.29 M
2019-06-11 18:52:27,4.0,235.78 M
2019-06-11 18:52:29,0.0,235.78 M
2019-06-11 18:52:31,0.0,235.78 M
2019-06-11 18:52:33,0.0,240.64 M
2019-06-11 18:52:35,0.0,240.83 M
2019-06-11 18:52:37,3.0,241.58 M
2019-06-11 18:52:39,0.0,242.12 M
2019-06-11 18:52:41,0.0,242.12 M
2019-06-11 18:52:43,7.0,241.01 M
2019-06-11 18:52:45,0.0,234.14 M
2019-06-11 18:52:47,0.0,234.14 M
2019-06-11 18:52:49,0.0,234.14 M
2019-06-11 18:52:51,0.0,234.15 M
2019-06-11 18:52:53,1.0,234.15 M
2019-06-11 18:52:55,0.0,234.15 M
2019-06-11 18:52:57,0.0,234.15 M
2019-06-11 18:52:59,3.0,234.15 M
2019-06-11 18:53:01,0.0,234.16 M
2019-06-11 18:53:03,0.0,234.16 M
2019-06-11 18:53:05,0.0,234.16 M
2019-06-11 18:53:07,0.0,234.16 M
2019-06-11 18:53:09,5.0,234.32 M
2019-06-11 18:53:11,0.0,234.29 M
2019-06-11 18:53:13,0.0,234.29 M
2019-06-11 18:53:15,0.0,234.29 M
2019-06-11 18:53:17,0.0,234.29 M
2019-06-11 18:53:19,3.0,234.29 M
2019-06-11 18:53:21,0.0,234.29 M
2019-06-11 18:53:23,0.0,234.29 M
2019-06-11 18:53:25,9.0,237.43 M
2019-06-11 18:53:27,0.0,237.47 M
2019-06-11 18:53:29,0.0,237.47 M
2019-06-11 18:53:31,0.0,237.47 M
2019-06-11 18:53:33,0.0,237.47 M
2019-06-11 18:53:35,7.0,237.47 M
2019-06-11 18:53:37,1.0,237.47 M
2019-06-11 18:53:39,0.0,237.47 M
2019-06-11 18:53:41,1.0,245.33 M
2019-06-11 18:53:43,0.0,245.33 M
2019-06-11 18:53:45,4.0,242.07 M
2019-06-11 18:53:47,0.0,242.07 M
2019-06-11 18:53:49,0.0,242.07 M
2019-06-11 18:53:51,6.0,244.32 M
2019-06-11 18:53:53,1.0,244.32 M
2019-06-11 18:53:55,0.0,244.32 M
2019-06-11 18:53:57,0.0,244.32 M
2019-06-11 18:53:59,0.0,244.32 M
2019-06-11 18:54:01,0.0,244.32 M
2019-06-11 18:54:03,0.0,244.32 M
2019-06-11 18:54:05,0.0,244.33 M
2019-06-11 18:54:07,6.0,244.33 M
2019-06-11 18:54:09,0.0,244.33 M
2019-06-11 18:54:11,0.0,244.33 M
2019-06-11 18:54:13,12.0,245.36 M
2019-06-11 18:54:15,0.0,245.36 M
2019-06-11 18:54:17,0.0,245.36 M
2019-06-11 18:54:19,5.0,245.36 M
2019-06-11 18:54:21,0.0,245.36 M
2019-06-11 18:54:23,0.0,245.36 M
2019-06-11 18:54:25,0.0,245.36 M
2019-06-11 18:54:27,0.0,245.52 M
2019-06-11 18:54:29,0.0,245.52 M
2019-06-11 18:54:31,0.0,245.52 M
2019-06-11 18:54:33,0.0,245.52 M
2019-06-11 18:54:35,9.0,245.52 M
2019-06-11 18:54:37,0.0,245.52 M
2019-06-11 18:54:39,0.0,245.52 M
2019-06-11 18:54:41,3.0,245.52 M
2019-06-11 18:54:44,1.0,245.52 M
2019-06-11 18:54:46,0.0,245.52 M
2019-06-11 18:54:48,5.0,245.52 M
2019-06-11 18:54:50,0.0,245.52 M
2019-06-11 18:54:52,0.0,245.52 M
2019-06-11 18:54:54,6.0,245.61 M
2019-06-11 18:54:56,0.0,245.61 M
2019-06-11 18:54:58,0.0,245.61 M
2019-06-11 18:55:00,0.0,245.61 M
2019-06-11 18:55:02,0.0,245.61 M
2019-06-11 18:55:04,0.0,245.61 M
2019-06-11 18:55:06,0.0,245.85 M
2019-06-11 18:55:08,0.0,245.85 M
2019-06-11 18:55:10,3.0,245.85 M
2019-06-11 18:55:12,0.0,245.85 M
2019-06-11 18:55:14,0.0,245.85 M
2019-06-11 18:55:16,1.0,245.95 M
2019-06-11 18:55:18,1.0,245.95 M
2019-06-11 18:55:20,0.0,246.07 M
2019-06-11 18:55:22,0.0,246.07 M
2019-06-11 18:55:24,0.0,246.07 M
2019-06-11 18:55:26,0.0,246.07 M
2019-06-11 18:55:28,0.0,246.07 M
2019-06-11 18:55:30,0.0,246.07 M
2019-06-11 18:55:32,0.0,246.07 M
2019-06-11 18:55:34,0.0,246.07 M
2019-06-11 18:55:36,0.0,246.07 M
2019-06-11 18:55:38,0.0,246.07 M
2019-06-11 18:55:40,0.0,246.07 M
2019-06-11 18:55:42,0.0,246.07 M
2019-06-11 18:55:44,0.0,246.07 M
2019-06-11 18:55:46,0.0,246.07 M
2019-06-11 18:55:48,0.0,246.07 M
2019-06-11 18:55:50,0.0,246.07 M
2019-06-11 18:55:52,0.0,246.07 M
2019-06-11 18:55:54,0.0,245.62 M
2019-06-11 18:55:56,0.0,245.62 M
2019-06-11 18:55:58,0.0,245.62 M
2019-06-11 18:56:00,0.0,245.62 M
2019-06-11 18:56:02,0.0,245.62 M
2019-06-11 18:56:04,0.0,245.62 M
2019-06-11 18:56:06,6.0,245.62 M
2019-06-11 18:56:08,0.0,245.62 M
2019-06-11 18:56:10,0.0,245.62 M
2019-06-11 18:56:12,3.0,245.62 M
2019-06-11 18:56:14,1.0,245.64 M
2019-06-11 18:56:16,146.8,161.41 M
2019-06-11 18:56:18,0.0,161.41 M
2019-06-11 18:56:20,0.0,161.41 M
2019-06-11 18:56:22,55.9,165.29 M
2019-06-11 18:56:24,0.0,165.32 M
2019-06-11 18:56:26,0.0,165.32 M
2019-06-11 18:56:28,31.0,165.63 M
2019-06-11 18:56:30,0.0,165.68 M
2019-06-11 18:56:32,0.0,165.68 M
2019-06-11 18:56:34,13.0,165.79 M
2019-06-11 18:56:36,0.0,165.79 M
2019-06-11 18:56:38,0.0,165.79 M
2019-06-11 18:56:40,0.0,167.20 M
2019-06-11 18:56:42,0.0,167.24 M
2019-06-11 18:56:44,0.0,167.24 M
2019-06-11 18:56:46,0.0,175.62 M
2019-06-11 18:56:48,0.0,175.56 M
2019-06-11 18:56:50,0.0,175.56 M
2019-06-11 18:56:52,0.0,183.45 M
2019-06-11 18:56:54,0.0,183.56 M
2019-06-11 18:56:56,0.0,183.56 M
2019-06-11 18:56:58,0.0,190.87 M
2019-06-11 18:57:00,0.0,190.84 M
2019-06-11 18:57:02,0.0,190.84 M
2019-06-11 18:57:04,0.0,198.69 M
2019-06-11 18:57:06,0.0,198.73 M
2019-06-11 18:57:08,0.0,198.73 M
2019-06-11 18:57:10,4.0,206.20 M
2019-06-11 18:57:12,0.0,206.36 M
2019-06-11 18:57:14,0.0,206.36 M
2019-06-11 18:57:16,4.0,214.33 M
2019-06-11 18:57:18,0.0,214.37 M
2019-06-11 18:57:20,0.0,214.37 M
2019-06-11 18:57:22,7.0,220.52 M
2019-06-11 18:57:24,1.0,220.52 M
2019-06-11 18:57:26,0.0,220.52 M
2019-06-11 18:57:28,4.0,220.65 M
2019-06-11 18:57:30,0.0,220.65 M
2019-06-11 18:57:32,0.0,220.65 M
2019-06-11 18:57:34,1.0,220.80 M
2019-06-11 18:57:36,0.0,221.01 M
2019-06-11 18:57:38,0.0,221.10 M
2019-06-11 18:57:40,0.0,221.10 M
2019-06-11 18:57:42,0.0,221.10 M
2019-06-11 18:57:44,0.0,221.10 M
2019-06-11 18:57:46,0.0,221.10 M
2019-06-11 18:57:48,0.0,221.10 M
2019-06-11 18:57:50,0.0,221.10 M
2019-06-11 18:57:52,0.0,221.10 M
2019-06-11 18:57:54,0.0,221.10 M
2019-06-11 18:57:56,0.0,221.10 M
2019-06-11 18:57:58,1.0,221.10 M
2019-06-11 18:58:00,0.0,221.10 M
2019-06-11 18:58:02,0.0,221.10 M
2019-06-11 18:58:04,0.0,221.10 M
2019-06-11 18:58:06,0.0,222.26 M
2019-06-11 18:58:08,0.0,222.30 M
2019-06-11 18:58:10,0.0,222.30 M
2019-06-11 18:58:12,0.0,222.66 M
2019-06-11 18:58:14,0.0,222.66 M
2019-06-11 18:58:16,1.0,222.66 M
2019-06-11 18:58:18,0.0,224.93 M
2019-06-11 18:58:20,0.0,224.96 M
2019-06-11 18:58:22,0.0,224.96 M
2019-06-11 18:58:25,0.0,227.06 M
2019-06-11 18:58:27,0.0,227.06 M
2019-06-11 18:58:29,0.0,227.06 M
2019-06-11 18:58:31,0.0,233.50 M
2019-06-11 18:58:33,0.0,233.50 M
2019-06-11 18:58:35,0.0,233.50 M
2019-06-11 18:58:37,0.0,235.29 M
2019-06-11 18:58:39,0.0,235.29 M
2019-06-11 18:58:41,0.0,235.29 M
2019-06-11 18:58:43,0.0,237.33 M
2019-06-11 18:58:45,0.0,237.33 M
2019-06-11 18:58:47,0.0,231.53 M
2019-06-11 18:58:49,0.0,233.71 M
2019-06-11 18:58:51,0.0,233.71 M
2019-06-11 18:58:53,0.0,233.71 M
2019-06-11 18:58:55,0.0,234.20 M
2019-06-11 18:58:57,0.0,234.20 M
2019-06-11 18:58:59,3.0,234.20 M
2019-06-11 18:59:01,0.0,234.17 M
2019-06-11 18:59:03,0.0,234.17 M
2019-06-11 18:59:05,0.0,234.17 M
2019-06-11 18:59:07,0.0,234.17 M
2019-06-11 18:59:09,0.0,234.17 M
2019-06-11 18:59:11,0.0,234.17 M
2019-06-11 18:59:13,0.0,236.66 M
2019-06-11 18:59:15,0.0,236.66 M
2019-06-11 18:59:17,0.0,236.66 M
2019-06-11 18:59:19,4.0,236.75 M
2019-06-11 18:59:21,0.0,236.75 M
2019-06-11 18:59:23,0.0,236.75 M
2019-06-11 18:59:25,0.0,236.75 M
2019-06-11 18:59:27,0.0,236.75 M
2019-06-11 18:59:29,0.0,236.75 M
2019-06-11 18:59:31,0.0,236.75 M
2019-06-11 18:59:33,4.0,236.75 M
2019-06-11 18:59:35,0.0,236.75 M
2019-06-11 18:59:37,0.0,236.75 M
2019-06-11 18:59:39,4.0,237.09 M
2019-06-11 18:59:41,0.0,237.19 M
2019-06-11 18:59:43,0.0,237.19 M
2019-06-11 18:59:45,0.0,237.19 M
2019-06-11 18:59:47,0.0,237.19 M
2019-06-11 18:59:49,0.0,237.35 M
2019-06-11 18:59:51,0.0,237.35 M
2019-06-11 18:59:53,0.0,237.35 M
2019-06-11 18:59:55,0.0,237.36 M
2019-06-11 18:59:57,0.0,237.36 M
2019-06-11 18:59:59,0.0,237.45 M
2019-06-11 19:00:01,0.0,237.45 M
2019-06-11 19:00:03,0.0,237.45 M
2019-06-11 19:00:05,0.0,237.70 M
2019-06-11 19:00:07,0.0,237.70 M
2019-06-11 19:00:09,0.0,237.70 M
2019-06-11 19:00:11,0.0,237.70 M
2019-06-11 19:00:13,1.0,237.70 M
2019-06-11 19:00:15,0.0,237.70 M
2019-06-11 19:00:17,0.0,237.70 M
2019-06-11 19:00:19,0.0,237.70 M
2019-06-11 19:00:21,0.0,237.70 M
2019-06-11 19:00:23,0.0,237.70 M
2019-06-11 19:00:25,0.0,237.70 M
2019-06-11 19:00:27,0.0,237.70 M
2019-06-11 19:00:29,0.0,239.35 M
2019-06-11 19:00:31,0.0,239.35 M
2019-06-11 19:00:33,0.0,239.35 M
2019-06-11 19:00:35,0.0,240.63 M
2019-06-11 19:00:37,0.0,240.63 M
2019-06-11 19:00:39,0.0,240.63 M
2019-06-11 19:00:41,4.0,240.66 M
2019-06-11 19:00:43,0.0,240.66 M
2019-06-11 19:00:45,0.0,240.66 M
2019-06-11 19:00:47,4.0,240.66 M
2019-06-11 19:00:49,0.0,240.66 M
2019-06-11 19:00:51,0.0,240.66 M
2019-06-11 19:00:53,2.0,240.80 M
2019-06-11 19:00:55,0.0,240.80 M
2019-06-11 19:00:57,0.0,240.80 M
2019-06-11 19:00:59,2.0,240.80 M
2019-06-11 19:01:01,0.0,240.80 M
2019-06-11 19:01:03,0.0,240.80 M
2019-06-11 19:01:05,4.0,240.80 M
2019-06-11 19:01:07,0.0,240.80 M
2019-06-11 19:01:09,0.0,240.80 M
2019-06-11 19:01:11,3.0,240.80 M
2019-06-11 19:01:13,0.0,240.96 M
2019-06-11 19:01:15,0.0,240.98 M
2019-06-11 19:01:17,151.9,161.06 M
2019-06-11 19:01:19,0.0,161.06 M
2019-06-11 19:01:21,0.0,161.06 M
2019-06-11 19:01:23,0.0,161.06 M
2019-06-11 19:01:25,0.0,162.19 M
2019-06-11 19:01:27,0.0,162.19 M
2019-06-11 19:01:29,0.0,162.19 M
2019-06-11 19:01:31,1.0,162.19 M
2019-06-11 19:01:33,0.0,162.19 M
2019-06-11 19:01:35,0.0,162.19 M
2019-06-11 19:01:37,0.0,162.19 M
2019-06-11 19:01:39,0.0,162.19 M
2019-06-11 19:01:41,0.0,162.19 M
2019-06-11 19:01:43,1.0,162.19 M
2019-06-11 19:01:45,0.0,162.19 M
2019-06-11 19:01:47,0.0,162.19 M
2019-06-11 19:01:49,0.0,162.19 M
2019-06-11 19:01:51,2.0,162.19 M
2019-06-11 19:01:53,0.0,162.19 M
2019-06-11 19:01:55,0.0,162.19 M
2019-06-11 19:01:57,1.0,162.40 M
2019-06-11 19:01:59,0.0,162.40 M
2019-06-11 19:02:01,0.0,162.40 M
2019-06-11 19:02:03,0.0,162.40 M
2019-06-11 19:02:06,0.0,162.51 M
2019-06-11 19:02:08,0.0,162.51 M
2019-06-11 19:02:10,0.0,162.51 M
2019-06-11 19:02:12,0.0,162.51 M
2019-06-11 19:02:14,0.0,162.51 M
2019-06-11 19:02:16,0.0,162.51 M
2019-06-11 19:02:18,0.0,162.63 M
2019-06-11 19:02:20,0.0,162.63 M
2019-06-11 19:02:22,0.0,162.63 M
2019-06-11 19:02:24,0.0,162.74 M
2019-06-11 19:02:26,0.0,162.74 M
2019-06-11 19:02:28,0.0,162.74 M
2019-06-11 19:02:30,1.0,162.74 M
2019-06-11 19:02:32,0.0,162.74 M
2019-06-11 19:02:34,0.0,162.74 M
2019-06-11 19:02:36,0.0,162.74 M
2019-06-11 19:02:38,1.0,162.74 M
2019-06-11 19:02:40,0.0,162.74 M
2019-06-11 19:02:42,0.0,162.74 M
2019-06-11 19:02:44,0.0,162.74 M
2019-06-11 19:02:46,0.0,162.74 M
2019-06-11 19:02:48,0.0,162.74 M
2019-06-11 19:02:50,3.0,162.77 M
2019-06-11 19:02:52,0.0,162.77 M
2019-06-11 19:02:54,0.0,162.77 M
2019-06-11 19:02:56,1.0,162.77 M
2019-06-11 19:02:58,0.0,162.77 M
2019-06-11 19:03:00,0.0,162.77 M
2019-06-11 19:03:02,0.0,162.77 M
2019-06-11 19:03:04,0.0,162.77 M
2019-06-11 19:03:06,0.0,162.77 M
2019-06-11 19:03:08,1.0,162.77 M
2019-06-11 19:03:10,1.0,162.77 M
2019-06-11 19:03:12,0.0,162.77 M
2019-06-11 19:03:14,0.0,162.77 M
2019-06-11 19:03:16,0.0,162.77 M
2019-06-11 19:03:18,1.0,162.77 M
2019-06-11 19:03:20,0.0,162.77 M
2019-06-11 19:03:22,0.0,162.77 M
2019-06-11 19:03:24,0.0,162.93 M
2019-06-11 19:03:26,0.0,162.93 M
2019-06-11 19:03:28,0.0,162.93 M
2019-06-11 19:03:30,2.0,162.95 M
2019-06-11 19:03:32,0.0,162.95 M
2019-06-11 19:03:34,0.0,162.95 M
2019-06-11 19:03:36,0.0,162.95 M
2019-06-11 19:03:38,0.0,162.95 M
2019-06-11 19:03:40,0.0,162.95 M
2019-06-11 19:03:42,0.0,162.95 M
2019-06-11 19:03:44,0.0,162.95 M
2019-06-11 19:03:46,0.0,162.95 M
2019-06-11 19:03:48,0.0,162.95 M
2019-06-11 19:03:50,0.0,162.95 M
2019-06-11 19:03:52,0.0,162.95 M
2019-06-11 19:03:54,0.0,162.95 M
2019-06-11 19:03:56,0.0,162.95 M
2019-06-11 19:03:58,1.0,162.95 M
2019-06-11 19:04:00,0.0,162.95 M
2019-06-11 19:04:02,0.0,162.95 M
2019-06-11 19:04:04,0.0,162.95 M
2019-06-11 19:04:06,1.0,162.95 M
2019-06-11 19:04:08,0.0,162.95 M
2019-06-11 19:04:10,0.0,162.95 M
2019-06-11 19:04:12,0.0,162.95 M
2019-06-11 19:04:14,0.0,162.95 M
2019-06-11 19:04:16,1.0,162.95 M
2019-06-11 19:04:18,0.0,162.95 M
2019-06-11 19:04:20,0.0,162.95 M
2019-06-11 19:04:22,0.0,162.95 M
2019-06-11 19:04:24,0.0,162.95 M
2019-06-11 19:04:26,0.0,162.95 M
2019-06-11 19:04:28,0.0,162.95 M
2019-06-11 19:04:30,0.0,165.95 M
2019-06-11 19:04:32,1.0,165.95 M
2019-06-11 19:04:34,0.0,165.95 M
2019-06-11 19:04:36,2.0,165.95 M
2019-06-11 19:04:38,0.0,165.95 M
2019-06-11 19:04:40,0.0,165.95 M
2019-06-11 19:04:42,0.0,165.95 M
2019-06-11 19:04:44,0.0,165.95 M
2019-06-11 19:04:46,0.0,165.95 M
2019-06-11 19:04:48,0.0,165.95 M
2019-06-11 19:04:50,0.0,165.95 M
2019-06-11 19:04:52,0.0,165.95 M
2019-06-11 19:04:54,0.0,165.95 M
2019-06-11 19:04:56,0.0,165.95 M
2019-06-11 19:04:58,0.0,165.95 M
2019-06-11 19:05:00,0.0,165.95 M
2019-06-11 19:05:02,0.0,165.95 M
2019-06-11 19:05:04,0.0,165.95 M
2019-06-11 19:05:06,0.0,165.95 M
2019-06-11 19:05:08,1.0,165.95 M
2019-06-11 19:05:10,0.0,165.95 M
2019-06-11 19:05:12,0.0,165.95 M
2019-06-11 19:05:14,1.0,165.95 M
2019-06-11 19:05:16,0.0,165.95 M
2019-06-11 19:05:18,0.0,165.95 M
2019-06-11 19:05:20,1.0,165.95 M
2019-06-11 19:05:22,0.0,165.95 M
2019-06-11 19:05:24,0.0,165.95 M
2019-06-11 19:05:26,1.0,165.95 M
2019-06-11 19:05:28,0.0,165.95 M
2019-06-11 19:05:30,0.0,165.95 M
2019-06-11 19:05:32,2.0,165.95 M
2019-06-11 19:05:34,0.0,165.95 M
2019-06-11 19:05:36,0.0,165.95 M
2019-06-11 19:05:38,0.0,165.95 M
2019-06-11 19:05:40,1.0,165.95 M
2019-06-11 19:05:42,0.0,165.95 M
2019-06-11 19:05:44,0.0,165.95 M
2019-06-11 19:05:46,0.0,166.13 M
2019-06-11 19:05:48,0.0,166.13 M
2019-06-11 19:05:50,0.0,166.13 M
2019-06-11 19:05:52,0.0,166.13 M
2019-06-11 19:05:54,0.0,166.13 M
2019-06-11 19:05:56,0.0,166.13 M
2019-06-11 19:05:58,1.0,166.13 M
2019-06-11 19:06:01,0.0,166.13 M
2019-06-11 19:06:03,0.0,166.13 M
2019-06-11 19:06:05,1.0,166.13 M
2019-06-11 19:06:07,0.0,166.13 M
2019-06-11 19:06:09,0.0,166.13 M
2019-06-11 19:06:11,2.0,166.13 M
2019-06-11 19:06:13,0.0,166.13 M
2019-06-11 19:06:15,0.0,166.13 M
2019-06-11 19:06:17,1.0,0.00 B
2019-06-11 19:06:19,148.0,157.87 M
2019-06-11 19:06:21,0.0,157.87 M
2019-06-11 19:06:23,0.0,157.87 M
2019-06-11 19:06:25,0.0,157.87 M
2019-06-11 19:06:27,0.0,160.90 M
2019-06-11 19:06:29,0.0,160.92 M
2019-06-11 19:06:31,0.0,160.92 M
2019-06-11 19:06:33,0.0,160.99 M
2019-06-11 19:06:35,0.0,161.00 M
2019-06-11 19:06:37,0.0,161.00 M
2019-06-11 19:06:39,9.0,161.90 M
2019-06-11 19:06:41,0.0,161.92 M
2019-06-11 19:06:43,0.0,161.92 M
2019-06-11 19:06:46,140.9,159.30 M
2019-06-11 19:06:48,0.0,159.30 M
2019-06-11 19:06:50,0.0,159.30 M
2019-06-11 19:06:52,51.0,163.52 M
2019-06-11 19:06:54,0.0,175.99 M
2019-06-11 19:06:56,0.0,172.72 M
2019-06-11 19:06:58,25.0,172.94 M
2019-06-11 19:07:00,0.0,172.94 M
2019-06-11 19:07:02,0.0,172.94 M
2019-06-11 19:07:04,2.0,172.99 M
2019-06-11 19:07:06,0.0,182.48 M
2019-06-11 19:07:08,0.0,182.60 M
2019-06-11 19:07:10,0.0,182.60 M
2019-06-11 19:07:12,0.0,195.00 M
2019-06-11 19:07:14,0.0,195.17 M
2019-06-11 19:07:16,0.0,195.68 M
2019-06-11 19:07:18,0.0,208.54 M
2019-06-11 19:07:20,0.0,208.58 M
2019-06-11 19:07:22,0.0,208.58 M
2019-06-11 19:07:24,0.0,221.87 M
2019-06-11 19:07:26,0.0,221.96 M
2019-06-11 19:07:28,0.0,221.96 M
2019-06-11 19:07:30,9.0,228.74 M
2019-06-11 19:07:32,0.0,228.74 M
2019-06-11 19:07:34,0.0,228.74 M
2019-06-11 19:07:36,5.0,228.75 M
2019-06-11 19:07:38,0.0,228.86 M
2019-06-11 19:07:40,0.0,228.86 M
2019-06-11 19:07:42,5.0,228.86 M
2019-06-11 19:07:44,0.0,228.86 M
2019-06-11 19:07:46,0.0,228.86 M
2019-06-11 19:07:48,4.0,228.86 M
2019-06-11 19:07:50,0.0,228.86 M
2019-06-11 19:07:52,0.0,228.86 M
2019-06-11 19:07:54,2.0,228.86 M
2019-06-11 19:07:56,0.0,231.10 M
2019-06-11 19:07:58,0.0,231.14 M
2019-06-11 19:08:00,0.0,231.14 M
2019-06-11 19:08:02,0.0,237.88 M
2019-06-11 19:08:04,0.0,237.88 M
2019-06-11 19:08:06,0.0,234.43 M
2019-06-11 19:08:08,0.0,237.22 M
2019-06-11 19:08:10,0.0,237.22 M
2019-06-11 19:08:12,0.0,237.22 M
2019-06-11 19:08:14,5.0,239.00 M
2019-06-11 19:08:16,0.0,239.00 M
2019-06-11 19:08:18,0.0,239.00 M
2019-06-11 19:08:20,7.0,241.80 M
2019-06-11 19:08:22,0.0,241.84 M
2019-06-11 19:08:24,0.0,241.84 M
2019-06-11 19:08:26,0.0,241.84 M
2019-06-11 19:08:28,0.0,241.84 M
2019-06-11 19:08:30,0.0,241.84 M
2019-06-11 19:08:32,0.0,241.84 M
2019-06-11 19:08:34,0.0,241.84 M
2019-06-11 19:08:36,0.0,241.84 M
2019-06-11 19:08:38,0.0,241.84 M
2019-06-11 19:08:40,0.0,241.84 M
2019-06-11 19:08:42,0.0,241.84 M
2019-06-11 19:08:44,0.0,241.84 M
2019-06-11 19:08:46,0.0,241.84 M
2019-06-11 19:08:48,0.0,241.84 M
2019-06-11 19:08:50,0.0,242.25 M
2019-06-11 19:08:52,0.0,242.25 M
2019-06-11 19:08:54,0.0,242.25 M
2019-06-11 19:08:56,0.0,242.60 M
2019-06-11 19:08:58,0.0,242.60 M
2019-06-11 19:09:00,0.0,242.60 M
2019-06-11 19:09:02,0.0,242.60 M
2019-06-11 19:09:04,0.0,242.60 M
2019-06-11 19:09:06,0.0,242.60 M
2019-06-11 19:09:08,0.0,244.32 M
2019-06-11 19:09:10,0.0,244.32 M
2019-06-11 19:09:12,0.0,244.32 M
2019-06-11 19:09:14,0.0,251.53 M
2019-06-11 19:09:16,0.0,251.53 M
2019-06-11 19:09:18,0.0,251.53 M
2019-06-11 19:09:20,0.0,251.53 M
2019-06-11 19:09:22,0.0,251.53 M
2019-06-11 19:09:25,2.0,251.53 M
2019-06-11 19:09:27,0.0,251.53 M
2019-06-11 19:09:29,0.0,251.53 M
2019-06-11 19:09:31,1.0,251.53 M
2019-06-11 19:09:33,0.0,251.71 M
2019-06-11 19:09:35,0.0,251.71 M
2019-06-11 19:09:37,0.0,251.71 M
2019-06-11 19:09:39,0.0,251.71 M
2019-06-11 19:09:41,0.0,251.71 M
2019-06-11 19:09:43,0.0,251.71 M
2019-06-11 19:09:45,0.0,253.36 M
2019-06-11 19:09:47,0.0,253.34 M
2019-06-11 19:09:49,0.0,253.34 M
2019-06-11 19:09:51,0.0,253.42 M
2019-06-11 19:09:53,0.0,253.42 M
2019-06-11 19:09:55,0.0,253.42 M
2019-06-11 19:09:57,0.0,253.42 M
2019-06-11 19:09:59,0.0,253.42 M
2019-06-11 19:10:01,0.0,253.42 M
2019-06-11 19:10:03,0.0,253.42 M
2019-06-11 19:10:05,0.0,253.42 M
2019-06-11 19:10:07,0.0,253.42 M
2019-06-11 19:10:09,0.0,253.85 M
2019-06-11 19:10:11,0.0,253.85 M
2019-06-11 19:10:13,0.0,253.85 M
2019-06-11 19:10:15,1.0,249.64 M
2019-06-11 19:10:17,0.0,249.64 M
2019-06-11 19:10:19,0.0,249.64 M
2019-06-11 19:10:21,3.0,249.64 M
2019-06-11 19:10:23,0.0,249.64 M
2019-06-11 19:10:25,0.0,249.64 M
2019-06-11 19:10:27,5.0,249.64 M
2019-06-11 19:10:29,0.0,249.64 M
2019-06-11 19:10:31,0.0,249.64 M
2019-06-11 19:10:33,4.0,249.64 M
2019-06-11 19:10:35,0.0,249.64 M
2019-06-11 19:10:37,0.0,249.64 M
2019-06-11 19:10:39,9.0,249.65 M
2019-06-11 19:10:41,0.0,249.65 M
2019-06-11 19:10:43,0.0,249.65 M
2019-06-11 19:10:45,0.0,249.65 M
2019-06-11 19:10:47,0.0,249.65 M
2019-06-11 19:10:49,0.0,249.65 M
2019-06-11 19:10:51,0.0,249.65 M
2019-06-11 19:10:53,0.0,249.65 M
2019-06-11 19:10:55,0.0,249.66 M
2019-06-11 19:10:57,5.0,249.66 M
2019-06-11 19:10:59,0.0,249.66 M
2019-06-11 19:11:01,0.0,249.66 M
2019-06-11 19:11:03,4.0,249.15 M
2019-06-11 19:11:05,0.0,249.15 M
2019-06-11 19:11:07,0.0,249.15 M
2019-06-11 19:11:09,0.0,249.15 M
2019-06-11 19:11:11,0.0,249.15 M
2019-06-11 19:11:13,0.0,249.15 M
2019-06-11 19:11:15,0.0,249.15 M
2019-06-11 19:11:17,0.0,249.17 M
2019-06-11 19:11:19,0.0,249.17 M
2019-06-11 19:11:21,0.0,249.17 M
2019-06-11 19:11:23,0.0,249.32 M
2019-06-11 19:11:25,0.0,249.32 M
2019-06-11 19:11:27,0.0,249.32 M
2019-06-11 19:11:29,0.0,249.32 M
2019-06-11 19:11:31,0.0,249.32 M
2019-06-11 19:11:33,0.0,249.32 M
2019-06-11 19:11:35,0.0,249.32 M
2019-06-11 19:11:37,0.0,249.32 M
2019-06-11 19:11:39,0.0,249.32 M
2019-06-11 19:11:41,0.0,249.32 M
2019-06-11 19:11:43,0.0,249.32 M
2019-06-11 19:11:45,5.0,249.43 M
2019-06-11 19:11:47,138.9,159.57 M
2019-06-11 19:11:49,0.0,159.57 M
2019-06-11 19:11:51,0.0,159.57 M
2019-06-11 19:11:53,0.0,165.40 M
2019-06-11 19:11:55,0.0,165.42 M
2019-06-11 19:11:57,17.0,165.47 M
2019-06-11 19:11:59,0.0,165.49 M
2019-06-11 19:12:01,0.0,165.49 M
2019-06-11 19:12:03,0.0,166.59 M
2019-06-11 19:12:05,0.0,166.61 M
2019-06-11 19:12:07,1.0,168.91 M
2019-06-11 19:12:09,0.0,176.50 M
2019-06-11 19:12:11,0.0,176.53 M
2019-06-11 19:12:13,19.0,187.16 M
2019-06-11 19:12:15,0.0,187.20 M
2019-06-11 19:12:17,1.0,188.47 M
2019-06-11 19:12:19,0.0,196.96 M
2019-06-11 19:12:21,0.0,197.12 M
2019-06-11 19:12:23,5.0,207.66 M
2019-06-11 19:12:25,0.0,207.61 M
2019-06-11 19:12:27,2.0,212.24 M
2019-06-11 19:12:29,0.0,217.91 M
2019-06-11 19:12:31,0.0,217.91 M
2019-06-11 19:12:33,0.0,233.19 M
2019-06-11 19:12:35,0.0,233.14 M
2019-06-11 19:12:37,10.0,233.14 M
2019-06-11 19:12:39,0.0,233.12 M
2019-06-11 19:12:41,11.0,233.12 M
2019-06-11 19:12:43,0.0,233.12 M
2019-06-11 19:12:45,0.0,233.12 M
2019-06-11 19:12:47,0.0,233.12 M
2019-06-11 19:12:49,0.0,233.15 M
2019-06-11 19:12:51,4.0,233.36 M
2019-06-11 19:12:53,0.0,233.41 M
2019-06-11 19:12:55,11.0,238.54 M
2019-06-11 19:12:57,0.0,238.55 M
2019-06-11 19:13:00,0.0,238.55 M
2019-06-11 19:13:02,3.0,240.02 M
2019-06-11 19:13:04,1.0,240.22 M
2019-06-11 19:13:06,4.0,242.01 M
2019-06-11 19:13:08,0.0,242.07 M
2019-06-11 19:13:10,0.0,242.07 M
2019-06-11 19:13:12,0.0,242.58 M
2019-06-11 19:13:14,0.0,242.58 M
2019-06-11 19:13:16,6.0,244.08 M
2019-06-11 19:13:18,0.0,240.00 M
2019-06-11 19:13:20,0.0,240.00 M
2019-06-11 19:13:22,0.0,240.00 M
2019-06-11 19:13:24,0.0,240.12 M
2019-06-11 19:13:26,6.0,236.85 M
2019-06-11 19:13:28,1.0,236.85 M
2019-06-11 19:13:30,0.0,236.85 M
2019-06-11 19:13:32,0.0,236.85 M
2019-06-11 19:13:34,0.0,236.96 M
2019-06-11 19:13:36,4.0,237.16 M
2019-06-11 19:13:38,0.0,237.16 M
2019-06-11 19:13:40,0.0,237.16 M
2019-06-11 19:13:42,0.0,237.16 M
2019-06-11 19:13:44,1.0,237.16 M
2019-06-11 19:13:46,5.0,237.16 M
2019-06-11 19:13:48,0.0,237.16 M
2019-06-11 19:13:50,0.0,237.16 M
2019-06-11 19:13:52,0.0,237.16 M
2019-06-11 19:13:54,0.0,237.16 M
2019-06-11 19:13:56,0.0,237.16 M
2019-06-11 19:13:58,0.0,237.16 M
2019-06-11 19:14:00,0.0,237.16 M
2019-06-11 19:14:02,5.0,237.16 M
2019-06-11 19:14:04,0.0,237.16 M
2019-06-11 19:14:06,0.0,237.16 M
2019-06-11 19:14:08,0.0,239.19 M
2019-06-11 19:14:10,0.0,239.19 M
2019-06-11 19:14:12,0.0,239.19 M
2019-06-11 19:14:14,0.0,241.84 M
2019-06-11 19:14:16,0.0,241.96 M
2019-06-11 19:14:18,1.0,241.96 M
2019-06-11 19:14:20,0.0,242.27 M
2019-06-11 19:14:22,0.0,242.27 M
2019-06-11 19:14:24,10.0,247.42 M
2019-06-11 19:14:26,0.0,247.43 M
2019-06-11 19:14:28,0.0,247.43 M
2019-06-11 19:14:30,4.0,247.43 M
2019-06-11 19:14:32,0.0,247.51 M
2019-06-11 19:14:34,0.0,247.51 M
2019-06-11 19:14:36,0.0,247.51 M
2019-06-11 19:14:38,0.0,247.51 M
2019-06-11 19:14:40,0.0,247.51 M
2019-06-11 19:14:42,0.0,247.51 M
2019-06-11 19:14:44,0.0,247.51 M
2019-06-11 19:14:46,0.0,247.51 M
2019-06-11 19:14:48,0.0,247.66 M
2019-06-11 19:14:50,0.0,247.82 M
2019-06-11 19:14:52,0.0,247.82 M
2019-06-11 19:14:54,0.0,247.82 M
2019-06-11 19:14:56,1.0,247.82 M
2019-06-11 19:14:58,3.0,247.82 M
2019-06-11 19:15:00,0.0,247.82 M
2019-06-11 19:15:02,0.0,247.82 M
2019-06-11 19:15:04,6.0,247.82 M
2019-06-11 19:15:06,1.0,247.82 M
2019-06-11 19:15:08,0.0,247.82 M
2019-06-11 19:15:10,0.0,247.82 M
2019-06-11 19:15:12,0.0,247.82 M
2019-06-11 19:15:14,0.0,247.82 M
2019-06-11 19:15:16,0.0,247.82 M
2019-06-11 19:15:18,0.0,247.82 M
2019-06-11 19:15:20,2.0,247.82 M
2019-06-11 19:15:22,0.0,247.82 M
2019-06-11 19:15:24,0.0,247.82 M
2019-06-11 19:15:26,0.0,246.38 M
2019-06-11 19:15:28,0.0,246.38 M
2019-06-11 19:15:30,4.0,246.38 M
2019-06-11 19:15:32,0.0,246.38 M
2019-06-11 19:15:34,0.0,246.38 M
2019-06-11 19:15:36,2.0,246.38 M
2019-06-11 19:15:38,0.0,246.38 M
2019-06-11 19:15:40,0.0,246.38 M
2019-06-11 19:15:42,5.0,246.38 M
2019-06-11 19:15:44,0.0,246.38 M
2019-06-11 19:15:46,0.0,246.38 M
2019-06-11 19:15:48,0.0,246.38 M
2019-06-11 19:15:50,0.0,246.38 M
2019-06-11 19:15:52,0.0,246.38 M
2019-06-11 19:15:54,0.0,246.55 M
2019-06-11 19:15:56,0.0,246.55 M
2019-06-11 19:15:58,0.0,246.55 M
2019-06-11 19:16:00,0.0,246.55 M
2019-06-11 19:16:02,0.0,246.55 M
2019-06-11 19:16:04,0.0,246.55 M
2019-06-11 19:16:06,0.0,246.55 M
2019-06-11 19:16:08,0.0,246.55 M
2019-06-11 19:16:10,0.0,246.55 M
2019-06-11 19:16:12,4.0,246.55 M
2019-06-11 19:16:14,0.0,246.55 M
2019-06-11 19:16:16,0.0,246.55 M
2019-06-11 19:16:18,1.0,246.55 M
2019-06-11 19:16:20,0.0,246.55 M
2019-06-11 19:16:22,0.0,246.55 M
2019-06-11 19:16:24,0.0,246.56 M
2019-06-11 19:16:26,0.0,246.56 M
2019-06-11 19:16:28,0.0,246.56 M
2019-06-11 19:16:30,0.0,246.61 M
2019-06-11 19:16:32,0.0,246.61 M
2019-06-11 19:16:34,0.0,246.61 M
2019-06-11 19:16:36,0.0,246.61 M
2019-06-11 19:16:38,0.0,246.61 M
2019-06-11 19:16:40,1.0,246.61 M
2019-06-11 19:16:42,0.0,246.61 M
2019-06-11 19:16:44,0.0,246.61 M
2019-06-11 19:16:46,1.0,0.00 B
2019-06-11 19:16:49,152.9,161.89 M
2019-06-11 19:16:51,0.0,161.89 M
2019-06-11 19:16:53,0.0,161.89 M
2019-06-11 19:16:55,74.0,166.78 M
2019-06-11 19:16:57,0.0,166.84 M
2019-06-11 19:16:59,0.0,166.84 M
2019-06-11 19:17:01,12.0,167.02 M
2019-06-11 19:17:03,0.0,168.14 M
2019-06-11 19:17:05,0.0,168.14 M
2019-06-11 19:17:07,10.0,168.16 M
2019-06-11 19:17:09,0.0,176.96 M
2019-06-11 19:17:11,0.0,177.13 M
2019-06-11 19:17:13,27.0,189.12 M
2019-06-11 19:17:15,0.0,189.27 M
2019-06-11 19:17:17,0.0,189.27 M
2019-06-11 19:17:19,5.0,202.39 M
2019-06-11 19:17:21,0.0,202.53 M
2019-06-11 19:17:23,0.0,202.53 M
2019-06-11 19:17:25,4.0,214.89 M
2019-06-11 19:17:27,0.0,214.89 M
2019-06-11 19:17:29,0.0,214.89 M
2019-06-11 19:17:31,0.0,233.72 M
2019-06-11 19:17:33,0.0,233.89 M
2019-06-11 19:17:35,0.0,233.89 M
2019-06-11 19:17:37,7.0,233.87 M
2019-06-11 19:17:39,0.0,233.87 M
2019-06-11 19:17:41,0.0,233.87 M
2019-06-11 19:17:43,6.0,234.01 M
2019-06-11 19:17:45,1.0,234.01 M
2019-06-11 19:17:47,0.0,234.01 M
2019-06-11 19:17:49,5.0,234.01 M
2019-06-11 19:17:51,0.0,234.01 M
2019-06-11 19:17:53,0.0,234.01 M
2019-06-11 19:17:55,14.0,236.84 M
2019-06-11 19:17:57,0.0,236.84 M
2019-06-11 19:17:59,0.0,236.84 M
2019-06-11 19:18:01,0.0,236.84 M
2019-06-11 19:18:03,0.0,243.44 M
2019-06-11 19:18:05,0.0,243.45 M
2019-06-11 19:18:07,0.0,243.45 M
2019-06-11 19:18:09,0.0,241.57 M
2019-06-11 19:18:11,0.0,241.66 M
2019-06-11 19:18:13,0.0,241.66 M
2019-06-11 19:18:15,6.0,241.91 M
2019-06-11 19:18:17,0.0,242.05 M
2019-06-11 19:18:19,0.0,242.05 M
2019-06-11 19:18:21,3.0,244.77 M
2019-06-11 19:18:23,0.0,244.88 M
2019-06-11 19:18:25,0.0,244.88 M
2019-06-11 19:18:27,8.0,241.66 M
2019-06-11 19:18:29,0.0,241.61 M
2019-06-11 19:18:31,0.0,241.61 M
2019-06-11 19:18:34,150.9,161.09 M
2019-06-11 19:18:36,0.0,161.09 M
2019-06-11 19:18:38,0.0,161.09 M
2019-06-11 19:18:40,0.0,161.09 M
2019-06-11 19:18:42,0.0,163.77 M
2019-06-11 19:18:44,0.0,163.79 M
2019-06-11 19:18:46,0.0,163.79 M
2019-06-11 19:18:48,23.0,164.11 M
2019-06-11 19:18:50,1.0,164.16 M
2019-06-11 19:18:52,0.0,164.16 M
2019-06-11 19:18:54,11.0,164.34 M
2019-06-11 19:18:56,0.0,164.34 M
2019-06-11 19:18:58,0.0,164.34 M
2019-06-11 19:19:00,0.0,164.39 M
2019-06-11 19:19:02,0.0,164.62 M
2019-06-11 19:19:04,0.0,164.64 M
2019-06-11 19:19:06,0.0,164.64 M
2019-06-11 19:19:08,142.8,159.47 M
2019-06-11 19:19:10,0.0,159.47 M
2019-06-11 19:19:12,0.0,159.47 M
2019-06-11 19:19:15,148.8,161.51 M
2019-06-11 19:19:17,0.0,161.51 M
2019-06-11 19:19:19,0.0,161.51 M
2019-06-11 19:19:21,58.9,164.97 M
2019-06-11 19:19:23,0.0,165.02 M
2019-06-11 19:19:25,0.0,165.02 M
2019-06-11 19:19:27,26.0,165.36 M
2019-06-11 19:19:29,0.0,165.39 M
2019-06-11 19:19:31,0.0,165.39 M
2019-06-11 19:19:33,0.0,165.42 M
2019-06-11 19:19:35,0.0,167.08 M
2019-06-11 19:19:37,0.0,167.11 M
2019-06-11 19:19:39,0.0,167.11 M
2019-06-11 19:19:41,0.0,173.32 M
2019-06-11 19:19:43,0.0,173.32 M
2019-06-11 19:19:45,0.0,174.08 M
2019-06-11 19:19:47,0.0,180.93 M
2019-06-11 19:19:49,0.0,180.88 M
2019-06-11 19:19:51,0.0,180.88 M
2019-06-11 19:19:54,0.0,187.84 M
2019-06-11 19:19:56,0.0,187.95 M
2019-06-11 19:19:58,5.0,195.13 M
2019-06-11 19:20:00,1.0,195.30 M
2019-06-11 19:20:02,0.0,195.30 M
2019-06-11 19:20:04,3.0,203.28 M
2019-06-11 19:20:06,0.0,203.31 M
2019-06-11 19:20:08,1.0,203.31 M
2019-06-11 19:20:10,1.0,203.82 M
2019-06-11 19:20:12,0.0,210.76 M
2019-06-11 19:20:14,0.0,210.78 M
2019-06-11 19:20:16,0.0,210.78 M
2019-06-11 19:20:18,1.0,221.74 M
2019-06-11 19:20:20,0.0,221.78 M
2019-06-11 19:20:22,0.0,221.78 M
2019-06-11 19:20:24,0.0,222.86 M
2019-06-11 19:20:26,0.0,222.89 M
2019-06-11 19:20:28,0.0,222.89 M
2019-06-11 19:20:30,0.0,222.89 M
2019-06-11 19:20:32,0.0,222.89 M
2019-06-11 19:20:34,0.0,222.89 M
2019-06-11 19:20:36,4.0,222.89 M
2019-06-11 19:20:38,0.0,222.89 M
2019-06-11 19:20:40,0.0,222.89 M
2019-06-11 19:20:42,5.0,223.09 M
2019-06-11 19:20:44,0.0,223.09 M
2019-06-11 19:20:46,0.0,223.09 M
2019-06-11 19:20:48,4.0,223.34 M
2019-06-11 19:20:50,0.0,223.34 M
2019-06-11 19:20:52,0.0,223.34 M
2019-06-11 19:20:54,3.0,223.34 M
2019-06-11 19:20:56,0.0,223.50 M
2019-06-11 19:20:58,0.0,223.50 M
2019-06-11 19:21:00,4.0,223.50 M
2019-06-11 19:21:02,0.0,223.50 M
2019-06-11 19:21:04,0.0,223.50 M
2019-06-11 19:21:06,2.0,223.50 M
2019-06-11 19:21:08,0.0,223.50 M
2019-06-11 19:21:10,0.0,223.50 M
2019-06-11 19:21:12,2.0,224.88 M
2019-06-11 19:21:14,0.0,224.88 M
2019-06-11 19:21:16,0.0,224.88 M
2019-06-11 19:21:18,3.0,227.02 M
2019-06-11 19:21:20,0.0,227.02 M
2019-06-11 19:21:22,0.0,227.02 M
2019-06-11 19:21:24,5.0,228.12 M
2019-06-11 19:21:26,0.0,228.19 M
2019-06-11 19:21:28,0.0,228.19 M
2019-06-11 19:21:30,11.0,235.65 M
2019-06-11 19:21:32,0.0,235.91 M
2019-06-11 19:21:34,0.0,235.91 M
2019-06-11 19:21:36,4.0,236.94 M
2019-06-11 19:21:38,0.0,237.13 M
2019-06-11 19:21:40,0.0,237.13 M
2019-06-11 19:21:42,3.0,239.16 M
2019-06-11 19:21:44,0.0,239.16 M
2019-06-11 19:21:46,0.0,235.06 M
2019-06-11 19:21:48,7.0,237.87 M
2019-06-11 19:21:50,1.0,237.87 M
2019-06-11 19:21:52,0.0,237.87 M
2019-06-11 19:21:54,4.0,238.10 M
2019-06-11 19:21:56,0.0,238.10 M
2019-06-11 19:21:58,1.0,238.10 M
2019-06-11 19:22:00,4.0,238.10 M
2019-06-11 19:22:02,0.0,238.10 M
2019-06-11 19:22:04,0.0,238.10 M
2019-06-11 19:22:06,3.0,238.10 M
2019-06-11 19:22:08,0.0,238.10 M
2019-06-11 19:22:10,0.0,238.10 M
2019-06-11 19:22:12,0.0,240.41 M
2019-06-11 19:22:14,0.0,240.41 M
2019-06-11 19:22:16,0.0,240.41 M
2019-06-11 19:22:18,3.0,240.41 M
2019-06-11 19:22:20,0.0,240.41 M
2019-06-11 19:22:22,0.0,240.41 M
2019-06-11 19:22:24,0.0,240.41 M
2019-06-11 19:22:26,0.0,240.41 M
2019-06-11 19:22:28,0.0,240.41 M
2019-06-11 19:22:30,0.0,240.41 M
2019-06-11 19:22:32,0.0,240.41 M
2019-06-11 19:22:34,0.0,240.41 M
2019-06-11 19:22:36,3.0,240.41 M
2019-06-11 19:22:38,0.0,240.41 M
2019-06-11 19:22:40,0.0,240.41 M
2019-06-11 19:22:42,4.0,240.41 M
2019-06-11 19:22:44,0.0,240.55 M
2019-06-11 19:22:46,0.0,240.55 M
2019-06-11 19:22:48,3.0,240.55 M
2019-06-11 19:22:50,1.0,240.68 M
2019-06-11 19:22:52,0.0,240.68 M
2019-06-11 19:22:54,3.0,240.68 M
2019-06-11 19:22:56,0.0,240.68 M
2019-06-11 19:22:58,0.0,240.68 M
2019-06-11 19:23:00,4.0,240.68 M
2019-06-11 19:23:02,0.0,240.68 M
2019-06-11 19:23:04,0.0,240.68 M
2019-06-11 19:23:06,0.0,240.68 M
2019-06-11 19:23:08,0.0,240.68 M
2019-06-11 19:23:10,0.0,240.68 M
2019-06-11 19:23:12,0.0,240.68 M
2019-06-11 19:23:14,0.0,240.68 M
2019-06-11 19:23:16,0.0,240.68 M
2019-06-11 19:23:18,0.0,240.68 M
2019-06-11 19:23:20,0.0,241.62 M
2019-06-11 19:23:22,0.0,241.62 M
2019-06-11 19:23:24,0.0,241.62 M
2019-06-11 19:23:26,0.0,241.62 M
2019-06-11 19:23:28,0.0,241.62 M
2019-06-11 19:23:30,0.0,241.62 M
2019-06-11 19:23:32,0.0,241.62 M
2019-06-11 19:23:34,0.0,241.62 M
2019-06-11 19:23:36,0.0,241.62 M
2019-06-11 19:23:38,7.0,241.62 M
2019-06-11 19:23:40,0.0,241.62 M
2019-06-11 19:23:42,0.0,241.62 M
2019-06-11 19:23:44,2.0,241.62 M
2019-06-11 19:23:46,0.0,241.62 M
2019-06-11 19:23:48,0.0,241.62 M
2019-06-11 19:23:50,5.0,241.62 M
2019-06-11 19:23:53,0.0,241.62 M
2019-06-11 19:23:55,0.0,241.62 M
2019-06-11 19:23:57,4.0,241.62 M
2019-06-11 19:23:59,0.0,241.62 M
2019-06-11 19:24:01,0.0,241.62 M
2019-06-11 19:24:03,0.0,241.79 M
2019-06-11 19:24:05,0.0,241.79 M
2019-06-11 19:24:07,0.0,241.79 M
2019-06-11 19:24:09,0.0,241.84 M
2019-06-11 19:24:11,0.0,241.84 M
2019-06-11 19:24:13,3.0,241.84 M
2019-06-11 19:24:15,1.0,241.90 M
2019-06-11 19:24:17,148.8,162.79 M
2019-06-11 19:24:19,0.0,162.79 M
2019-06-11 19:24:21,0.0,162.79 M
2019-06-11 19:24:23,7.0,163.54 M
2019-06-11 19:24:25,0.0,166.48 M
2019-06-11 19:24:27,0.0,166.54 M
2019-06-11 19:24:29,0.0,166.54 M
2019-06-11 19:24:31,0.0,166.98 M
2019-06-11 19:24:33,0.0,166.98 M
2019-06-11 19:24:35,0.0,166.98 M
2019-06-11 19:24:37,136.8,158.68 M
2019-06-11 19:24:39,0.0,158.68 M
2019-06-11 19:24:41,0.0,158.68 M
2019-06-11 19:24:43,54.0,163.30 M
2019-06-11 19:24:45,0.0,163.32 M
2019-06-11 19:24:47,0.0,163.32 M
2019-06-11 19:24:49,0.0,164.19 M
2019-06-11 19:24:51,0.0,164.23 M
2019-06-11 19:24:53,0.0,164.23 M
2019-06-11 19:24:55,150.8,161.87 M
2019-06-11 19:24:57,0.0,161.87 M
2019-06-11 19:24:59,0.0,161.87 M
2019-06-11 19:25:01,0.0,167.80 M
2019-06-11 19:25:03,0.0,167.86 M
2019-06-11 19:25:05,3.0,167.93 M
2019-06-11 19:25:07,0.0,168.06 M
2019-06-11 19:25:09,0.0,168.12 M
2019-06-11 19:25:11,25.0,170.88 M
2019-06-11 19:25:13,0.0,170.90 M
2019-06-11 19:25:15,0.0,170.90 M
2019-06-11 19:25:17,23.0,180.80 M
2019-06-11 19:25:19,0.0,180.83 M
2019-06-11 19:25:21,0.0,180.83 M
2019-06-11 19:25:23,0.0,189.91 M
2019-06-11 19:25:25,0.0,189.84 M
2019-06-11 19:25:27,5.0,199.35 M
2019-06-11 19:25:29,0.0,199.38 M
2019-06-11 19:25:31,0.0,199.38 M
2019-06-11 19:25:33,5.0,208.91 M
2019-06-11 19:25:35,0.0,208.94 M
2019-06-11 19:25:37,0.0,208.94 M
2019-06-11 19:25:39,0.0,219.61 M
2019-06-11 19:25:41,0.0,219.65 M
2019-06-11 19:25:43,0.0,219.65 M
2019-06-11 19:25:45,0.0,232.70 M
2019-06-11 19:25:47,0.0,232.78 M
2019-06-11 19:25:49,1.0,232.78 M
2019-06-11 19:25:51,0.0,233.02 M
2019-06-11 19:25:53,0.0,233.02 M
2019-06-11 19:25:55,4.0,233.02 M
2019-06-11 19:25:57,0.0,233.02 M
2019-06-11 19:25:59,0.0,233.02 M
2019-06-11 19:26:01,0.0,233.02 M
2019-06-11 19:26:03,0.0,233.08 M
2019-06-11 19:26:05,0.0,233.08 M
2019-06-11 19:26:07,0.0,233.08 M
2019-06-11 19:26:09,0.0,233.08 M
2019-06-11 19:26:11,12.0,238.48 M
2019-06-11 19:26:13,0.0,238.48 M
2019-06-11 19:26:15,0.0,238.48 M
2019-06-11 19:26:17,0.0,238.73 M
2019-06-11 19:26:19,0.0,238.75 M
2019-06-11 19:26:21,1.0,238.91 M
2019-06-11 19:26:23,0.0,239.92 M
2019-06-11 19:26:25,0.0,232.64 M
2019-06-11 19:26:27,2.0,234.18 M
2019-06-11 19:26:29,0.0,234.18 M
2019-06-11 19:26:31,0.0,234.18 M
2019-06-11 19:26:33,0.0,236.97 M
2019-06-11 19:26:35,0.0,236.97 M
2019-06-11 19:26:37,0.0,236.97 M
2019-06-11 19:26:39,0.0,238.85 M
2019-06-11 19:26:41,0.0,238.79 M
2019-06-11 19:26:43,0.0,239.05 M
2019-06-11 19:26:45,0.0,239.05 M
2019-06-11 19:26:47,4.0,239.05 M
2019-06-11 19:26:49,0.0,239.05 M
2019-06-11 19:26:51,0.0,239.05 M
2019-06-11 19:26:54,0.0,239.28 M
2019-06-11 19:26:56,0.0,239.24 M
2019-06-11 19:26:58,5.0,239.24 M
2019-06-11 19:27:00,0.0,239.24 M
2019-06-11 19:27:02,0.0,239.24 M
2019-06-11 19:27:04,5.0,239.24 M
2019-06-11 19:27:06,0.0,239.24 M
2019-06-11 19:27:08,0.0,239.24 M
2019-06-11 19:27:10,0.0,239.24 M
2019-06-11 19:27:12,0.0,239.24 M
2019-06-11 19:27:14,0.0,239.24 M
2019-06-11 19:27:16,0.0,241.82 M
2019-06-11 19:27:18,0.0,241.82 M
2019-06-11 19:27:20,4.0,241.96 M
2019-06-11 19:27:22,0.0,241.97 M
2019-06-11 19:27:24,0.0,241.97 M
2019-06-11 19:27:26,5.0,241.97 M
2019-06-11 19:27:28,0.0,241.97 M
2019-06-11 19:27:30,0.0,241.97 M
2019-06-11 19:27:32,0.0,244.93 M
2019-06-11 19:27:34,0.0,244.93 M
2019-06-11 19:27:36,0.0,244.93 M
2019-06-11 19:27:38,0.0,244.93 M
2019-06-11 19:27:40,0.0,244.93 M
2019-06-11 19:27:42,4.0,244.93 M
2019-06-11 19:27:44,0.0,244.93 M
2019-06-11 19:27:46,0.0,244.93 M
2019-06-11 19:27:48,0.0,245.11 M
2019-06-11 19:27:50,0.0,245.15 M
2019-06-11 19:27:52,1.0,245.15 M
2019-06-11 19:27:54,0.0,245.15 M
2019-06-11 19:27:56,0.0,245.15 M
2019-06-11 19:27:58,8.0,245.15 M
2019-06-11 19:28:00,0.0,245.15 M
2019-06-11 19:28:02,0.0,245.15 M
2019-06-11 19:28:04,0.0,245.15 M
2019-06-11 19:28:06,0.0,245.15 M
2019-06-11 19:28:08,4.0,245.15 M
2019-06-11 19:28:10,0.0,245.16 M
2019-06-11 19:28:12,0.0,245.16 M
2019-06-11 19:28:14,2.0,245.16 M
2019-06-11 19:28:16,0.0,245.16 M
2019-06-11 19:28:18,0.0,245.16 M
2019-06-11 19:28:20,0.0,245.16 M
2019-06-11 19:28:22,0.0,245.16 M
2019-06-11 19:28:24,2.0,245.16 M
2019-06-11 19:28:26,0.0,245.16 M
2019-06-11 19:28:28,0.0,245.16 M
2019-06-11 19:28:30,2.0,245.16 M
2019-06-11 19:28:32,0.0,245.16 M
2019-06-11 19:28:34,0.0,245.16 M
2019-06-11 19:28:36,3.0,245.16 M
2019-06-11 19:28:38,0.0,245.16 M
2019-06-11 19:28:40,0.0,245.16 M
2019-06-11 19:28:42,0.0,245.16 M
2019-06-11 19:28:44,0.0,245.16 M
2019-06-11 19:28:46,0.0,245.16 M
2019-06-11 19:28:48,0.0,245.76 M
2019-06-11 19:28:50,0.0,245.76 M
2019-06-11 19:28:52,0.0,245.76 M
2019-06-11 19:28:54,0.0,245.76 M
2019-06-11 19:28:56,0.0,245.76 M
2019-06-11 19:28:58,5.0,245.95 M
2019-06-11 19:29:00,0.0,245.95 M
2019-06-11 19:29:02,0.0,245.95 M
2019-06-11 19:29:04,5.0,245.95 M
2019-06-11 19:29:06,0.0,245.95 M
2019-06-11 19:29:08,0.0,245.95 M
2019-06-11 19:29:10,0.0,245.95 M
2019-06-11 19:29:12,0.0,245.95 M
2019-06-11 19:29:14,0.0,245.95 M
2019-06-11 19:29:16,0.0,245.95 M
2019-06-11 19:29:18,0.0,245.95 M
2019-06-11 19:29:20,6.0,245.95 M
2019-06-11 19:29:22,0.0,245.95 M
2019-06-11 19:29:24,0.0,245.95 M
2019-06-11 19:29:26,3.0,245.95 M
2019-06-11 19:29:28,0.0,245.95 M
2019-06-11 19:29:30,0.0,245.95 M
2019-06-11 19:29:32,3.0,246.02 M
2019-06-11 19:29:34,0.0,246.02 M
2019-06-11 19:29:36,0.0,246.02 M
2019-06-11 19:29:38,0.0,246.02 M
2019-06-11 19:29:40,0.0,246.02 M
2019-06-11 19:29:42,0.0,246.02 M
2019-06-11 19:29:44,0.0,246.02 M
2019-06-11 19:29:46,0.0,246.02 M
2019-06-11 19:29:48,0.0,246.02 M
2019-06-11 19:29:50,0.0,247.02 M
2019-06-11 19:29:52,0.0,247.02 M
2019-06-11 19:29:55,148.8,162.64 M
2019-06-11 19:29:57,0.0,162.64 M
2019-06-11 19:29:59,0.0,162.64 M
2019-06-11 19:30:01,44.0,166.23 M
2019-06-11 19:30:03,0.0,166.25 M
2019-06-11 19:30:05,0.0,166.25 M
2019-06-11 19:30:07,17.0,166.45 M
2019-06-11 19:30:09,1.0,166.49 M
2019-06-11 19:30:11,0.0,166.49 M
2019-06-11 19:30:13,0.0,168.02 M
2019-06-11 19:30:15,0.0,168.05 M
2019-06-11 19:30:17,0.0,168.05 M
2019-06-11 19:30:19,0.0,168.23 M
2019-06-11 19:30:21,0.0,168.23 M
2019-06-11 19:30:23,0.0,168.23 M
2019-06-11 19:30:25,0.0,168.63 M
2019-06-11 19:30:27,0.0,168.63 M
2019-06-11 19:30:29,0.0,168.63 M
2019-06-11 19:30:31,0.0,171.52 M
2019-06-11 19:30:34,0.0,171.62 M
2019-06-11 19:30:36,0.0,171.62 M
2019-06-11 19:30:38,0.0,175.98 M
2019-06-11 19:30:40,0.0,176.10 M
2019-06-11 19:30:42,0.0,176.10 M
2019-06-11 19:30:44,0.0,180.71 M
2019-06-11 19:30:46,0.0,180.87 M
2019-06-11 19:30:48,0.0,180.87 M
2019-06-11 19:30:50,0.0,189.42 M
2019-06-11 19:30:52,0.0,189.45 M
2019-06-11 19:30:54,0.0,189.45 M
2019-06-11 19:30:56,0.0,190.61 M
2019-06-11 19:30:58,0.0,190.79 M
2019-06-11 19:31:00,0.0,190.79 M
2019-06-11 19:31:02,0.0,198.48 M
2019-06-11 19:31:04,0.0,198.42 M
2019-06-11 19:31:06,0.0,198.42 M
2019-06-11 19:31:08,0.0,203.55 M
2019-06-11 19:31:10,0.0,203.70 M
2019-06-11 19:31:12,6.0,208.84 M
2019-06-11 19:31:14,0.0,208.96 M
2019-06-11 19:31:16,0.0,208.96 M
2019-06-11 19:31:18,6.0,214.64 M
2019-06-11 19:31:20,0.0,214.68 M
2019-06-11 19:31:22,0.0,214.68 M
2019-06-11 19:31:24,5.0,221.94 M
2019-06-11 19:31:26,0.0,222.11 M
2019-06-11 19:31:28,0.0,222.11 M
2019-06-11 19:31:30,5.0,222.11 M
2019-06-11 19:31:32,0.0,222.21 M
2019-06-11 19:31:34,0.0,222.21 M
2019-06-11 19:31:36,0.0,222.47 M
2019-06-11 19:31:38,0.0,222.47 M
2019-06-11 19:31:40,4.0,222.47 M
2019-06-11 19:31:42,1.0,222.47 M
2019-06-11 19:31:44,0.0,222.47 M
2019-06-11 19:31:46,0.0,222.47 M
2019-06-11 19:31:48,0.0,222.47 M
2019-06-11 19:31:50,2.0,222.47 M
2019-06-11 19:31:52,0.0,222.47 M
2019-06-11 19:31:54,0.0,222.47 M
2019-06-11 19:31:56,0.0,222.56 M
2019-06-11 19:31:58,0.0,222.56 M
2019-06-11 19:32:00,3.0,222.70 M
2019-06-11 19:32:02,0.0,222.70 M
2019-06-11 19:32:04,0.0,222.70 M
2019-06-11 19:32:06,0.0,222.70 M
2019-06-11 19:32:08,0.0,222.85 M
2019-06-11 19:32:10,2.0,222.85 M
2019-06-11 19:32:12,0.0,222.85 M
2019-06-11 19:32:14,0.0,222.85 M
2019-06-11 19:32:16,0.0,222.85 M
2019-06-11 19:32:18,0.0,223.03 M
2019-06-11 19:32:20,2.0,223.94 M
2019-06-11 19:32:22,0.0,223.94 M
2019-06-11 19:32:24,0.0,223.94 M
2019-06-11 19:32:26,3.0,225.47 M
2019-06-11 19:32:28,0.0,225.51 M
2019-06-11 19:32:30,0.0,225.51 M
2019-06-11 19:32:32,0.0,226.27 M
2019-06-11 19:32:34,0.0,226.38 M
2019-06-11 19:32:36,0.0,226.38 M
2019-06-11 19:32:38,0.0,229.68 M
2019-06-11 19:32:40,0.0,229.69 M
2019-06-11 19:32:42,0.0,229.69 M
2019-06-11 19:32:44,0.0,229.94 M
2019-06-11 19:32:46,0.0,229.94 M
2019-06-11 19:32:48,2.0,231.16 M
2019-06-11 19:32:50,0.0,231.24 M
2019-06-11 19:32:52,0.0,231.24 M
2019-06-11 19:32:54,2.0,232.77 M
2019-06-11 19:32:56,0.0,232.90 M
2019-06-11 19:32:58,2.0,234.95 M
2019-06-11 19:33:00,0.0,234.95 M
2019-06-11 19:33:02,0.0,234.95 M
2019-06-11 19:33:04,1.0,235.45 M
2019-06-11 19:33:06,0.0,235.59 M
2019-06-11 19:33:08,1.0,235.59 M
2019-06-11 19:33:10,0.0,237.88 M
2019-06-11 19:33:12,0.0,237.88 M
2019-06-11 19:33:14,0.0,237.88 M
2019-06-11 19:33:16,0.0,240.94 M
2019-06-11 19:33:18,0.0,240.94 M
2019-06-11 19:33:20,6.0,238.51 M
2019-06-11 19:33:22,0.0,238.51 M
2019-06-11 19:33:24,0.0,238.51 M
2019-06-11 19:33:26,3.0,238.51 M
2019-06-11 19:33:28,0.0,238.50 M
2019-06-11 19:33:30,0.0,238.50 M
2019-06-11 19:33:32,0.0,238.50 M
2019-06-11 19:33:34,0.0,238.50 M
2019-06-11 19:33:36,2.0,238.50 M
2019-06-11 19:33:38,0.0,238.50 M
2019-06-11 19:33:40,0.0,238.50 M
2019-06-11 19:33:42,3.0,238.68 M
2019-06-11 19:33:44,0.0,238.69 M
2019-06-11 19:33:46,0.0,238.69 M
2019-06-11 19:33:48,0.0,238.69 M
2019-06-11 19:33:50,0.0,238.69 M
2019-06-11 19:33:52,2.0,238.86 M
2019-06-11 19:33:54,0.0,238.86 M
2019-06-11 19:33:56,1.0,238.86 M
2019-06-11 19:33:58,1.0,238.86 M
2019-06-11 19:34:00,0.0,238.86 M
2019-06-11 19:34:02,0.0,238.86 M
2019-06-11 19:34:04,0.0,238.86 M
2019-06-11 19:34:06,0.0,238.86 M
2019-06-11 19:34:08,0.0,238.86 M
2019-06-11 19:34:10,0.0,238.86 M
2019-06-11 19:34:12,0.0,238.86 M
2019-06-11 19:34:14,1.0,238.86 M
2019-06-11 19:34:16,0.0,238.86 M
2019-06-11 19:34:18,0.0,238.86 M
2019-06-11 19:34:20,2.0,239.19 M
2019-06-11 19:34:22,1.0,239.19 M
2019-06-11 19:34:24,0.0,239.19 M
2019-06-11 19:34:26,0.0,239.94 M
2019-06-11 19:34:28,0.0,239.95 M
2019-06-11 19:34:31,0.0,239.95 M
2019-06-11 19:34:33,0.0,239.95 M
2019-06-11 19:34:35,0.0,239.95 M
2019-06-11 19:34:37,3.0,239.95 M
2019-06-11 19:34:39,0.0,239.95 M
2019-06-11 19:34:41,0.0,239.95 M
2019-06-11 19:34:43,3.0,239.95 M
2019-06-11 19:34:45,0.0,239.95 M
2019-06-11 19:34:47,0.0,239.95 M
2019-06-11 19:34:49,6.0,240.45 M
2019-06-11 19:34:51,0.0,240.41 M
2019-06-11 19:34:53,0.0,240.41 M
2019-06-11 19:34:55,4.0,0.00 B
2019-06-11 19:34:57,155.9,162.02 M
2019-06-11 19:34:59,0.0,162.02 M
2019-06-11 19:35:01,0.0,162.02 M
2019-06-11 19:35:03,0.0,162.02 M
2019-06-11 19:35:05,0.0,163.15 M
2019-06-11 19:35:07,0.0,163.15 M
2019-06-11 19:35:09,0.0,163.15 M
2019-06-11 19:35:11,0.0,163.15 M
2019-06-11 19:35:13,0.0,163.15 M
2019-06-11 19:35:15,0.0,163.15 M
2019-06-11 19:35:17,0.0,163.15 M
2019-06-11 19:35:19,0.0,163.15 M
2019-06-11 19:35:21,0.0,163.15 M
2019-06-11 19:35:23,1.0,163.15 M
2019-06-11 19:35:25,0.0,163.15 M
2019-06-11 19:35:27,0.0,163.15 M
2019-06-11 19:35:29,0.0,163.15 M
2019-06-11 19:35:31,0.0,163.15 M
2019-06-11 19:35:33,0.0,163.15 M
2019-06-11 19:35:35,0.0,163.15 M
2019-06-11 19:35:37,0.0,163.15 M
2019-06-11 19:35:39,0.0,163.15 M
2019-06-11 19:35:41,0.0,163.26 M
2019-06-11 19:35:43,1.0,163.26 M
2019-06-11 19:35:45,0.0,163.26 M
2019-06-11 19:35:47,0.0,163.26 M
2019-06-11 19:35:49,0.0,163.26 M
2019-06-11 19:35:51,0.0,163.26 M
2019-06-11 19:35:53,0.0,163.29 M
2019-06-11 19:35:55,0.0,163.29 M
2019-06-11 19:35:57,0.0,163.29 M
2019-06-11 19:35:59,0.0,163.29 M
2019-06-11 19:36:01,0.0,163.29 M
2019-06-11 19:36:03,0.0,163.29 M
2019-06-11 19:36:05,0.0,163.29 M
2019-06-11 19:36:07,0.0,163.29 M
2019-06-11 19:36:09,0.0,163.29 M
2019-06-11 19:36:11,0.0,163.40 M
2019-06-11 19:36:13,0.0,163.40 M
2019-06-11 19:36:15,0.0,163.40 M
2019-06-11 19:36:17,0.0,163.50 M
2019-06-11 19:36:19,0.0,163.50 M
2019-06-11 19:36:21,2.0,163.50 M
2019-06-11 19:36:23,0.0,163.50 M
2019-06-11 19:36:25,0.0,163.50 M
2019-06-11 19:36:27,5.0,163.50 M
2019-06-11 19:36:29,0.0,163.50 M
2019-06-11 19:36:31,0.0,163.50 M
2019-06-11 19:36:33,2.0,163.54 M
2019-06-11 19:36:35,0.0,163.54 M
2019-06-11 19:36:37,0.0,163.54 M
2019-06-11 19:36:39,3.0,163.54 M
2019-06-11 19:36:41,0.0,163.54 M
2019-06-11 19:36:43,0.0,163.54 M
2019-06-11 19:36:45,1.0,163.54 M
2019-06-11 19:36:47,0.0,163.54 M
2019-06-11 19:36:49,0.0,163.54 M
2019-06-11 19:36:51,0.0,163.54 M
2019-06-11 19:36:53,0.0,163.54 M
2019-06-11 19:36:55,0.0,163.54 M
2019-06-11 19:36:57,2.0,163.54 M
2019-06-11 19:36:59,0.0,163.54 M
2019-06-11 19:37:01,0.0,163.54 M
2019-06-11 19:37:03,0.0,163.54 M
2019-06-11 19:37:05,0.0,163.54 M
2019-06-11 19:37:07,0.0,163.54 M
2019-06-11 19:37:09,1.0,163.54 M
2019-06-11 19:37:11,0.0,163.54 M
2019-06-11 19:37:13,0.0,163.54 M
2019-06-11 19:37:15,1.0,163.54 M
2019-06-11 19:37:17,0.0,163.54 M
2019-06-11 19:37:19,0.0,163.54 M
2019-06-11 19:37:21,3.0,163.54 M
2019-06-11 19:37:23,0.0,163.54 M
2019-06-11 19:37:25,0.0,163.54 M
2019-06-11 19:37:27,1.0,163.55 M
2019-06-11 19:37:29,0.0,163.55 M
2019-06-11 19:37:31,0.0,163.55 M
2019-06-11 19:37:33,2.0,163.55 M
2019-06-11 19:37:35,0.0,163.55 M
2019-06-11 19:37:37,0.0,163.55 M
2019-06-11 19:37:39,1.0,163.55 M
2019-06-11 19:37:41,0.0,163.55 M
2019-06-11 19:37:43,0.0,163.55 M
2019-06-11 19:37:45,1.0,163.55 M
2019-06-11 19:37:47,0.0,163.55 M
2019-06-11 19:37:49,0.0,163.55 M
2019-06-11 19:37:51,4.0,166.60 M
2019-06-11 19:37:53,0.0,166.60 M
2019-06-11 19:37:55,0.0,166.60 M
2019-06-11 19:37:57,1.0,166.60 M
2019-06-11 19:37:59,0.0,166.60 M
2019-06-11 19:38:01,0.0,166.60 M
2019-06-11 19:38:03,2.0,166.60 M
2019-06-11 19:38:05,0.0,166.60 M
2019-06-11 19:38:07,0.0,166.60 M
2019-06-11 19:38:09,0.0,166.60 M
2019-06-11 19:38:11,0.0,166.60 M
2019-06-11 19:38:14,1.0,166.60 M
2019-06-11 19:38:16,0.0,166.60 M
2019-06-11 19:38:18,0.0,166.60 M
2019-06-11 19:38:20,0.0,166.60 M
2019-06-11 19:38:22,1.0,166.60 M
2019-06-11 19:38:24,0.0,166.60 M
2019-06-11 19:38:26,0.0,166.60 M
2019-06-11 19:38:28,3.0,166.60 M
2019-06-11 19:38:30,0.0,166.60 M
2019-06-11 19:38:32,0.0,166.60 M
2019-06-11 19:38:34,0.0,166.60 M
2019-06-11 19:38:36,0.0,166.60 M
2019-06-11 19:38:38,0.0,166.60 M
2019-06-11 19:38:40,0.0,166.60 M
2019-06-11 19:38:42,0.0,166.60 M
2019-06-11 19:38:44,0.0,166.60 M
2019-06-11 19:38:46,0.0,166.60 M
2019-06-11 19:38:48,0.0,166.60 M
2019-06-11 19:38:50,0.0,166.60 M
2019-06-11 19:38:52,0.0,166.60 M
2019-06-11 19:38:54,0.0,166.60 M
2019-06-11 19:38:56,0.0,166.60 M
2019-06-11 19:38:58,1.0,166.60 M
2019-06-11 19:39:00,0.0,166.60 M
2019-06-11 19:39:02,0.0,166.60 M
2019-06-11 19:39:04,0.0,166.77 M
2019-06-11 19:39:06,0.0,166.77 M
2019-06-11 19:39:08,0.0,166.77 M
2019-06-11 19:39:10,3.0,166.77 M
2019-06-11 19:39:12,0.0,166.77 M
2019-06-11 19:39:14,0.0,166.77 M
2019-06-11 19:39:16,1.0,166.77 M
2019-06-11 19:39:18,0.0,166.77 M
2019-06-11 19:39:20,0.0,166.77 M
2019-06-11 19:39:22,2.0,166.77 M
2019-06-11 19:39:24,0.0,166.77 M
2019-06-11 19:39:26,0.0,166.77 M
2019-06-11 19:39:28,0.0,166.77 M
2019-06-11 19:39:30,0.0,166.77 M
2019-06-11 19:39:32,0.0,166.77 M
2019-06-11 19:39:34,1.0,166.77 M
2019-06-11 19:39:36,0.0,166.77 M
2019-06-11 19:39:38,0.0,166.77 M
2019-06-11 19:39:40,0.0,166.77 M
2019-06-11 19:39:42,1.0,166.77 M
2019-06-11 19:39:44,0.0,166.77 M
2019-06-11 19:39:46,0.0,166.77 M
2019-06-11 19:39:48,0.0,166.77 M
2019-06-11 19:39:50,0.0,166.77 M
2019-06-11 19:39:52,0.0,166.77 M
2019-06-11 19:39:54,0.0,166.77 M
2019-06-11 19:39:56,0.0,166.80 M
2019-06-11 19:39:58,151.9,161.43 M
2019-06-11 19:40:00,0.0,161.43 M
2019-06-11 19:40:02,0.0,161.43 M
2019-06-11 19:40:04,0.0,161.43 M
2019-06-11 19:40:06,0.0,163.78 M
2019-06-11 19:40:08,0.0,163.80 M
2019-06-11 19:40:10,0.0,163.80 M
2019-06-11 19:40:12,0.0,164.52 M
2019-06-11 19:40:14,0.0,164.59 M
2019-06-11 19:40:16,0.0,164.59 M
2019-06-11 19:40:18,141.9,157.95 M
2019-06-11 19:40:20,0.0,157.95 M
2019-06-11 19:40:22,0.0,157.95 M
2019-06-11 19:40:24,46.9,160.93 M
2019-06-11 19:40:26,0.0,160.94 M
2019-06-11 19:40:28,0.0,160.94 M
2019-06-11 19:40:30,16.0,161.51 M
2019-06-11 19:40:32,0.0,161.53 M
2019-06-11 19:40:34,0.0,161.53 M
2019-06-11 19:40:36,0.0,161.53 M
2019-06-11 19:40:38,0.0,165.04 M
2019-06-11 19:40:40,0.0,165.04 M
2019-06-11 19:40:42,0.0,165.04 M
2019-06-11 19:40:44,0.0,165.88 M
2019-06-11 19:40:46,0.0,165.93 M
2019-06-11 19:40:48,14.0,172.58 M
2019-06-11 19:40:50,0.0,172.61 M
2019-06-11 19:40:52,0.0,172.61 M
2019-06-11 19:40:54,9.0,176.93 M
2019-06-11 19:40:56,0.0,177.02 M
2019-06-11 19:40:58,0.0,177.02 M
2019-06-11 19:41:00,5.0,181.41 M
2019-06-11 19:41:02,0.0,181.44 M
2019-06-11 19:41:04,0.0,181.44 M
2019-06-11 19:41:06,4.0,186.07 M
2019-06-11 19:41:08,0.0,186.10 M
2019-06-11 19:41:10,0.0,186.10 M
2019-06-11 19:41:12,10.0,191.29 M
2019-06-11 19:41:14,0.0,191.32 M
2019-06-11 19:41:16,0.0,191.32 M
2019-06-11 19:41:18,0.0,192.90 M
2019-06-11 19:41:20,0.0,196.23 M
2019-06-11 19:41:22,0.0,196.27 M
2019-06-11 19:41:24,4.0,200.88 M
2019-06-11 19:41:26,0.0,200.95 M
2019-06-11 19:41:28,0.0,200.95 M
2019-06-11 19:41:30,3.0,206.12 M
2019-06-11 19:41:32,0.0,206.15 M
2019-06-11 19:41:35,0.0,206.15 M
2019-06-11 19:41:37,4.0,216.69 M
2019-06-11 19:41:39,1.0,216.69 M
2019-06-11 19:41:41,0.0,216.69 M
2019-06-11 19:41:43,2.0,217.82 M
2019-06-11 19:41:45,0.0,217.82 M
2019-06-11 19:41:47,0.0,217.82 M
2019-06-11 19:41:49,5.0,217.82 M
2019-06-11 19:41:51,0.0,217.82 M
2019-06-11 19:41:53,0.0,217.82 M
2019-06-11 19:41:55,2.0,217.94 M
2019-06-11 19:41:57,0.0,217.94 M
2019-06-11 19:41:59,1.0,217.94 M
2019-06-11 19:42:01,1.0,217.94 M
2019-06-11 19:42:03,0.0,217.94 M
2019-06-11 19:42:05,0.0,217.94 M
2019-06-11 19:42:07,0.0,217.94 M
2019-06-11 19:42:09,0.0,217.98 M
2019-06-11 19:42:11,0.0,217.98 M
2019-06-11 19:42:13,0.0,217.98 M
2019-06-11 19:42:15,0.0,217.98 M
2019-06-11 19:42:17,0.0,217.98 M
2019-06-11 19:42:19,0.0,217.98 M
2019-06-11 19:42:21,0.0,218.55 M
2019-06-11 19:42:23,0.0,218.55 M
2019-06-11 19:42:25,3.0,218.55 M
2019-06-11 19:42:27,0.0,218.55 M
2019-06-11 19:42:29,0.0,218.55 M
2019-06-11 19:42:31,4.0,218.55 M
2019-06-11 19:42:33,0.0,218.55 M
2019-06-11 19:42:35,0.0,218.55 M
2019-06-11 19:42:37,6.0,219.11 M
2019-06-11 19:42:39,0.0,219.11 M
2019-06-11 19:42:41,0.0,219.11 M
2019-06-11 19:42:43,5.0,220.29 M
2019-06-11 19:42:45,0.0,220.29 M
2019-06-11 19:42:47,0.0,220.29 M
2019-06-11 19:42:49,11.0,223.88 M
2019-06-11 19:42:51,0.0,223.91 M
2019-06-11 19:42:53,0.0,223.91 M
2019-06-11 19:42:55,10.0,230.34 M
2019-06-11 19:42:57,0.0,230.34 M
2019-06-11 19:42:59,0.0,230.34 M
2019-06-11 19:43:01,4.0,232.11 M
2019-06-11 19:43:03,0.0,228.58 M
2019-06-11 19:43:05,0.0,228.58 M
2019-06-11 19:43:07,2.0,228.82 M
2019-06-11 19:43:09,0.0,228.86 M
2019-06-11 19:43:11,0.0,228.86 M
2019-06-11 19:43:13,4.0,234.52 M
2019-06-11 19:43:15,0.0,234.52 M
2019-06-11 19:43:17,0.0,234.52 M
2019-06-11 19:43:19,4.0,236.64 M
2019-06-11 19:43:21,0.0,236.64 M
2019-06-11 19:43:23,0.0,236.64 M
2019-06-11 19:43:25,2.0,238.66 M
2019-06-11 19:43:27,1.0,238.70 M
2019-06-11 19:43:29,0.0,238.70 M
2019-06-11 19:43:31,3.0,240.46 M
2019-06-11 19:43:33,0.0,240.50 M
2019-06-11 19:43:35,0.0,240.50 M
2019-06-11 19:43:37,6.0,240.54 M
2019-06-11 19:43:39,0.0,240.54 M
2019-06-11 19:43:41,0.0,240.54 M
2019-06-11 19:43:43,1.0,240.75 M
2019-06-11 19:43:45,0.0,240.75 M
2019-06-11 19:43:47,0.0,240.75 M
2019-06-11 19:43:49,4.0,240.75 M
2019-06-11 19:43:51,0.0,240.75 M
2019-06-11 19:43:53,0.0,240.75 M
2019-06-11 19:43:55,0.0,240.75 M
2019-06-11 19:43:57,0.0,240.75 M
2019-06-11 19:43:59,0.0,240.75 M
2019-06-11 19:44:01,0.0,240.75 M
2019-06-11 19:44:03,0.0,240.75 M
2019-06-11 19:44:05,3.0,240.75 M
2019-06-11 19:44:07,0.0,240.75 M
2019-06-11 19:44:09,1.0,240.75 M
2019-06-11 19:44:11,0.0,240.75 M
2019-06-11 19:44:13,0.0,240.75 M
2019-06-11 19:44:15,4.0,240.75 M
2019-06-11 19:44:17,0.0,240.75 M
2019-06-11 19:44:19,0.0,240.75 M
2019-06-11 19:44:21,0.0,240.75 M
2019-06-11 19:44:23,0.0,240.75 M
2019-06-11 19:44:25,0.0,240.75 M
2019-06-11 19:44:27,0.0,240.75 M
2019-06-11 19:44:29,0.0,240.75 M
2019-06-11 19:44:31,0.0,240.75 M
2019-06-11 19:44:33,0.0,240.75 M
2019-06-11 19:44:35,0.0,240.77 M
2019-06-11 19:44:37,1.0,240.77 M
2019-06-11 19:44:39,0.0,240.88 M
2019-06-11 19:44:41,0.0,240.88 M
2019-06-11 19:44:43,3.0,241.10 M
2019-06-11 19:44:45,1.0,241.10 M
2019-06-11 19:44:47,0.0,241.10 M
2019-06-11 19:44:49,1.0,241.57 M
2019-06-11 19:44:51,0.0,241.57 M
2019-06-11 19:44:53,0.0,241.57 M
2019-06-11 19:44:55,0.0,241.57 M
2019-06-11 19:44:57,0.0,241.57 M
2019-06-11 19:44:59,0.0,241.57 M
2019-06-11 19:45:01,0.0,241.57 M
2019-06-11 19:45:03,0.0,241.57 M
2019-06-11 19:45:05,4.0,242.04 M
2019-06-11 19:45:07,0.0,242.04 M
2019-06-11 19:45:09,0.0,242.04 M
2019-06-11 19:45:11,11.0,244.34 M
2019-06-11 19:45:13,1.0,244.34 M
2019-06-11 19:45:15,0.0,244.34 M
2019-06-11 19:45:17,12.0,0.00 B
2019-06-11 19:45:20,141.9,159.27 M
2019-06-11 19:45:22,0.0,159.27 M
2019-06-11 19:45:24,0.0,159.27 M
2019-06-11 19:45:27,145.9,161.46 M
2019-06-11 19:45:29,0.0,161.46 M
2019-06-11 19:45:31,0.0,161.46 M
2019-06-11 19:45:33,52.0,164.24 M
2019-06-11 19:45:35,0.0,168.02 M
2019-06-11 19:45:37,0.0,168.02 M
2019-06-11 19:45:39,3.0,168.03 M
2019-06-11 19:45:41,0.0,168.72 M
2019-06-11 19:45:43,0.0,168.77 M
2019-06-11 19:45:45,0.0,168.77 M
2019-06-11 19:45:47,1.0,170.35 M
2019-06-11 19:45:49,0.0,170.35 M
2019-06-11 19:45:51,0.0,170.35 M
2019-06-11 19:45:53,18.0,179.98 M
2019-06-11 19:45:55,0.0,179.95 M
2019-06-11 19:45:57,0.0,179.95 M
2019-06-11 19:45:59,9.0,189.48 M
2019-06-11 19:46:01,1.0,189.66 M
2019-06-11 19:46:03,0.0,189.66 M
2019-06-11 19:46:05,0.0,189.71 M
2019-06-11 19:46:07,0.0,201.04 M
2019-06-11 19:46:09,0.0,201.07 M
2019-06-11 19:46:11,0.0,201.07 M
2019-06-11 19:46:13,0.0,211.33 M
2019-06-11 19:46:15,0.0,211.30 M
2019-06-11 19:46:17,0.0,211.30 M
2019-06-11 19:46:19,0.0,222.21 M
2019-06-11 19:46:21,0.0,222.16 M
2019-06-11 19:46:23,0.0,222.16 M
2019-06-11 19:46:25,0.0,227.81 M
2019-06-11 19:46:27,0.0,227.81 M
2019-06-11 19:46:29,1.0,227.81 M
2019-06-11 19:46:31,0.0,227.83 M
2019-06-11 19:46:33,0.0,227.89 M
2019-06-11 19:46:35,0.0,227.89 M
2019-06-11 19:46:37,2.0,227.89 M
2019-06-11 19:46:39,0.0,227.89 M
2019-06-11 19:46:41,0.0,227.89 M
2019-06-11 19:46:43,6.0,228.00 M
2019-06-11 19:46:45,0.0,228.00 M
2019-06-11 19:46:47,0.0,228.00 M
2019-06-11 19:46:49,0.0,228.00 M
2019-06-11 19:46:51,0.0,228.00 M
2019-06-11 19:46:53,0.0,228.08 M
2019-06-11 19:46:55,0.0,228.08 M
2019-06-11 19:46:57,0.0,228.21 M
2019-06-11 19:46:59,0.0,228.21 M
2019-06-11 19:47:01,0.0,228.21 M
2019-06-11 19:47:03,0.0,229.66 M
2019-06-11 19:47:05,0.0,229.66 M
2019-06-11 19:47:07,0.0,229.66 M
2019-06-11 19:47:09,1.0,230.68 M
2019-06-11 19:47:11,0.0,230.68 M
2019-06-11 19:47:13,0.0,230.68 M
2019-06-11 19:47:15,11.0,238.18 M
2019-06-11 19:47:17,0.0,238.18 M
2019-06-11 19:47:19,0.0,238.18 M
2019-06-11 19:47:21,6.0,239.44 M
2019-06-11 19:47:23,0.0,239.44 M
2019-06-11 19:47:25,0.0,239.44 M
2019-06-11 19:47:27,1.0,239.95 M
2019-06-11 19:47:29,0.0,241.24 M
2019-06-11 19:47:31,0.0,237.07 M
2019-06-11 19:47:33,0.0,237.07 M
2019-06-11 19:47:35,0.0,240.17 M
2019-06-11 19:47:37,0.0,240.17 M
2019-06-11 19:47:39,0.0,240.17 M
2019-06-11 19:47:41,0.0,240.17 M
2019-06-11 19:47:43,0.0,240.17 M
2019-06-11 19:47:45,0.0,240.17 M
2019-06-11 19:47:47,2.0,240.28 M
2019-06-11 19:47:49,0.0,240.28 M
2019-06-11 19:47:51,0.0,240.28 M
2019-06-11 19:47:53,6.0,240.28 M
2019-06-11 19:47:55,0.0,240.28 M
2019-06-11 19:47:57,0.0,240.28 M
2019-06-11 19:47:59,3.0,240.28 M
2019-06-11 19:48:01,0.0,240.28 M
2019-06-11 19:48:03,0.0,240.28 M
2019-06-11 19:48:05,4.0,240.28 M
2019-06-11 19:48:07,0.0,240.28 M
2019-06-11 19:48:09,0.0,240.28 M
2019-06-11 19:48:11,0.0,240.28 M
2019-06-11 19:48:13,0.0,240.28 M
2019-06-11 19:48:15,0.0,240.28 M
2019-06-11 19:48:17,4.0,240.28 M
2019-06-11 19:48:19,0.0,240.28 M
2019-06-11 19:48:21,0.0,240.28 M
2019-06-11 19:48:23,5.0,240.34 M
2019-06-11 19:48:25,0.0,240.36 M
2019-06-11 19:48:27,0.0,240.36 M
2019-06-11 19:48:29,7.0,242.79 M
2019-06-11 19:48:31,0.0,242.79 M
2019-06-11 19:48:33,0.0,242.79 M
2019-06-11 19:48:35,2.0,242.79 M
2019-06-11 19:48:37,0.0,242.79 M
2019-06-11 19:48:39,0.0,242.79 M
2019-06-11 19:48:41,1.0,242.79 M
2019-06-11 19:48:43,0.0,242.79 M
2019-06-11 19:48:45,0.0,242.79 M
2019-06-11 19:48:47,1.0,242.79 M
2019-06-11 19:48:49,0.0,242.79 M
2019-06-11 19:48:51,0.0,242.79 M
2019-06-11 19:48:53,0.0,242.79 M
2019-06-11 19:48:55,0.0,242.79 M
2019-06-11 19:48:57,0.0,242.79 M
2019-06-11 19:49:00,144.8,161.04 M
2019-06-11 19:49:02,0.0,161.04 M
2019-06-11 19:49:04,0.0,161.04 M
2019-06-11 19:49:06,78.9,167.11 M
2019-06-11 19:49:08,0.0,167.17 M
2019-06-11 19:49:10,0.0,167.17 M
2019-06-11 19:49:12,0.0,167.85 M
2019-06-11 19:49:14,0.0,167.85 M
2019-06-11 19:49:16,4.0,167.98 M
2019-06-11 19:49:18,0.0,174.43 M
2019-06-11 19:49:20,0.0,174.61 M
2019-06-11 19:49:22,27.0,188.45 M
2019-06-11 19:49:24,0.0,188.62 M
2019-06-11 19:49:26,0.0,188.62 M
2019-06-11 19:49:28,8.0,201.48 M
2019-06-11 19:49:30,0.0,201.63 M
2019-06-11 19:49:32,0.0,201.63 M
2019-06-11 19:49:34,0.0,215.00 M
2019-06-11 19:49:36,0.0,214.98 M
2019-06-11 19:49:38,0.0,214.98 M
2019-06-11 19:49:40,0.0,235.15 M
2019-06-11 19:49:42,0.0,235.23 M
2019-06-11 19:49:45,147.9,161.90 M
2019-06-11 19:49:47,0.0,161.90 M
2019-06-11 19:49:49,0.0,161.90 M
2019-06-11 19:49:51,155.8,161.59 M
2019-06-11 19:49:53,0.0,161.59 M
2019-06-11 19:49:55,0.0,161.59 M
2019-06-11 19:49:57,59.9,165.27 M
2019-06-11 19:49:59,0.0,165.32 M
2019-06-11 19:50:01,0.0,165.32 M
2019-06-11 19:50:03,146.8,160.82 M
2019-06-11 19:50:05,0.0,160.82 M
2019-06-11 19:50:07,0.0,160.82 M
2019-06-11 19:50:09,0.0,160.82 M
2019-06-11 19:50:11,0.0,167.41 M
2019-06-11 19:50:13,0.0,167.44 M
2019-06-11 19:50:15,0.0,167.44 M
2019-06-11 19:50:17,0.0,167.75 M
2019-06-11 19:50:19,0.0,167.82 M
2019-06-11 19:50:21,0.0,167.82 M
2019-06-11 19:50:23,26.0,176.34 M
2019-06-11 19:50:25,0.0,176.44 M
2019-06-11 19:50:27,0.0,176.44 M
2019-06-11 19:50:29,15.0,186.80 M
2019-06-11 19:50:31,0.0,186.79 M
2019-06-11 19:50:33,0.0,186.79 M
2019-06-11 19:50:35,0.0,186.82 M
2019-06-11 19:50:37,0.0,198.69 M
2019-06-11 19:50:39,0.0,198.73 M
2019-06-11 19:50:41,0.0,198.73 M
2019-06-11 19:50:43,9.0,213.69 M
2019-06-11 19:50:45,0.0,213.68 M
2019-06-11 19:50:47,0.0,213.68 M
2019-06-11 19:50:49,9.0,225.22 M
2019-06-11 19:50:51,0.0,225.41 M
2019-06-11 19:50:53,0.0,225.41 M
2019-06-11 19:50:55,6.0,225.67 M
2019-06-11 19:50:57,0.0,225.78 M
2019-06-11 19:50:59,1.0,225.78 M
2019-06-11 19:51:01,4.0,225.87 M
2019-06-11 19:51:03,0.0,225.87 M
2019-06-11 19:51:05,0.0,225.87 M
2019-06-11 19:51:07,1.0,225.87 M
2019-06-11 19:51:09,0.0,225.87 M
2019-06-11 19:51:11,0.0,225.87 M
2019-06-11 19:51:13,0.0,225.87 M
2019-06-11 19:51:15,0.0,226.95 M
2019-06-11 19:51:17,0.0,226.95 M
2019-06-11 19:51:19,0.0,226.95 M
2019-06-11 19:51:21,0.0,229.26 M
2019-06-11 19:51:23,0.0,229.26 M
2019-06-11 19:51:25,0.0,229.26 M
2019-06-11 19:51:27,0.0,237.47 M
2019-06-11 19:51:29,0.0,237.47 M
2019-06-11 19:51:31,0.0,237.47 M
2019-06-11 19:51:33,6.0,240.28 M
2019-06-11 19:51:36,0.0,240.28 M
2019-06-11 19:51:38,0.0,240.28 M
2019-06-11 19:51:40,0.0,245.67 M
2019-06-11 19:51:42,0.0,245.67 M
2019-06-11 19:51:44,0.0,242.43 M
2019-06-11 19:51:46,0.0,242.43 M
2019-06-11 19:51:48,0.0,242.43 M
2019-06-11 19:51:50,0.0,242.43 M
2019-06-11 19:51:52,0.0,242.43 M
2019-06-11 19:51:54,1.0,242.38 M
2019-06-11 19:51:56,0.0,242.38 M
2019-06-11 19:51:58,0.0,242.47 M
2019-06-11 19:52:00,0.0,242.47 M
2019-06-11 19:52:02,0.0,242.47 M
2019-06-11 19:52:04,0.0,242.47 M
2019-06-11 19:52:06,0.0,242.47 M
2019-06-11 19:52:08,0.0,242.47 M
2019-06-11 19:52:10,0.0,242.47 M
2019-06-11 19:52:12,0.0,242.48 M
2019-06-11 19:52:14,0.0,242.48 M
2019-06-11 19:52:16,0.0,242.48 M
2019-06-11 19:52:18,0.0,242.48 M
2019-06-11 19:52:20,6.0,242.48 M
2019-06-11 19:52:22,0.0,242.48 M
2019-06-11 19:52:24,0.0,242.48 M
2019-06-11 19:52:26,4.0,242.48 M
2019-06-11 19:52:28,1.0,242.48 M
2019-06-11 19:52:30,0.0,242.48 M
2019-06-11 19:52:32,11.0,243.84 M
2019-06-11 19:52:34,1.0,243.84 M
2019-06-11 19:52:36,0.0,243.84 M
2019-06-11 19:52:38,4.0,243.84 M
2019-06-11 19:52:40,1.0,243.84 M
2019-06-11 19:52:42,0.0,243.84 M
2019-06-11 19:52:44,4.0,243.84 M
2019-06-11 19:52:46,0.0,243.84 M
2019-06-11 19:52:48,0.0,243.84 M
2019-06-11 19:52:50,5.0,243.84 M
2019-06-11 19:52:52,1.0,243.84 M
2019-06-11 19:52:54,0.0,243.84 M
2019-06-11 19:52:56,5.0,243.84 M
2019-06-11 19:52:58,0.0,243.84 M
2019-06-11 19:53:00,0.0,243.84 M
2019-06-11 19:53:02,4.0,246.06 M
2019-06-11 19:53:04,0.0,246.06 M
2019-06-11 19:53:06,0.0,246.06 M
2019-06-11 19:53:08,0.0,246.06 M
2019-06-11 19:53:10,0.0,246.07 M
2019-06-11 19:53:12,0.0,246.07 M
2019-06-11 19:53:14,0.0,246.07 M
2019-06-11 19:53:16,0.0,246.07 M
2019-06-11 19:53:18,0.0,246.07 M
2019-06-11 19:53:20,0.0,246.07 M
2019-06-11 19:53:22,1.0,246.07 M
2019-06-11 19:53:24,0.0,246.07 M
2019-06-11 19:53:26,0.0,245.69 M
2019-06-11 19:53:28,0.0,245.69 M
2019-06-11 19:53:30,0.0,245.69 M
2019-06-11 19:53:32,0.0,245.69 M
2019-06-11 19:53:34,0.0,245.69 M
2019-06-11 19:53:36,6.0,245.70 M
2019-06-11 19:53:38,0.0,245.70 M
2019-06-11 19:53:40,0.0,245.70 M
2019-06-11 19:53:42,0.0,245.70 M
2019-06-11 19:53:44,0.0,245.70 M
2019-06-11 19:53:46,0.0,245.70 M
2019-06-11 19:53:48,0.0,245.70 M
2019-06-11 19:53:50,0.0,245.70 M
2019-06-11 19:53:52,0.0,245.70 M
2019-06-11 19:53:54,0.0,245.70 M
2019-06-11 19:53:56,0.0,245.70 M
2019-06-11 19:53:58,0.0,245.70 M
2019-06-11 19:54:00,1.0,245.70 M
2019-06-11 19:54:02,0.0,245.70 M
2019-06-11 19:54:04,0.0,245.70 M
2019-06-11 19:54:06,4.0,245.70 M
2019-06-11 19:54:08,0.0,245.70 M
2019-06-11 19:54:10,0.0,245.70 M
2019-06-11 19:54:12,3.0,245.70 M
2019-06-11 19:54:14,0.0,245.70 M
2019-06-11 19:54:16,0.0,245.70 M
2019-06-11 19:54:18,0.0,245.70 M
2019-06-11 19:54:20,0.0,245.30 M
2019-06-11 19:54:22,0.0,245.31 M
2019-06-11 19:54:24,1.0,245.31 M
2019-06-11 19:54:26,0.0,245.31 M
2019-06-11 19:54:28,0.0,245.31 M
2019-06-11 19:54:30,0.0,245.31 M
2019-06-11 19:54:32,0.0,245.31 M
2019-06-11 19:54:34,0.0,245.31 M
2019-06-11 19:54:36,0.0,245.31 M
2019-06-11 19:54:38,5.0,245.31 M
2019-06-11 19:54:40,0.0,245.31 M
2019-06-11 19:54:42,0.0,245.31 M
2019-06-11 19:54:44,0.0,245.31 M
2019-06-11 19:54:46,0.0,245.31 M
2019-06-11 19:54:48,0.0,245.31 M
2019-06-11 19:54:50,0.0,245.31 M
2019-06-11 19:54:52,0.0,245.31 M
2019-06-11 19:54:54,0.0,245.32 M
2019-06-11 19:54:56,0.0,245.32 M
2019-06-11 19:54:58,4.0,245.32 M
2019-06-11 19:55:00,0.0,245.32 M
2019-06-11 19:55:03,151.8,162.34 M
2019-06-11 19:55:05,0.0,162.34 M
2019-06-11 19:55:07,0.0,162.34 M
2019-06-11 19:55:09,0.0,162.34 M
2019-06-11 19:55:11,0.0,164.31 M
2019-06-11 19:55:13,0.0,164.31 M
2019-06-11 19:55:15,0.0,164.31 M
2019-06-11 19:55:17,1.0,164.31 M
2019-06-11 19:55:20,0.0,164.31 M
2019-06-11 19:55:22,0.0,164.31 M
2019-06-11 19:55:24,0.0,164.31 M
2019-06-11 19:55:26,0.0,164.31 M
2019-06-11 19:55:28,0.0,164.31 M
2019-06-11 19:55:30,0.0,164.31 M
2019-06-11 19:55:32,1.0,164.31 M
2019-06-11 19:55:34,0.0,164.31 M
2019-06-11 19:55:36,0.0,164.31 M
2019-06-11 19:55:38,2.0,164.31 M
2019-06-11 19:55:40,0.0,164.31 M
2019-06-11 19:55:42,0.0,164.31 M
2019-06-11 19:55:44,0.0,164.31 M
2019-06-11 19:55:46,0.0,164.31 M
2019-06-11 19:55:48,0.0,164.31 M
2019-06-11 19:55:50,0.0,164.31 M
2019-06-11 19:55:52,0.0,164.31 M
2019-06-11 19:55:54,0.0,164.31 M
2019-06-11 19:55:56,0.0,164.31 M
2019-06-11 19:55:58,1.0,164.43 M
2019-06-11 19:56:00,0.0,164.43 M
2019-06-11 19:56:02,0.0,164.43 M
2019-06-11 19:56:04,2.0,164.43 M
2019-06-11 19:56:06,0.0,164.43 M
2019-06-11 19:56:08,0.0,164.43 M
2019-06-11 19:56:10,3.0,164.48 M
2019-06-11 19:56:12,0.0,164.48 M
2019-06-11 19:56:14,0.0,164.48 M
2019-06-11 19:56:16,0.0,164.57 M
2019-06-11 19:56:18,0.0,164.57 M
2019-06-11 19:56:20,0.0,164.57 M
2019-06-11 19:56:22,0.0,164.57 M
2019-06-11 19:56:24,0.0,164.57 M
2019-06-11 19:56:26,0.0,164.57 M
2019-06-11 19:56:28,0.0,164.57 M
2019-06-11 19:56:30,0.0,164.57 M
2019-06-11 19:56:32,0.0,164.57 M
2019-06-11 19:56:34,0.0,164.57 M
2019-06-11 19:56:36,0.0,164.57 M
2019-06-11 19:56:38,0.0,164.57 M
2019-06-11 19:56:40,1.0,164.57 M
2019-06-11 19:56:42,0.0,164.57 M
2019-06-11 19:56:44,0.0,164.57 M
2019-06-11 19:56:46,3.0,164.70 M
2019-06-11 19:56:48,0.0,164.70 M
2019-06-11 19:56:50,0.0,164.70 M
2019-06-11 19:56:52,1.0,164.70 M
2019-06-11 19:56:54,0.0,164.70 M
2019-06-11 19:56:56,0.0,164.70 M
2019-06-11 19:56:58,2.0,164.70 M
2019-06-11 19:57:00,0.0,164.70 M
2019-06-11 19:57:02,1.0,164.70 M
2019-06-11 19:57:04,0.0,164.70 M
2019-06-11 19:57:06,0.0,164.70 M
2019-06-11 19:57:08,0.0,164.70 M
2019-06-11 19:57:10,0.0,164.70 M
2019-06-11 19:57:12,0.0,164.70 M
2019-06-11 19:57:14,0.0,164.70 M
2019-06-11 19:57:16,0.0,164.70 M
2019-06-11 19:57:18,0.0,164.70 M
2019-06-11 19:57:20,0.0,164.70 M
2019-06-11 19:57:22,0.0,164.70 M
2019-06-11 19:57:24,0.0,164.70 M
2019-06-11 19:57:26,0.0,164.70 M
2019-06-11 19:57:28,0.0,164.70 M
2019-06-11 19:57:30,2.0,164.71 M
2019-06-11 19:57:32,0.0,164.71 M
2019-06-11 19:57:34,0.0,164.71 M
2019-06-11 19:57:36,2.0,164.71 M
2019-06-11 19:57:38,0.0,164.71 M
2019-06-11 19:57:40,0.0,164.71 M
2019-06-11 19:57:42,0.0,164.71 M
2019-06-11 19:57:44,0.0,164.71 M
2019-06-11 19:57:46,0.0,164.71 M
2019-06-11 19:57:48,0.0,164.71 M
2019-06-11 19:57:50,0.0,164.84 M
2019-06-11 19:57:52,0.0,164.84 M
2019-06-11 19:57:54,0.0,164.84 M
2019-06-11 19:57:56,1.0,164.84 M
2019-06-11 19:57:58,0.0,164.84 M
2019-06-11 19:58:00,0.0,164.84 M
2019-06-11 19:58:02,0.0,164.84 M
2019-06-11 19:58:04,0.0,164.84 M
2019-06-11 19:58:06,0.0,164.84 M
2019-06-11 19:58:08,0.0,164.84 M
2019-06-11 19:58:10,0.0,167.77 M
2019-06-11 19:58:12,0.0,167.77 M
2019-06-11 19:58:14,0.0,167.77 M
2019-06-11 19:58:16,0.0,167.77 M
2019-06-11 19:58:18,0.0,167.77 M
2019-06-11 19:58:20,0.0,167.77 M
2019-06-11 19:58:22,1.0,167.90 M
2019-06-11 19:58:24,0.0,167.90 M
2019-06-11 19:58:26,0.0,167.90 M
2019-06-11 19:58:28,2.0,167.90 M
2019-06-11 19:58:30,0.0,167.90 M
2019-06-11 19:58:32,0.0,167.90 M
2019-06-11 19:58:34,0.0,167.90 M
2019-06-11 19:58:36,1.0,167.90 M
2019-06-11 19:58:38,0.0,167.90 M
2019-06-11 19:58:40,0.0,167.90 M
2019-06-11 19:58:42,0.0,167.90 M
2019-06-11 19:58:44,0.0,167.90 M
2019-06-11 19:58:46,0.0,167.90 M
2019-06-11 19:58:48,1.0,167.90 M
2019-06-11 19:58:50,0.0,167.90 M
2019-06-11 19:58:52,0.0,167.90 M
2019-06-11 19:58:54,0.0,167.90 M
2019-06-11 19:58:56,0.0,167.90 M
2019-06-11 19:58:58,0.0,167.90 M
2019-06-11 19:59:00,0.0,167.90 M
2019-06-11 19:59:02,0.0,167.90 M
2019-06-11 19:59:04,1.0,167.90 M
2019-06-11 19:59:06,0.0,167.90 M
2019-06-11 19:59:08,1.0,167.90 M
2019-06-11 19:59:10,0.0,167.90 M
2019-06-11 19:59:12,0.0,167.90 M
2019-06-11 19:59:14,1.0,167.90 M
2019-06-11 19:59:16,0.0,167.90 M
2019-06-11 19:59:19,0.0,167.90 M
2019-06-11 19:59:21,0.0,167.90 M
2019-06-11 19:59:23,0.0,167.90 M
2019-06-11 19:59:25,0.0,167.90 M
2019-06-11 19:59:27,0.0,167.90 M
2019-06-11 19:59:29,0.0,167.90 M
2019-06-11 19:59:31,0.0,167.90 M
2019-06-11 19:59:33,0.0,167.90 M
2019-06-11 19:59:35,0.0,167.90 M
2019-06-11 19:59:37,0.0,167.90 M
2019-06-11 19:59:39,0.0,167.90 M
2019-06-11 19:59:41,0.0,167.90 M
2019-06-11 19:59:43,0.0,167.90 M
2019-06-11 19:59:45,0.0,167.90 M
2019-06-11 19:59:47,0.0,167.90 M
2019-06-11 19:59:49,0.0,167.90 M
2019-06-11 19:59:51,0.0,167.90 M
2019-06-11 19:59:53,0.0,167.90 M
2019-06-11 19:59:55,0.0,167.90 M
2019-06-11 19:59:57,0.0,167.90 M
2019-06-11 19:59:59,0.0,167.90 M
2019-06-11 20:00:01,0.0,167.90 M
2019-06-11 20:00:03,1.0,168.03 M
2019-06-11 20:00:05,141.9,160.41 M
2019-06-11 20:00:07,0.0,160.41 M
2019-06-11 20:00:09,0.0,160.41 M
2019-06-11 20:00:11,70.9,166.74 M
2019-06-11 20:00:13,0.0,166.75 M
2019-06-11 20:00:15,0.0,166.75 M
2019-06-11 20:00:17,20.0,166.90 M
2019-06-11 20:00:19,0.0,166.94 M
2019-06-11 20:00:21,0.0,166.94 M
2019-06-11 20:00:23,28.0,169.01 M
2019-06-11 20:00:25,0.0,169.04 M
2019-06-11 20:00:27,0.0,169.04 M
2019-06-11 20:00:29,4.0,180.55 M
2019-06-11 20:00:31,0.0,180.64 M
2019-06-11 20:00:33,0.0,180.64 M
2019-06-11 20:00:35,0.0,190.39 M
2019-06-11 20:00:37,0.0,190.50 M
2019-06-11 20:00:39,0.0,190.50 M
2019-06-11 20:00:41,0.0,196.96 M
2019-06-11 20:00:43,0.0,197.06 M
2019-06-11 20:00:45,2.0,198.35 M
2019-06-11 20:00:47,0.0,203.01 M
2019-06-11 20:00:49,0.0,203.01 M
2019-06-11 20:00:51,7.0,209.70 M
2019-06-11 20:00:53,0.0,209.80 M
2019-06-11 20:00:55,0.0,209.80 M
2019-06-11 20:00:57,1.0,209.75 M
2019-06-11 20:00:59,0.0,209.75 M
2019-06-11 20:01:01,0.0,209.75 M
2019-06-11 20:01:03,1.0,209.81 M
2019-06-11 20:01:05,0.0,209.81 M
2019-06-11 20:01:07,1.0,209.81 M
2019-06-11 20:01:09,0.0,209.81 M
2019-06-11 20:01:11,0.0,209.91 M
2019-06-11 20:01:13,0.0,209.91 M
2019-06-11 20:01:15,0.0,210.52 M
2019-06-11 20:01:17,0.0,210.52 M
2019-06-11 20:01:19,0.0,210.52 M
2019-06-11 20:01:21,0.0,210.56 M
2019-06-11 20:01:23,0.0,210.56 M
2019-06-11 20:01:25,0.0,210.56 M
2019-06-11 20:01:27,0.0,210.56 M
2019-06-11 20:01:29,0.0,210.56 M
2019-06-11 20:01:31,1.0,211.03 M
2019-06-11 20:01:33,0.0,210.98 M
2019-06-11 20:01:35,0.0,210.98 M
2019-06-11 20:01:37,2.0,210.98 M
2019-06-11 20:01:39,0.0,210.98 M
2019-06-11 20:01:42,145.9,161.45 M
2019-06-11 20:01:44,0.0,161.45 M
2019-06-11 20:01:46,0.0,161.45 M
2019-06-11 20:01:48,0.0,168.22 M
2019-06-11 20:01:50,0.0,168.27 M
2019-06-11 20:01:52,20.0,168.34 M
2019-06-11 20:01:54,0.0,168.35 M
2019-06-11 20:01:56,0.0,168.35 M
2019-06-11 20:01:58,32.0,170.41 M
2019-06-11 20:02:00,0.0,170.43 M
2019-06-11 20:02:02,0.0,170.43 M
2019-06-11 20:02:04,0.0,179.49 M
2019-06-11 20:02:06,0.0,179.53 M
2019-06-11 20:02:08,0.0,179.53 M
2019-06-11 20:02:10,0.0,189.80 M
2019-06-11 20:02:12,0.0,189.93 M
2019-06-11 20:02:14,0.0,189.93 M
2019-06-11 20:02:16,0.0,199.91 M
2019-06-11 20:02:18,0.0,200.01 M
2019-06-11 20:02:20,0.0,200.01 M
2019-06-11 20:02:22,0.0,211.08 M
2019-06-11 20:02:24,0.0,211.03 M
2019-06-11 20:02:26,0.0,211.03 M
2019-06-11 20:02:28,0.0,221.16 M
2019-06-11 20:02:30,0.0,221.26 M
2019-06-11 20:02:32,0.0,221.26 M
2019-06-11 20:02:34,0.0,231.05 M
2019-06-11 20:02:36,0.0,231.05 M
2019-06-11 20:02:38,8.0,231.30 M
2019-06-11 20:02:40,0.0,231.34 M
2019-06-11 20:02:43,0.0,231.34 M
2019-06-11 20:02:45,8.0,231.60 M
2019-06-11 20:02:47,0.0,231.71 M
2019-06-11 20:02:49,0.0,231.71 M
2019-06-11 20:02:51,7.0,231.71 M
2019-06-11 20:02:53,0.0,231.83 M
2019-06-11 20:02:55,0.0,231.83 M
2019-06-11 20:02:57,3.0,231.83 M
2019-06-11 20:02:59,0.0,231.83 M
2019-06-11 20:03:01,0.0,231.83 M
2019-06-11 20:03:03,11.0,236.84 M
2019-06-11 20:03:05,0.0,236.84 M
2019-06-11 20:03:07,0.0,236.84 M
2019-06-11 20:03:09,0.0,238.62 M
2019-06-11 20:03:11,0.0,238.79 M
2019-06-11 20:03:13,1.0,238.79 M
2019-06-11 20:03:15,0.0,239.54 M
2019-06-11 20:03:17,0.0,239.66 M
2019-06-11 20:03:19,6.0,239.80 M
2019-06-11 20:03:21,0.0,239.80 M
2019-06-11 20:03:23,0.0,239.80 M
2019-06-11 20:03:25,4.0,241.28 M
2019-06-11 20:03:27,0.0,241.34 M
2019-06-11 20:03:29,0.0,241.34 M
2019-06-11 20:03:31,0.0,242.87 M
2019-06-11 20:03:33,0.0,242.82 M
2019-06-11 20:03:35,0.0,242.82 M
2019-06-11 20:03:37,0.0,240.39 M
2019-06-11 20:03:39,0.0,240.39 M
2019-06-11 20:03:41,2.0,240.39 M
2019-06-11 20:03:43,0.0,240.45 M
2019-06-11 20:03:45,0.0,240.45 M
2019-06-11 20:03:47,4.0,240.45 M
2019-06-11 20:03:49,0.0,240.52 M
2019-06-11 20:03:51,0.0,240.52 M
2019-06-11 20:03:53,6.0,233.88 M
2019-06-11 20:03:55,1.0,233.88 M
2019-06-11 20:03:57,0.0,233.88 M
2019-06-11 20:03:59,5.0,234.02 M
2019-06-11 20:04:01,0.0,234.02 M
2019-06-11 20:04:03,0.0,234.02 M
2019-06-11 20:04:05,0.0,234.10 M
2019-06-11 20:04:07,0.0,234.10 M
2019-06-11 20:04:09,0.0,234.10 M
2019-06-11 20:04:11,0.0,234.10 M
2019-06-11 20:04:13,0.0,234.10 M
2019-06-11 20:04:15,0.0,234.10 M
2019-06-11 20:04:17,0.0,234.10 M
2019-06-11 20:04:19,0.0,234.10 M
2019-06-11 20:04:21,0.0,234.23 M
2019-06-11 20:04:23,0.0,234.23 M
2019-06-11 20:04:25,0.0,238.66 M
2019-06-11 20:04:27,0.0,238.81 M
2019-06-11 20:04:29,1.0,238.81 M
2019-06-11 20:04:31,0.0,240.98 M
2019-06-11 20:04:33,0.0,241.05 M
2019-06-11 20:04:35,0.0,241.05 M
2019-06-11 20:04:37,0.0,241.05 M
2019-06-11 20:04:39,0.0,241.12 M
2019-06-11 20:04:41,0.0,241.12 M
2019-06-11 20:04:43,1.0,244.33 M
2019-06-11 20:04:45,0.0,244.34 M
2019-06-11 20:04:47,0.0,244.34 M
2019-06-11 20:04:49,0.0,244.29 M
2019-06-11 20:04:51,0.0,244.29 M
2019-06-11 20:04:53,0.0,244.29 M
2019-06-11 20:04:55,1.0,244.29 M
2019-06-11 20:04:57,0.0,244.29 M
2019-06-11 20:04:59,0.0,244.29 M
2019-06-11 20:05:01,0.0,244.29 M
2019-06-11 20:05:03,0.0,244.29 M
2019-06-11 20:05:05,0.0,244.29 M
2019-06-11 20:05:07,2.0,244.29 M
2019-06-11 20:05:09,0.0,244.29 M
2019-06-11 20:05:11,0.0,244.29 M
2019-06-11 20:05:13,5.0,244.29 M
2019-06-11 20:05:15,0.0,244.29 M
2019-06-11 20:05:17,0.0,244.29 M
2019-06-11 20:05:19,5.0,244.32 M
2019-06-11 20:05:21,0.0,244.32 M
2019-06-11 20:05:23,0.0,244.32 M
2019-06-11 20:05:25,0.0,244.32 M
2019-06-11 20:05:27,0.0,244.32 M
2019-06-11 20:05:29,0.0,244.32 M
2019-06-11 20:05:31,0.0,244.32 M
2019-06-11 20:05:33,2.0,244.32 M
2019-06-11 20:05:35,0.0,244.32 M
2019-06-11 20:05:37,0.0,244.32 M
2019-06-11 20:05:39,4.0,244.46 M
2019-06-11 20:05:41,0.0,244.46 M
2019-06-11 20:05:43,0.0,244.46 M
2019-06-11 20:05:45,5.0,248.12 M
2019-06-11 20:05:47,0.0,248.12 M
2019-06-11 20:05:49,0.0,248.12 M
2019-06-11 20:05:51,6.0,248.12 M
2019-06-11 20:05:53,0.0,248.12 M
2019-06-11 20:05:55,0.0,248.12 M
2019-06-11 20:05:57,7.0,248.12 M
2019-06-11 20:05:59,0.0,248.12 M
2019-06-11 20:06:01,0.0,248.12 M
2019-06-11 20:06:04,135.8,158.51 M
2019-06-11 20:06:06,0.0,158.51 M
2019-06-11 20:06:08,0.0,158.51 M
2019-06-11 20:06:10,56.9,162.70 M
2019-06-11 20:06:12,0.0,162.74 M
2019-06-11 20:06:14,0.0,162.74 M
2019-06-11 20:06:16,31.0,163.01 M
2019-06-11 20:06:18,0.0,163.06 M
2019-06-11 20:06:21,0.0,163.06 M
2019-06-11 20:06:23,0.0,164.71 M
2019-06-11 20:06:25,0.0,164.73 M
2019-06-11 20:06:27,0.0,164.73 M
2019-06-11 20:06:29,0.0,172.27 M
2019-06-11 20:06:31,1.0,172.32 M
2019-06-11 20:06:33,4.0,174.88 M
2019-06-11 20:06:35,0.0,180.90 M
2019-06-11 20:06:37,0.0,180.94 M
2019-06-11 20:06:39,13.0,188.90 M
2019-06-11 20:06:41,1.0,189.00 M
2019-06-11 20:06:43,0.0,189.00 M
2019-06-11 20:06:45,3.0,198.02 M
2019-06-11 20:06:47,0.0,197.98 M
2019-06-11 20:06:49,0.0,197.98 M
2019-06-11 20:06:51,0.0,206.47 M
2019-06-11 20:06:53,0.0,206.55 M
2019-06-11 20:06:55,7.0,215.29 M
2019-06-11 20:06:57,0.0,215.32 M
2019-06-11 20:06:59,0.0,215.32 M
2019-06-11 20:07:01,7.0,228.36 M
2019-06-11 20:07:03,1.0,228.47 M
2019-06-11 20:07:05,0.0,228.47 M
2019-06-11 20:07:07,0.0,228.98 M
2019-06-11 20:07:09,0.0,229.07 M
2019-06-11 20:07:11,1.0,229.07 M
2019-06-11 20:07:13,0.0,229.32 M
2019-06-11 20:07:15,0.0,229.50 M
2019-06-11 20:07:17,6.0,229.50 M
2019-06-11 20:07:19,0.0,229.54 M
2019-06-11 20:07:21,0.0,229.54 M
2019-06-11 20:07:23,2.0,229.54 M
2019-06-11 20:07:25,0.0,229.54 M
2019-06-11 20:07:27,0.0,229.54 M
2019-06-11 20:07:29,6.0,229.54 M
2019-06-11 20:07:31,0.0,229.54 M
2019-06-11 20:07:33,0.0,229.54 M
2019-06-11 20:07:35,4.0,229.54 M
2019-06-11 20:07:37,0.0,229.54 M
2019-06-11 20:07:39,0.0,229.54 M
2019-06-11 20:07:41,6.0,238.16 M
2019-06-11 20:07:43,0.0,238.17 M
2019-06-11 20:07:45,0.0,238.17 M
2019-06-11 20:07:47,1.0,238.40 M
2019-06-11 20:07:49,0.0,238.43 M
2019-06-11 20:07:51,3.0,239.45 M
2019-06-11 20:07:53,1.0,239.45 M
2019-06-11 20:07:55,0.0,239.45 M
2019-06-11 20:07:57,0.0,240.19 M
2019-06-11 20:07:59,0.0,237.15 M
2019-06-11 20:08:01,0.0,237.15 M
2019-06-11 20:08:03,0.0,237.65 M
2019-06-11 20:08:05,0.0,237.65 M
2019-06-11 20:08:07,1.0,237.88 M
2019-06-11 20:08:09,0.0,239.41 M
2019-06-11 20:08:11,0.0,239.42 M
2019-06-11 20:08:13,7.0,237.14 M
2019-06-11 20:08:15,0.0,237.14 M
2019-06-11 20:08:17,0.0,237.14 M
2019-06-11 20:08:19,3.0,237.73 M
2019-06-11 20:08:21,0.0,237.73 M
2019-06-11 20:08:23,0.0,237.73 M
2019-06-11 20:08:25,1.0,237.73 M
2019-06-11 20:08:27,0.0,237.73 M
2019-06-11 20:08:29,0.0,237.73 M
2019-06-11 20:08:31,0.0,237.73 M
2019-06-11 20:08:33,1.0,237.73 M
2019-06-11 20:08:35,0.0,237.73 M
2019-06-11 20:08:37,0.0,237.73 M
2019-06-11 20:08:39,0.0,237.73 M
2019-06-11 20:08:41,1.0,237.73 M
2019-06-11 20:08:43,0.0,237.73 M
2019-06-11 20:08:45,0.0,237.73 M
2019-06-11 20:08:47,2.0,240.26 M
2019-06-11 20:08:49,0.0,240.26 M
2019-06-11 20:08:51,1.0,240.26 M
2019-06-11 20:08:53,0.0,240.26 M
2019-06-11 20:08:55,0.0,240.26 M
2019-06-11 20:08:57,9.0,240.50 M
2019-06-11 20:08:59,0.0,240.50 M
2019-06-11 20:09:01,0.0,240.50 M
2019-06-11 20:09:03,2.0,240.75 M
2019-06-11 20:09:05,0.0,240.75 M
2019-06-11 20:09:07,0.0,240.75 M
2019-06-11 20:09:09,0.0,241.25 M
2019-06-11 20:09:11,0.0,241.25 M
2019-06-11 20:09:13,4.0,241.25 M
2019-06-11 20:09:15,0.0,241.25 M
2019-06-11 20:09:17,0.0,241.25 M
2019-06-11 20:09:19,2.0,241.26 M
2019-06-11 20:09:21,0.0,241.26 M
2019-06-11 20:09:23,0.0,241.26 M
2019-06-11 20:09:25,0.0,241.26 M
2019-06-11 20:09:27,0.0,241.26 M
2019-06-11 20:09:29,6.0,246.16 M
2019-06-11 20:09:31,0.0,246.17 M
2019-06-11 20:09:33,0.0,246.17 M
2019-06-11 20:09:35,4.0,246.17 M
2019-06-11 20:09:37,0.0,246.23 M
2019-06-11 20:09:39,0.0,246.23 M
2019-06-11 20:09:41,0.0,246.23 M
2019-06-11 20:09:43,0.0,246.23 M
2019-06-11 20:09:45,4.0,246.45 M
2019-06-11 20:09:47,0.0,246.45 M
2019-06-11 20:09:49,0.0,246.45 M
2019-06-11 20:09:51,0.0,246.45 M
2019-06-11 20:09:53,0.0,246.45 M
2019-06-11 20:09:55,3.0,246.45 M
2019-06-11 20:09:57,0.0,246.45 M
2019-06-11 20:09:59,0.0,246.45 M
2019-06-11 20:10:01,0.0,246.48 M
2019-06-11 20:10:03,0.0,246.48 M
2019-06-11 20:10:05,0.0,246.48 M
2019-06-11 20:10:07,0.0,246.48 M
2019-06-11 20:10:09,0.0,246.48 M
2019-06-11 20:10:11,0.0,246.48 M
2019-06-11 20:10:14,138.8,159.53 M
2019-06-11 20:10:16,0.0,159.53 M
2019-06-11 20:10:18,0.0,159.53 M
2019-06-11 20:10:20,52.9,162.80 M
2019-06-11 20:10:22,0.0,162.85 M
2019-06-11 20:10:24,0.0,162.85 M
2019-06-11 20:10:26,23.0,162.92 M
2019-06-11 20:10:28,0.0,162.94 M
2019-06-11 20:10:30,0.0,162.94 M
2019-06-11 20:10:32,25.0,164.76 M
2019-06-11 20:10:34,0.0,164.76 M
2019-06-11 20:10:36,0.0,164.76 M
2019-06-11 20:10:38,18.0,165.34 M
2019-06-11 20:10:40,0.0,165.34 M
2019-06-11 20:10:42,0.0,165.34 M
2019-06-11 20:10:44,18.0,169.90 M
2019-06-11 20:10:46,1.0,169.90 M
2019-06-11 20:10:48,0.0,169.90 M
2019-06-11 20:10:50,0.0,174.71 M
2019-06-11 20:10:52,0.0,174.71 M
2019-06-11 20:10:54,0.0,174.71 M
2019-06-11 20:10:56,5.0,179.36 M
2019-06-11 20:10:58,0.0,179.39 M
2019-06-11 20:11:00,0.0,179.39 M
2019-06-11 20:11:02,5.0,184.40 M
2019-06-11 20:11:04,0.0,184.44 M
2019-06-11 20:11:06,0.0,184.44 M
2019-06-11 20:11:08,5.0,190.11 M
2019-06-11 20:11:10,0.0,190.14 M
2019-06-11 20:11:12,0.0,190.14 M
2019-06-11 20:11:14,9.0,195.26 M
2019-06-11 20:11:16,0.0,195.30 M
2019-06-11 20:11:18,0.0,195.30 M
2019-06-11 20:11:20,5.0,200.82 M
2019-06-11 20:11:22,0.0,200.89 M
2019-06-11 20:11:24,0.0,200.89 M
2019-06-11 20:11:26,0.0,200.92 M
2019-06-11 20:11:28,0.0,206.05 M
2019-06-11 20:11:30,0.0,206.14 M
2019-06-11 20:11:32,0.0,206.14 M
2019-06-11 20:11:34,5.0,214.99 M
2019-06-11 20:11:36,0.0,215.07 M
2019-06-11 20:11:38,0.0,215.07 M
2019-06-11 20:11:40,5.0,215.33 M
2019-06-11 20:11:42,0.0,215.33 M
2019-06-11 20:11:44,0.0,215.33 M
2019-06-11 20:11:46,0.0,215.33 M
2019-06-11 20:11:48,0.0,215.33 M
2019-06-11 20:11:50,0.0,215.33 M
2019-06-11 20:11:52,0.0,215.33 M
2019-06-11 20:11:54,0.0,215.33 M
2019-06-11 20:11:56,0.0,215.43 M
2019-06-11 20:11:58,0.0,215.43 M
2019-06-11 20:12:00,0.0,215.43 M
2019-06-11 20:12:02,0.0,215.43 M
2019-06-11 20:12:04,0.0,215.43 M
2019-06-11 20:12:06,0.0,215.43 M
2019-06-11 20:12:08,0.0,215.48 M
2019-06-11 20:12:10,0.0,215.48 M
2019-06-11 20:12:12,4.0,215.48 M
2019-06-11 20:12:14,0.0,215.43 M
2019-06-11 20:12:16,0.0,215.43 M
2019-06-11 20:12:18,3.0,215.51 M
2019-06-11 20:12:20,0.0,215.51 M
2019-06-11 20:12:22,1.0,215.51 M
2019-06-11 20:12:24,0.0,215.51 M
2019-06-11 20:12:26,0.0,215.51 M
2019-06-11 20:12:28,0.0,215.51 M
2019-06-11 20:12:30,0.0,215.51 M
2019-06-11 20:12:32,0.0,215.51 M
2019-06-11 20:12:34,0.0,215.51 M
2019-06-11 20:12:36,0.0,215.51 M
2019-06-11 20:12:38,0.0,218.29 M
2019-06-11 20:12:40,0.0,218.29 M
2019-06-11 20:12:42,0.0,218.29 M
2019-06-11 20:12:44,4.0,218.78 M
2019-06-11 20:12:46,0.0,218.78 M
2019-06-11 20:12:48,0.0,218.78 M
2019-06-11 20:12:50,9.0,225.95 M
2019-06-11 20:12:52,0.0,226.04 M
2019-06-11 20:12:54,0.0,226.04 M
2019-06-11 20:12:56,0.0,226.04 M
2019-06-11 20:12:58,1.0,229.62 M
2019-06-11 20:13:00,0.0,229.62 M
2019-06-11 20:13:02,0.0,229.62 M
2019-06-11 20:13:04,4.0,230.00 M
2019-06-11 20:13:06,0.0,230.04 M
2019-06-11 20:13:08,0.0,225.84 M
2019-06-11 20:13:10,0.0,225.85 M
2019-06-11 20:13:12,0.0,227.37 M
2019-06-11 20:13:14,0.0,227.37 M
2019-06-11 20:13:16,0.0,227.37 M
2019-06-11 20:13:18,6.0,232.06 M
2019-06-11 20:13:20,0.0,232.06 M
2019-06-11 20:13:22,0.0,232.06 M
2019-06-11 20:13:24,4.0,235.12 M
2019-06-11 20:13:26,0.0,235.12 M
2019-06-11 20:13:28,0.0,235.12 M
2019-06-11 20:13:30,3.0,237.20 M
2019-06-11 20:13:32,0.0,237.20 M
2019-06-11 20:13:34,0.0,237.20 M
2019-06-11 20:13:36,7.0,236.59 M
2019-06-11 20:13:38,0.0,236.70 M
2019-06-11 20:13:40,0.0,236.70 M
2019-06-11 20:13:42,3.0,236.70 M
2019-06-11 20:13:44,0.0,236.70 M
2019-06-11 20:13:46,0.0,236.70 M
2019-06-11 20:13:48,2.0,236.70 M
2019-06-11 20:13:50,0.0,236.70 M
2019-06-11 20:13:52,0.0,236.70 M
2019-06-11 20:13:54,3.0,236.84 M
2019-06-11 20:13:57,0.0,236.80 M
2019-06-11 20:13:59,0.0,236.80 M
2019-06-11 20:14:01,3.0,236.80 M
2019-06-11 20:14:03,0.0,236.80 M
2019-06-11 20:14:05,0.0,236.80 M
2019-06-11 20:14:07,1.0,236.80 M
2019-06-11 20:14:09,0.0,236.80 M
2019-06-11 20:14:11,0.0,236.80 M
2019-06-11 20:14:13,3.0,236.80 M
2019-06-11 20:14:15,0.0,236.80 M
2019-06-11 20:14:17,0.0,236.80 M
2019-06-11 20:14:19,3.0,236.88 M
2019-06-11 20:14:21,0.0,236.88 M
2019-06-11 20:14:23,0.0,236.88 M
2019-06-11 20:14:25,0.0,236.88 M
2019-06-11 20:14:27,0.0,236.88 M
2019-06-11 20:14:29,0.0,236.88 M
2019-06-11 20:14:31,0.0,236.99 M
2019-06-11 20:14:33,0.0,236.99 M
2019-06-11 20:14:35,0.0,236.99 M
2019-06-11 20:14:37,0.0,236.99 M
2019-06-11 20:14:39,0.0,236.99 M
2019-06-11 20:14:41,0.0,236.99 M
2019-06-11 20:14:43,2.0,236.99 M
2019-06-11 20:14:45,0.0,236.99 M
2019-06-11 20:14:47,0.0,236.99 M
2019-06-11 20:14:49,4.0,236.99 M
2019-06-11 20:14:51,0.0,236.99 M
2019-06-11 20:14:53,0.0,236.99 M
2019-06-11 20:14:55,2.0,237.36 M
2019-06-11 20:14:57,1.0,237.36 M
2019-06-11 20:14:59,0.0,237.36 M
2019-06-11 20:15:01,2.0,237.36 M
2019-06-11 20:15:03,0.0,237.36 M
2019-06-11 20:15:05,0.0,237.36 M
2019-06-11 20:15:07,3.0,238.06 M
2019-06-11 20:15:09,1.0,238.06 M
2019-06-11 20:15:11,0.0,238.06 M
2019-06-11 20:15:13,2.0,238.18 M
2019-06-11 20:15:15,135.9,158.52 M
2019-06-11 20:15:17,0.0,158.52 M
2019-06-11 20:15:19,0.0,158.52 M
2019-06-11 20:15:21,0.0,158.52 M
2019-06-11 20:15:23,0.0,161.45 M
2019-06-11 20:15:25,0.0,161.45 M
2019-06-11 20:15:27,0.0,161.45 M
2019-06-11 20:15:29,0.0,161.45 M
2019-06-11 20:15:31,0.0,161.45 M
2019-06-11 20:15:33,0.0,161.45 M
2019-06-11 20:15:35,0.0,161.45 M
2019-06-11 20:15:37,0.0,161.45 M
2019-06-11 20:15:39,0.0,161.45 M
2019-06-11 20:15:41,0.0,161.45 M
2019-06-11 20:15:43,0.0,161.45 M
2019-06-11 20:15:45,0.0,161.45 M
2019-06-11 20:15:47,0.0,161.66 M
2019-06-11 20:15:49,0.0,161.66 M
2019-06-11 20:15:51,1.0,161.66 M
2019-06-11 20:15:53,0.0,161.66 M
2019-06-11 20:15:55,0.0,161.66 M
2019-06-11 20:15:57,2.0,161.80 M
2019-06-11 20:15:59,0.0,161.80 M
2019-06-11 20:16:01,0.0,161.80 M
2019-06-11 20:16:03,1.0,161.80 M
2019-06-11 20:16:05,0.0,161.80 M
2019-06-11 20:16:07,0.0,161.80 M
2019-06-11 20:16:09,0.0,161.89 M
2019-06-11 20:16:11,0.0,161.89 M
2019-06-11 20:16:13,0.0,161.89 M
2019-06-11 20:16:15,0.0,161.89 M
2019-06-11 20:16:17,0.0,161.89 M
2019-06-11 20:16:19,0.0,161.89 M
2019-06-11 20:16:21,0.0,161.89 M
2019-06-11 20:16:23,0.0,161.89 M
2019-06-11 20:16:25,0.0,161.89 M
2019-06-11 20:16:27,0.0,162.01 M
2019-06-11 20:16:29,0.0,162.01 M
2019-06-11 20:16:31,0.0,162.01 M
2019-06-11 20:16:33,0.0,162.01 M
2019-06-11 20:16:35,0.0,162.01 M
2019-06-11 20:16:37,0.0,162.01 M
2019-06-11 20:16:39,0.0,162.01 M
2019-06-11 20:16:41,0.0,162.01 M
2019-06-11 20:16:43,1.0,162.01 M
2019-06-11 20:16:45,1.0,162.01 M
2019-06-11 20:16:47,0.0,162.01 M
2019-06-11 20:16:49,2.0,162.05 M
2019-06-11 20:16:51,0.0,162.05 M
2019-06-11 20:16:53,0.0,162.05 M
2019-06-11 20:16:55,0.0,162.05 M
2019-06-11 20:16:57,0.0,162.05 M
2019-06-11 20:16:59,0.0,162.05 M
2019-06-11 20:17:01,0.0,162.05 M
2019-06-11 20:17:03,0.0,162.05 M
2019-06-11 20:17:05,0.0,162.05 M
2019-06-11 20:17:07,0.0,162.05 M
2019-06-11 20:17:09,0.0,162.05 M
2019-06-11 20:17:11,1.0,162.05 M
2019-06-11 20:17:13,0.0,162.05 M
2019-06-11 20:17:15,0.0,162.05 M
2019-06-11 20:17:17,1.0,162.05 M
2019-06-11 20:17:19,0.0,162.05 M
2019-06-11 20:17:21,0.0,162.05 M
2019-06-11 20:17:23,1.0,162.05 M
2019-06-11 20:17:25,1.0,162.05 M
2019-06-11 20:17:27,0.0,162.05 M
2019-06-11 20:17:29,0.0,162.06 M
2019-06-11 20:17:31,0.0,162.06 M
2019-06-11 20:17:33,0.0,162.06 M
2019-06-11 20:17:35,0.0,162.06 M
2019-06-11 20:17:37,0.0,162.06 M
2019-06-11 20:17:40,1.0,162.06 M
2019-06-11 20:17:42,0.0,162.06 M
2019-06-11 20:17:44,0.0,162.06 M
2019-06-11 20:17:46,0.0,162.06 M
2019-06-11 20:17:48,0.0,162.06 M
2019-06-11 20:17:50,0.0,162.06 M
2019-06-11 20:17:52,0.0,162.06 M
2019-06-11 20:17:54,0.0,162.06 M
2019-06-11 20:17:56,0.0,162.06 M
2019-06-11 20:17:58,0.0,162.06 M
2019-06-11 20:18:00,0.0,162.17 M
2019-06-11 20:18:02,0.0,162.17 M
2019-06-11 20:18:04,4.0,164.95 M
2019-06-11 20:18:06,0.0,164.95 M
2019-06-11 20:18:08,0.0,164.95 M
2019-06-11 20:18:10,0.0,164.95 M
2019-06-11 20:18:12,0.0,164.95 M
2019-06-11 20:18:14,0.0,164.95 M
2019-06-11 20:18:16,1.0,164.95 M
2019-06-11 20:18:18,0.0,164.95 M
2019-06-11 20:18:20,0.0,164.95 M
2019-06-11 20:18:22,0.0,164.95 M
2019-06-11 20:18:24,0.0,164.95 M
2019-06-11 20:18:26,0.0,164.95 M
2019-06-11 20:18:28,0.0,164.95 M
2019-06-11 20:18:30,0.0,164.95 M
2019-06-11 20:18:32,0.0,164.95 M
2019-06-11 20:18:34,0.0,164.95 M
2019-06-11 20:18:36,0.0,164.95 M
2019-06-11 20:18:38,0.0,164.95 M
2019-06-11 20:18:40,0.0,164.95 M
2019-06-11 20:18:42,1.0,164.95 M
2019-06-11 20:18:44,0.0,164.95 M
2019-06-11 20:18:46,1.0,164.95 M
2019-06-11 20:18:48,0.0,164.95 M
2019-06-11 20:18:50,0.0,164.95 M
2019-06-11 20:18:52,1.0,164.95 M
2019-06-11 20:18:54,0.0,164.95 M
2019-06-11 20:18:56,0.0,164.95 M
2019-06-11 20:18:58,1.0,164.95 M
2019-06-11 20:19:00,0.0,164.95 M
2019-06-11 20:19:02,0.0,164.95 M
2019-06-11 20:19:04,1.0,164.95 M
2019-06-11 20:19:06,0.0,164.95 M
2019-06-11 20:19:08,0.0,164.95 M
2019-06-11 20:19:10,0.0,164.95 M
2019-06-11 20:19:12,0.0,164.95 M
2019-06-11 20:19:14,0.0,164.95 M
2019-06-11 20:19:16,0.0,164.95 M
2019-06-11 20:19:18,0.0,164.95 M
2019-06-11 20:19:20,0.0,164.95 M
2019-06-11 20:19:22,0.0,164.95 M
2019-06-11 20:19:24,1.0,164.95 M
2019-06-11 20:19:26,0.0,164.95 M
2019-06-11 20:19:28,0.0,164.95 M
2019-06-11 20:19:30,1.0,164.95 M
2019-06-11 20:19:32,0.0,164.95 M
2019-06-11 20:19:34,0.0,164.95 M
2019-06-11 20:19:36,2.0,164.95 M
2019-06-11 20:19:38,0.0,164.95 M
2019-06-11 20:19:40,0.0,164.95 M
2019-06-11 20:19:42,0.0,164.95 M
2019-06-11 20:19:44,0.0,165.12 M
2019-06-11 20:19:46,1.0,165.12 M
2019-06-11 20:19:48,0.0,165.12 M
2019-06-11 20:19:50,0.0,165.12 M
2019-06-11 20:19:52,0.0,165.12 M
2019-06-11 20:19:54,0.0,165.12 M
2019-06-11 20:19:56,0.0,165.12 M
2019-06-11 20:19:58,0.0,165.12 M
2019-06-11 20:20:00,0.0,165.12 M
2019-06-11 20:20:02,0.0,165.12 M
2019-06-11 20:20:04,0.0,165.12 M
2019-06-11 20:20:06,0.0,165.12 M
2019-06-11 20:20:08,1.0,165.12 M
2019-06-11 20:20:10,0.0,165.12 M
2019-06-11 20:20:12,0.0,165.12 M
2019-06-11 20:20:14,0.0,0.00 B
2019-06-11 20:20:16,143.8,161.86 M
2019-06-11 20:20:18,0.0,161.86 M
2019-06-11 20:20:20,0.0,161.86 M
2019-06-11 20:20:22,154.8,161.67 M
2019-06-11 20:20:24,0.0,161.67 M
2019-06-11 20:20:26,0.0,161.67 M
2019-06-11 20:20:28,51.9,164.96 M
2019-06-11 20:20:30,0.0,165.01 M
2019-06-11 20:20:32,0.0,165.01 M
2019-06-11 20:20:34,2.0,165.05 M
2019-06-11 20:20:36,0.0,166.46 M
2019-06-11 20:20:38,0.0,166.52 M
2019-06-11 20:20:40,0.0,166.52 M
2019-06-11 20:20:42,0.0,166.96 M
2019-06-11 20:20:44,0.0,166.98 M
2019-06-11 20:20:46,0.0,166.98 M
2019-06-11 20:20:48,0.0,169.19 M
2019-06-11 20:20:50,0.0,169.17 M
2019-06-11 20:20:52,0.0,169.17 M
2019-06-11 20:20:54,1.0,175.12 M
2019-06-11 20:20:56,0.0,175.12 M
2019-06-11 20:20:59,0.0,175.12 M
2019-06-11 20:21:01,0.0,181.35 M
2019-06-11 20:21:03,0.0,181.44 M
2019-06-11 20:21:05,0.0,181.44 M
2019-06-11 20:21:07,0.0,188.77 M
2019-06-11 20:21:09,0.0,188.80 M
2019-06-11 20:21:11,0.0,188.80 M
2019-06-11 20:21:13,0.0,196.68 M
2019-06-11 20:21:15,0.0,196.72 M
2019-06-11 20:21:17,0.0,196.72 M
2019-06-11 20:21:19,5.0,203.40 M
2019-06-11 20:21:21,0.0,203.43 M
2019-06-11 20:21:23,0.0,203.43 M
2019-06-11 20:21:25,5.0,212.59 M
2019-06-11 20:21:27,0.0,212.56 M
2019-06-11 20:21:29,0.0,212.56 M
2019-06-11 20:21:31,3.0,213.88 M
2019-06-11 20:21:33,1.0,220.86 M
2019-06-11 20:21:35,0.0,220.86 M
2019-06-11 20:21:37,0.0,220.86 M
2019-06-11 20:21:39,0.0,221.39 M
2019-06-11 20:21:41,0.0,221.48 M
2019-06-11 20:21:43,5.0,221.48 M
2019-06-11 20:21:45,0.0,221.57 M
2019-06-11 20:21:47,0.0,221.57 M
2019-06-11 20:21:49,8.0,221.80 M
2019-06-11 20:21:51,0.0,221.80 M
2019-06-11 20:21:53,0.0,221.80 M
2019-06-11 20:21:55,3.0,221.80 M
2019-06-11 20:21:57,0.0,221.80 M
2019-06-11 20:21:59,0.0,221.80 M
2019-06-11 20:22:01,4.0,221.80 M
2019-06-11 20:22:03,0.0,221.86 M
2019-06-11 20:22:05,0.0,221.86 M
2019-06-11 20:22:07,4.0,221.86 M
2019-06-11 20:22:09,0.0,221.86 M
2019-06-11 20:22:11,0.0,221.86 M
2019-06-11 20:22:13,0.0,221.86 M
2019-06-11 20:22:15,0.0,222.46 M
2019-06-11 20:22:17,0.0,222.48 M
2019-06-11 20:22:19,0.0,222.48 M
2019-06-11 20:22:21,0.0,223.00 M
2019-06-11 20:22:23,0.0,223.15 M
2019-06-11 20:22:25,0.0,223.15 M
2019-06-11 20:22:27,0.0,224.20 M
2019-06-11 20:22:29,0.0,224.25 M
2019-06-11 20:22:31,0.0,224.25 M
2019-06-11 20:22:33,13.0,231.20 M
2019-06-11 20:22:35,0.0,231.20 M
2019-06-11 20:22:37,0.0,231.20 M
2019-06-11 20:22:39,2.0,232.08 M
2019-06-11 20:22:41,0.0,232.08 M
2019-06-11 20:22:43,0.0,225.75 M
2019-06-11 20:22:45,0.0,225.76 M
2019-06-11 20:22:47,0.0,228.04 M
2019-06-11 20:22:49,0.0,228.10 M
2019-06-11 20:22:51,0.0,228.10 M
2019-06-11 20:22:53,0.0,230.14 M
2019-06-11 20:22:55,0.0,230.14 M
2019-06-11 20:22:57,0.0,230.14 M
2019-06-11 20:22:59,0.0,232.78 M
2019-06-11 20:23:01,0.0,232.78 M
2019-06-11 20:23:03,0.0,232.78 M
2019-06-11 20:23:05,5.0,232.01 M
2019-06-11 20:23:07,0.0,232.06 M
2019-06-11 20:23:09,0.0,232.06 M
2019-06-11 20:23:11,1.0,232.06 M
2019-06-11 20:23:13,0.0,232.06 M
2019-06-11 20:23:15,0.0,232.06 M
2019-06-11 20:23:17,0.0,232.06 M
2019-06-11 20:23:19,0.0,232.06 M
2019-06-11 20:23:21,0.0,232.06 M
2019-06-11 20:23:23,0.0,232.06 M
2019-06-11 20:23:25,3.0,234.52 M
2019-06-11 20:23:27,0.0,234.52 M
2019-06-11 20:23:29,0.0,234.52 M
2019-06-11 20:23:32,149.8,158.95 M
2019-06-11 20:23:34,0.0,158.95 M
2019-06-11 20:23:36,0.0,158.95 M
2019-06-11 20:23:38,38.0,161.40 M
2019-06-11 20:23:40,0.0,161.45 M
2019-06-11 20:23:42,0.0,161.45 M
2019-06-11 20:23:44,0.0,161.48 M
2019-06-11 20:23:46,0.0,161.88 M
2019-06-11 20:23:48,0.0,161.91 M
2019-06-11 20:23:50,0.0,161.91 M
2019-06-11 20:23:52,0.0,162.18 M
2019-06-11 20:23:54,0.0,162.20 M
2019-06-11 20:23:56,0.0,162.20 M
2019-06-11 20:23:58,0.0,162.21 M
2019-06-11 20:24:00,0.0,162.21 M
2019-06-11 20:24:02,0.0,162.21 M
2019-06-11 20:24:04,17.0,162.49 M
2019-06-11 20:24:06,0.0,162.49 M
2019-06-11 20:24:08,0.0,162.49 M
2019-06-11 20:24:10,14.0,165.14 M
2019-06-11 20:24:12,0.0,165.14 M
2019-06-11 20:24:14,0.0,165.14 M
2019-06-11 20:24:16,7.0,167.83 M
2019-06-11 20:24:18,0.0,167.93 M
2019-06-11 20:24:20,0.0,167.93 M
2019-06-11 20:24:22,6.0,170.63 M
2019-06-11 20:24:24,0.0,170.63 M
2019-06-11 20:24:26,0.0,170.63 M
2019-06-11 20:24:28,6.0,174.29 M
2019-06-11 20:24:30,0.0,174.39 M
2019-06-11 20:24:32,0.0,174.39 M
2019-06-11 20:24:34,9.0,178.02 M
2019-06-11 20:24:37,0.0,178.10 M
2019-06-11 20:24:39,0.0,178.10 M
2019-06-11 20:24:41,4.0,182.21 M
2019-06-11 20:24:43,0.0,182.24 M
2019-06-11 20:24:45,0.0,182.24 M
2019-06-11 20:24:47,0.0,186.10 M
2019-06-11 20:24:49,0.0,186.05 M
2019-06-11 20:24:51,0.0,186.05 M
2019-06-11 20:24:53,3.0,189.67 M
2019-06-11 20:24:55,0.0,189.70 M
2019-06-11 20:24:57,0.0,189.70 M
2019-06-11 20:25:00,151.8,163.51 M
2019-06-11 20:25:02,0.0,163.51 M
2019-06-11 20:25:04,0.0,163.51 M
2019-06-11 20:25:06,71.9,169.24 M
2019-06-11 20:25:08,1.0,169.26 M
2019-06-11 20:25:10,0.0,169.26 M
2019-06-11 20:25:12,0.0,169.96 M
2019-06-11 20:25:14,0.0,169.98 M
2019-06-11 20:25:16,0.0,169.98 M
2019-06-11 20:25:18,0.0,173.66 M
2019-06-11 20:25:20,0.0,173.66 M
2019-06-11 20:25:22,2.0,174.36 M
2019-06-11 20:25:24,0.0,181.07 M
2019-06-11 20:25:26,0.0,181.25 M
2019-06-11 20:25:28,12.0,189.02 M
2019-06-11 20:25:30,0.0,189.14 M
2019-06-11 20:25:32,0.0,189.14 M
2019-06-11 20:25:34,3.0,198.47 M
2019-06-11 20:25:36,0.0,198.65 M
2019-06-11 20:25:38,0.0,198.65 M
2019-06-11 20:25:40,9.0,208.43 M
2019-06-11 20:25:42,0.0,208.55 M
2019-06-11 20:25:44,0.0,208.55 M
2019-06-11 20:25:46,6.0,218.12 M
2019-06-11 20:25:48,0.0,218.15 M
2019-06-11 20:25:50,0.0,218.15 M
2019-06-11 20:25:52,9.0,230.38 M
2019-06-11 20:25:54,0.0,230.35 M
2019-06-11 20:25:56,0.0,230.35 M
2019-06-11 20:25:58,4.0,230.60 M
2019-06-11 20:26:00,0.0,230.60 M
2019-06-11 20:26:02,0.0,230.60 M
2019-06-11 20:26:04,13.0,230.64 M
2019-06-11 20:26:06,0.0,230.67 M
2019-06-11 20:26:08,0.0,230.67 M
2019-06-11 20:26:10,8.0,230.67 M
2019-06-11 20:26:12,0.0,230.67 M
2019-06-11 20:26:14,0.0,230.67 M
2019-06-11 20:26:16,0.0,230.67 M
2019-06-11 20:26:18,0.0,230.67 M
2019-06-11 20:26:20,0.0,230.67 M
2019-06-11 20:26:22,1.0,230.93 M
2019-06-11 20:26:24,0.0,231.02 M
2019-06-11 20:26:26,1.0,231.02 M
2019-06-11 20:26:28,0.0,231.02 M
2019-06-11 20:26:30,0.0,231.02 M
2019-06-11 20:26:32,5.0,231.65 M
2019-06-11 20:26:34,0.0,231.74 M
2019-06-11 20:26:36,0.0,231.74 M
2019-06-11 20:26:38,5.0,233.25 M
2019-06-11 20:26:40,0.0,233.44 M
2019-06-11 20:26:42,0.0,233.44 M
2019-06-11 20:26:44,4.0,235.21 M
2019-06-11 20:26:46,0.0,235.25 M
2019-06-11 20:26:48,0.0,235.25 M
2019-06-11 20:26:50,2.0,235.75 M
2019-06-11 20:26:52,0.0,235.87 M
2019-06-11 20:26:54,0.0,235.87 M
2019-06-11 20:26:56,1.0,238.16 M
2019-06-11 20:26:58,0.0,238.16 M
2019-06-11 20:27:00,0.0,238.16 M
2019-06-11 20:27:02,1.0,244.56 M
2019-06-11 20:27:04,0.0,244.56 M
2019-06-11 20:27:06,0.0,244.56 M
2019-06-11 20:27:08,0.0,245.05 M
2019-06-11 20:27:10,0.0,240.91 M
2019-06-11 20:27:12,0.0,240.91 M
2019-06-11 20:27:14,0.0,241.12 M
2019-06-11 20:27:16,0.0,241.13 M
2019-06-11 20:27:18,1.0,241.13 M
2019-06-11 20:27:20,0.0,241.13 M
2019-06-11 20:27:22,0.0,241.13 M
2019-06-11 20:27:24,1.0,241.13 M
2019-06-11 20:27:26,0.0,241.13 M
2019-06-11 20:27:28,0.0,241.13 M
2019-06-11 20:27:30,0.0,241.13 M
2019-06-11 20:27:32,0.0,241.13 M
2019-06-11 20:27:34,0.0,241.12 M
2019-06-11 20:27:36,4.0,241.22 M
2019-06-11 20:27:38,0.0,241.22 M
2019-06-11 20:27:40,0.0,241.22 M
2019-06-11 20:27:42,2.0,241.22 M
2019-06-11 20:27:44,1.0,241.22 M
2019-06-11 20:27:46,1.0,241.22 M
2019-06-11 20:27:48,1.0,243.52 M
2019-06-11 20:27:50,0.0,243.62 M
2019-06-11 20:27:52,0.0,243.62 M
2019-06-11 20:27:54,3.0,243.85 M
2019-06-11 20:27:56,0.0,243.85 M
2019-06-11 20:27:58,0.0,243.85 M
2019-06-11 20:28:00,0.0,243.85 M
2019-06-11 20:28:02,0.0,243.85 M
2019-06-11 20:28:04,0.0,243.85 M
2019-06-11 20:28:06,0.0,243.99 M
2019-06-11 20:28:08,0.0,243.99 M
2019-06-11 20:28:10,0.0,243.99 M
2019-06-11 20:28:12,0.0,243.99 M
2019-06-11 20:28:14,0.0,243.99 M
2019-06-11 20:28:17,0.0,243.99 M
2019-06-11 20:28:19,0.0,243.99 M
2019-06-11 20:28:21,0.0,244.24 M
2019-06-11 20:28:23,0.0,244.20 M
2019-06-11 20:28:25,0.0,244.20 M
2019-06-11 20:28:27,1.0,245.98 M
2019-06-11 20:28:29,0.0,245.98 M
2019-06-11 20:28:31,0.0,245.98 M
2019-06-11 20:28:33,0.0,245.98 M
2019-06-11 20:28:35,1.0,245.98 M
2019-06-11 20:28:37,0.0,245.98 M
2019-06-11 20:28:39,0.0,246.06 M
2019-06-11 20:28:41,0.0,246.06 M
2019-06-11 20:28:43,0.0,246.06 M
2019-06-11 20:28:45,0.0,250.20 M
2019-06-11 20:28:47,0.0,250.20 M
2019-06-11 20:28:49,0.0,250.20 M
2019-06-11 20:28:51,0.0,246.69 M
2019-06-11 20:28:53,0.0,246.70 M
2019-06-11 20:28:55,0.0,246.70 M
2019-06-11 20:28:57,0.0,246.70 M
2019-06-11 20:28:59,0.0,246.70 M
2019-06-11 20:29:01,5.0,246.70 M
2019-06-11 20:29:03,0.0,246.70 M
2019-06-11 20:29:05,0.0,246.70 M
2019-06-11 20:29:07,0.0,246.70 M
2019-06-11 20:29:09,0.0,246.70 M
2019-06-11 20:29:11,0.0,246.70 M
2019-06-11 20:29:13,0.0,246.70 M
2019-06-11 20:29:15,0.0,246.70 M
2019-06-11 20:29:17,0.0,246.70 M
2019-06-11 20:29:19,0.0,246.70 M
2019-06-11 20:29:21,0.0,246.70 M
2019-06-11 20:29:23,0.0,246.70 M
2019-06-11 20:29:25,0.0,246.70 M
2019-06-11 20:29:27,0.0,246.70 M
2019-06-11 20:29:29,0.0,246.70 M
2019-06-11 20:29:31,0.0,246.70 M
2019-06-11 20:29:33,4.0,246.70 M
2019-06-11 20:29:35,0.0,246.70 M
2019-06-11 20:29:37,0.0,246.70 M
2019-06-11 20:29:39,0.0,247.30 M
2019-06-11 20:29:41,0.0,247.30 M
2019-06-11 20:29:43,0.0,247.30 M
2019-06-11 20:29:45,3.0,247.30 M
2019-06-11 20:29:47,0.0,247.30 M
2019-06-11 20:29:49,0.0,247.30 M
2019-06-11 20:29:51,2.0,247.30 M
2019-06-11 20:29:53,0.0,247.30 M
2019-06-11 20:29:55,0.0,247.30 M
2019-06-11 20:29:57,6.0,247.30 M
2019-06-11 20:29:59,1.0,0.00 B
2019-06-11 20:30:01,148.8,161.39 M
2019-06-11 20:30:03,0.0,161.39 M
2019-06-11 20:30:05,0.0,161.39 M
2019-06-11 20:30:07,82.9,166.63 M
2019-06-11 20:30:09,0.0,166.68 M
2019-06-11 20:30:11,0.0,166.68 M
2019-06-11 20:30:13,25.0,167.59 M
2019-06-11 20:30:15,0.0,167.64 M
2019-06-11 20:30:17,0.0,167.64 M
2019-06-11 20:30:19,22.0,172.82 M
2019-06-11 20:30:21,0.0,172.84 M
2019-06-11 20:30:23,0.0,172.84 M
2019-06-11 20:30:25,20.0,186.89 M
2019-06-11 20:30:27,0.0,186.90 M
2019-06-11 20:30:29,0.0,186.90 M
2019-06-11 20:30:31,7.0,199.34 M
2019-06-11 20:30:33,0.0,199.34 M
2019-06-11 20:30:35,0.0,199.34 M
2019-06-11 20:30:37,6.0,213.34 M
2019-06-11 20:30:39,0.0,213.41 M
2019-06-11 20:30:41,0.0,213.41 M
2019-06-11 20:30:43,10.0,229.83 M
2019-06-11 20:30:45,0.0,229.89 M
2019-06-11 20:30:47,0.0,229.89 M
2019-06-11 20:30:49,9.0,231.50 M
2019-06-11 20:30:51,0.0,231.59 M
2019-06-11 20:30:53,0.0,231.59 M
2019-06-11 20:30:55,9.0,231.64 M
2019-06-11 20:30:57,0.0,231.64 M
2019-06-11 20:30:59,0.0,231.64 M
2019-06-11 20:31:01,0.0,231.64 M
2019-06-11 20:31:03,0.0,231.70 M
2019-06-11 20:31:05,0.0,231.70 M
2019-06-11 20:31:07,0.0,231.70 M
2019-06-11 20:31:09,0.0,231.70 M
2019-06-11 20:31:11,5.0,231.70 M
2019-06-11 20:31:13,0.0,231.70 M
2019-06-11 20:31:15,0.0,231.70 M
2019-06-11 20:31:17,13.0,239.06 M
2019-06-11 20:31:19,0.0,239.23 M
2019-06-11 20:31:21,0.0,239.23 M
2019-06-11 20:31:23,7.0,239.97 M
2019-06-11 20:31:25,0.0,239.97 M
2019-06-11 20:31:27,0.0,239.97 M
2019-06-11 20:31:29,0.0,241.75 M
2019-06-11 20:31:31,0.0,237.72 M
2019-06-11 20:31:33,0.0,237.72 M
2019-06-11 20:31:35,0.0,238.26 M
2019-06-11 20:31:37,0.0,238.26 M
2019-06-11 20:31:39,0.0,238.26 M
2019-06-11 20:31:41,0.0,238.26 M
2019-06-11 20:31:43,0.0,238.26 M
2019-06-11 20:31:45,0.0,238.26 M
2019-06-11 20:31:47,3.0,238.27 M
2019-06-11 20:31:49,0.0,238.23 M
2019-06-11 20:31:51,0.0,238.23 M
2019-06-11 20:31:53,0.0,238.36 M
2019-06-11 20:31:56,0.0,238.36 M
2019-06-11 20:31:58,0.0,238.36 M
2019-06-11 20:32:00,0.0,238.36 M
2019-06-11 20:32:02,0.0,238.36 M
2019-06-11 20:32:04,5.0,238.36 M
2019-06-11 20:32:06,0.0,238.36 M
2019-06-11 20:32:08,0.0,238.36 M
2019-06-11 20:32:10,5.0,238.36 M
2019-06-11 20:32:12,0.0,238.36 M
2019-06-11 20:32:14,0.0,238.36 M
2019-06-11 20:32:16,0.0,238.36 M
2019-06-11 20:32:18,0.0,238.36 M
2019-06-11 20:32:20,10.0,245.15 M
2019-06-11 20:32:22,0.0,245.15 M
2019-06-11 20:32:24,0.0,245.15 M
2019-06-11 20:32:26,0.0,245.15 M
2019-06-11 20:32:28,0.0,245.15 M
2019-06-11 20:32:30,9.0,246.70 M
2019-06-11 20:32:32,0.0,246.70 M
2019-06-11 20:32:34,0.0,246.70 M
2019-06-11 20:32:36,4.0,246.70 M
2019-06-11 20:32:38,0.0,246.70 M
2019-06-11 20:32:40,0.0,246.70 M
2019-06-11 20:32:42,0.0,246.70 M
2019-06-11 20:32:44,0.0,246.70 M
2019-06-11 20:32:46,7.0,248.80 M
2019-06-11 20:32:48,0.0,248.80 M
2019-06-11 20:32:50,0.0,248.80 M
2019-06-11 20:32:52,3.0,248.80 M
2019-06-11 20:32:54,0.0,248.80 M
2019-06-11 20:32:56,0.0,248.80 M
2019-06-11 20:32:58,0.0,248.87 M
2019-06-11 20:33:00,0.0,248.87 M
2019-06-11 20:33:02,3.0,248.87 M
2019-06-11 20:33:04,0.0,248.88 M
2019-06-11 20:33:06,0.0,248.88 M
2019-06-11 20:33:08,6.0,248.49 M
2019-06-11 20:33:10,0.0,248.49 M
2019-06-11 20:33:12,0.0,248.49 M
2019-06-11 20:33:14,0.0,248.49 M
2019-06-11 20:33:16,0.0,248.49 M
2019-06-11 20:33:18,1.0,248.49 M
2019-06-11 20:33:20,0.0,248.49 M
2019-06-11 20:33:22,0.0,248.49 M
2019-06-11 20:33:24,5.0,248.49 M
2019-06-11 20:33:26,0.0,248.49 M
2019-06-11 20:33:28,0.0,248.49 M
2019-06-11 20:33:30,5.0,248.49 M
2019-06-11 20:33:32,0.0,248.49 M
2019-06-11 20:33:34,0.0,248.49 M
2019-06-11 20:33:36,4.0,248.49 M
2019-06-11 20:33:38,0.0,248.50 M
2019-06-11 20:33:40,0.0,248.50 M
2019-06-11 20:33:42,0.0,248.50 M
2019-06-11 20:33:44,0.0,248.50 M
2019-06-11 20:33:46,0.0,248.50 M
2019-06-11 20:33:48,1.0,248.50 M
2019-06-11 20:33:50,0.0,248.50 M
2019-06-11 20:33:52,0.0,248.50 M
2019-06-11 20:33:54,0.0,250.88 M
2019-06-11 20:33:56,0.0,250.88 M
2019-06-11 20:33:58,0.0,250.88 M
2019-06-11 20:34:00,0.0,250.88 M
2019-06-11 20:34:02,0.0,250.88 M
2019-06-11 20:34:04,7.0,250.88 M
2019-06-11 20:34:06,0.0,250.88 M
2019-06-11 20:34:08,0.0,250.88 M
2019-06-11 20:34:10,0.0,250.88 M
2019-06-11 20:34:12,0.0,250.88 M
2019-06-11 20:34:14,3.0,251.04 M
2019-06-11 20:34:16,0.0,251.04 M
2019-06-11 20:34:18,0.0,251.04 M
2019-06-11 20:34:20,3.0,251.04 M
2019-06-11 20:34:22,0.0,251.04 M
2019-06-11 20:34:24,0.0,251.04 M
2019-06-11 20:34:26,0.0,251.04 M
2019-06-11 20:34:28,0.0,251.04 M
2019-06-11 20:34:30,6.0,251.04 M
2019-06-11 20:34:32,0.0,251.04 M
2019-06-11 20:34:34,0.0,251.04 M
2019-06-11 20:34:36,4.0,251.04 M
2019-06-11 20:34:38,0.0,251.04 M
2019-06-11 20:34:40,0.0,251.04 M
2019-06-11 20:34:42,0.0,250.21 M
2019-06-11 20:34:44,0.0,250.21 M
2019-06-11 20:34:46,4.0,250.21 M
2019-06-11 20:34:48,0.0,250.21 M
2019-06-11 20:34:50,0.0,250.21 M
2019-06-11 20:34:52,5.0,250.21 M
2019-06-11 20:34:54,0.0,250.21 M
2019-06-11 20:34:56,0.0,250.21 M
2019-06-11 20:34:58,0.0,250.21 M
2019-06-11 20:35:00,0.0,250.32 M
2019-06-11 20:35:02,144.8,160.66 M
2019-06-11 20:35:04,0.0,160.66 M
2019-06-11 20:35:06,0.0,160.66 M
2019-06-11 20:35:08,52.9,164.46 M
2019-06-11 20:35:10,0.0,164.51 M
2019-06-11 20:35:12,0.0,164.51 M
2019-06-11 20:35:14,16.0,164.89 M
2019-06-11 20:35:16,0.0,170.52 M
2019-06-11 20:35:18,0.0,170.52 M
2019-06-11 20:35:20,15.0,170.57 M
2019-06-11 20:35:22,0.0,170.59 M
2019-06-11 20:35:24,0.0,170.59 M
2019-06-11 20:35:26,12.0,171.94 M
2019-06-11 20:35:28,0.0,171.96 M
2019-06-11 20:35:30,0.0,171.96 M
2019-06-11 20:35:32,19.0,180.38 M
2019-06-11 20:35:34,0.0,180.51 M
2019-06-11 20:35:36,1.0,180.51 M
2019-06-11 20:35:39,144.8,159.31 M
2019-06-11 20:35:41,0.0,159.31 M
2019-06-11 20:35:43,0.0,159.31 M
2019-06-11 20:35:45,25.0,161.39 M
2019-06-11 20:35:47,0.0,161.43 M
2019-06-11 20:35:49,0.0,161.43 M
2019-06-11 20:35:51,0.0,162.24 M
2019-06-11 20:35:53,0.0,162.29 M
2019-06-11 20:35:55,0.0,162.29 M
2019-06-11 20:35:57,0.0,162.70 M
2019-06-11 20:35:59,0.0,162.70 M
2019-06-11 20:36:01,0.0,162.70 M
2019-06-11 20:36:03,0.0,162.96 M
2019-06-11 20:36:05,0.0,162.96 M
2019-06-11 20:36:07,0.0,162.96 M
2019-06-11 20:36:09,0.0,162.98 M
2019-06-11 20:36:11,0.0,162.98 M
2019-06-11 20:36:13,7.0,163.10 M
2019-06-11 20:36:15,1.0,163.13 M
2019-06-11 20:36:17,0.0,163.13 M
2019-06-11 20:36:19,8.0,163.17 M
2019-06-11 20:36:21,0.0,163.17 M
2019-06-11 20:36:23,0.0,163.17 M
2019-06-11 20:36:25,7.0,163.22 M
2019-06-11 20:36:27,0.0,163.22 M
2019-06-11 20:36:29,0.0,163.22 M
2019-06-11 20:36:31,0.0,163.22 M
2019-06-11 20:36:33,0.0,163.22 M
2019-06-11 20:36:35,0.0,163.22 M
2019-06-11 20:36:37,0.0,163.29 M
2019-06-11 20:36:39,0.0,163.33 M
2019-06-11 20:36:41,0.0,163.33 M
2019-06-11 20:36:43,0.0,163.71 M
2019-06-11 20:36:45,0.0,163.71 M
2019-06-11 20:36:47,0.0,163.71 M
2019-06-11 20:36:49,0.0,164.19 M
2019-06-11 20:36:51,0.0,164.22 M
2019-06-11 20:36:53,3.0,165.75 M
2019-06-11 20:36:55,0.0,165.79 M
2019-06-11 20:36:57,0.0,165.79 M
2019-06-11 20:36:59,2.0,166.79 M
2019-06-11 20:37:01,0.0,166.82 M
2019-06-11 20:37:03,0.0,166.82 M
2019-06-11 20:37:05,0.0,168.09 M
2019-06-11 20:37:07,0.0,168.09 M
2019-06-11 20:37:09,0.0,168.09 M
2019-06-11 20:37:11,0.0,169.90 M
2019-06-11 20:37:13,0.0,169.90 M
2019-06-11 20:37:15,0.0,169.90 M
2019-06-11 20:37:17,3.0,171.64 M
2019-06-11 20:37:19,0.0,171.68 M
2019-06-11 20:37:21,0.0,171.68 M
2019-06-11 20:37:23,3.0,173.00 M
2019-06-11 20:37:25,0.0,173.05 M
2019-06-11 20:37:27,0.0,173.05 M
2019-06-11 20:37:29,5.0,174.70 M
2019-06-11 20:37:31,0.0,174.73 M
2019-06-11 20:37:33,0.0,174.73 M
2019-06-11 20:37:35,5.0,176.67 M
2019-06-11 20:37:37,0.0,176.78 M
2019-06-11 20:37:39,0.0,176.78 M
2019-06-11 20:37:41,0.0,176.88 M
2019-06-11 20:37:43,0.0,178.41 M
2019-06-11 20:37:45,0.0,178.53 M
2019-06-11 20:37:47,0.0,178.53 M
2019-06-11 20:37:49,0.0,179.48 M
2019-06-11 20:37:51,0.0,179.52 M
2019-06-11 20:37:53,0.0,179.52 M
2019-06-11 20:37:55,0.0,180.58 M
2019-06-11 20:37:57,0.0,180.62 M
2019-06-11 20:37:59,1.0,181.73 M
2019-06-11 20:38:01,0.0,181.77 M
2019-06-11 20:38:03,0.0,181.77 M
2019-06-11 20:38:05,0.0,181.81 M
2019-06-11 20:38:07,0.0,183.84 M
2019-06-11 20:38:09,0.0,183.87 M
2019-06-11 20:38:11,0.0,183.87 M
2019-06-11 20:38:13,0.0,185.42 M
2019-06-11 20:38:15,0.0,185.43 M
2019-06-11 20:38:17,0.0,185.43 M
2019-06-11 20:38:19,0.0,187.74 M
2019-06-11 20:38:21,0.0,187.77 M
2019-06-11 20:38:23,4.0,188.78 M
2019-06-11 20:38:25,0.0,188.82 M
2019-06-11 20:38:27,0.0,188.82 M
2019-06-11 20:38:29,7.0,195.84 M
2019-06-11 20:38:31,0.0,195.84 M
2019-06-11 20:38:33,0.0,195.84 M
2019-06-11 20:38:35,1.0,195.84 M
2019-06-11 20:38:37,0.0,195.84 M
2019-06-11 20:38:39,0.0,195.84 M
2019-06-11 20:38:41,1.0,195.92 M
2019-06-11 20:38:43,0.0,195.92 M
2019-06-11 20:38:45,0.0,195.92 M
2019-06-11 20:38:47,0.0,196.10 M
2019-06-11 20:38:49,0.0,196.10 M
2019-06-11 20:38:51,0.0,196.10 M
2019-06-11 20:38:53,1.0,196.10 M
2019-06-11 20:38:55,0.0,196.10 M
2019-06-11 20:38:57,0.0,196.10 M
2019-06-11 20:38:59,0.0,196.10 M
2019-06-11 20:39:01,0.0,197.64 M
2019-06-11 20:39:03,0.0,197.64 M
2019-06-11 20:39:05,0.0,197.64 M
2019-06-11 20:39:07,0.0,197.64 M
2019-06-11 20:39:09,0.0,197.64 M
2019-06-11 20:39:11,0.0,197.64 M
2019-06-11 20:39:13,0.0,197.64 M
2019-06-11 20:39:15,0.0,197.64 M
2019-06-11 20:39:17,0.0,197.64 M
2019-06-11 20:39:19,0.0,197.64 M
2019-06-11 20:39:21,0.0,197.64 M
2019-06-11 20:39:24,0.0,197.64 M
2019-06-11 20:39:26,150.8,162.03 M
2019-06-11 20:39:28,1.0,162.03 M
2019-06-11 20:39:30,0.0,162.03 M
2019-06-11 20:39:32,59.0,165.62 M
2019-06-11 20:39:34,0.0,165.64 M
2019-06-11 20:39:36,0.0,165.64 M
2019-06-11 20:39:38,32.0,166.27 M
2019-06-11 20:39:40,0.0,166.32 M
2019-06-11 20:39:42,0.0,166.32 M
2019-06-11 20:39:44,2.0,166.78 M
2019-06-11 20:39:46,0.0,166.78 M
2019-06-11 20:39:48,0.0,166.78 M
2019-06-11 20:39:50,0.0,173.52 M
2019-06-11 20:39:52,0.0,173.57 M
2019-06-11 20:39:54,21.0,182.16 M
2019-06-11 20:39:56,1.0,182.11 M
2019-06-11 20:39:58,0.0,182.11 M
2019-06-11 20:40:00,9.0,189.04 M
2019-06-11 20:40:02,0.0,189.14 M
2019-06-11 20:40:04,0.0,189.14 M
2019-06-11 20:40:06,6.0,196.08 M
2019-06-11 20:40:08,0.0,196.11 M
2019-06-11 20:40:10,0.0,196.11 M
2019-06-11 20:40:12,4.0,203.64 M
2019-06-11 20:40:14,0.0,203.68 M
2019-06-11 20:40:16,0.0,203.68 M
2019-06-11 20:40:18,5.0,212.07 M
2019-06-11 20:40:20,0.0,212.04 M
2019-06-11 20:40:22,0.0,212.04 M
2019-06-11 20:40:24,8.0,223.62 M
2019-06-11 20:40:26,0.0,223.66 M
2019-06-11 20:40:28,0.0,223.66 M
2019-06-11 20:40:30,0.0,224.68 M
2019-06-11 20:40:32,0.0,224.83 M
2019-06-11 20:40:34,0.0,224.83 M
2019-06-11 20:40:36,0.0,224.83 M
2019-06-11 20:40:38,0.0,224.89 M
2019-06-11 20:40:40,10.0,224.89 M
2019-06-11 20:40:42,0.0,224.89 M
2019-06-11 20:40:44,0.0,224.89 M
2019-06-11 20:40:46,0.0,224.89 M
2019-06-11 20:40:48,0.0,224.88 M
2019-06-11 20:40:50,1.0,224.88 M
2019-06-11 20:40:52,0.0,225.13 M
2019-06-11 20:40:54,0.0,225.13 M
2019-06-11 20:40:56,4.0,225.13 M
2019-06-11 20:40:58,0.0,225.13 M
2019-06-11 20:41:00,0.0,225.13 M
2019-06-11 20:41:02,3.0,225.13 M
2019-06-11 20:41:04,0.0,225.15 M
2019-06-11 20:41:06,0.0,225.15 M
2019-06-11 20:41:08,5.0,225.41 M
2019-06-11 20:41:10,0.0,225.42 M
2019-06-11 20:41:12,0.0,225.42 M
2019-06-11 20:41:14,9.0,225.49 M
2019-06-11 20:41:16,0.0,225.49 M
2019-06-11 20:41:18,0.0,225.49 M
2019-06-11 20:41:20,2.0,227.26 M
2019-06-11 20:41:22,0.0,227.32 M
2019-06-11 20:41:24,0.0,227.32 M
2019-06-11 20:41:26,0.0,228.07 M
2019-06-11 20:41:28,0.0,228.07 M
2019-06-11 20:41:30,0.0,228.07 M
2019-06-11 20:41:32,0.0,234.81 M
2019-06-11 20:41:34,0.0,234.96 M
2019-06-11 20:41:36,1.0,234.96 M
2019-06-11 20:41:38,0.0,235.21 M
2019-06-11 20:41:40,0.0,235.25 M
2019-06-11 20:41:42,4.0,237.25 M
2019-06-11 20:41:44,0.0,237.32 M
2019-06-11 20:41:46,0.0,237.32 M
2019-06-11 20:41:48,3.0,238.82 M
2019-06-11 20:41:50,0.0,234.70 M
2019-06-11 20:41:52,0.0,234.70 M
2019-06-11 20:41:54,5.0,235.18 M
2019-06-11 20:41:56,0.0,235.18 M
2019-06-11 20:41:58,0.0,235.18 M
2019-06-11 20:42:00,0.0,235.18 M
2019-06-11 20:42:02,0.0,235.29 M
2019-06-11 20:42:04,4.0,235.29 M
2019-06-11 20:42:06,0.0,235.29 M
2019-06-11 20:42:08,0.0,235.29 M
2019-06-11 20:42:10,4.0,238.05 M
2019-06-11 20:42:12,0.0,238.05 M
2019-06-11 20:42:14,0.0,238.05 M
2019-06-11 20:42:16,0.0,238.05 M
2019-06-11 20:42:18,0.0,238.12 M
2019-06-11 20:42:20,4.0,238.12 M
2019-06-11 20:42:22,0.0,238.12 M
2019-06-11 20:42:24,0.0,238.12 M
2019-06-11 20:42:26,0.0,238.12 M
2019-06-11 20:42:28,0.0,238.13 M
2019-06-11 20:42:30,2.0,238.13 M
2019-06-11 20:42:32,0.0,238.30 M
2019-06-11 20:42:34,0.0,238.30 M
2019-06-11 20:42:36,2.0,238.30 M
2019-06-11 20:42:38,0.0,238.30 M
2019-06-11 20:42:40,1.0,238.30 M
2019-06-11 20:42:42,0.0,238.30 M
2019-06-11 20:42:44,1.0,238.30 M
2019-06-11 20:42:46,0.0,238.30 M
2019-06-11 20:42:48,0.0,238.30 M
2019-06-11 20:42:50,1.0,238.38 M
2019-06-11 20:42:52,2.0,238.38 M
2019-06-11 20:42:54,0.0,238.38 M
2019-06-11 20:42:56,0.0,238.38 M
2019-06-11 20:42:59,4.0,238.38 M
2019-06-11 20:43:01,0.0,238.54 M
2019-06-11 20:43:03,0.0,238.54 M
2019-06-11 20:43:05,0.0,238.77 M
2019-06-11 20:43:07,0.0,238.81 M
2019-06-11 20:43:09,4.0,239.05 M
2019-06-11 20:43:11,0.0,239.16 M
2019-06-11 20:43:13,0.0,239.16 M
2019-06-11 20:43:15,3.0,239.16 M
2019-06-11 20:43:17,0.0,239.16 M
2019-06-11 20:43:19,0.0,239.16 M
2019-06-11 20:43:21,0.0,242.22 M
2019-06-11 20:43:23,0.0,242.25 M
2019-06-11 20:43:25,1.0,242.25 M
2019-06-11 20:43:27,0.0,242.25 M
2019-06-11 20:43:29,0.0,242.25 M
2019-06-11 20:43:31,6.0,243.27 M
2019-06-11 20:43:33,0.0,244.30 M
2019-06-11 20:43:35,0.0,244.30 M
2019-06-11 20:43:37,3.0,244.30 M
2019-06-11 20:43:39,0.0,244.30 M
2019-06-11 20:43:41,0.0,244.30 M
2019-06-11 20:43:43,3.0,244.30 M
2019-06-11 20:43:45,0.0,244.30 M
2019-06-11 20:43:47,0.0,244.30 M
2019-06-11 20:43:49,2.0,244.38 M
2019-06-11 20:43:51,0.0,244.38 M
2019-06-11 20:43:53,0.0,244.38 M
2019-06-11 20:43:55,0.0,244.64 M
2019-06-11 20:43:57,0.0,244.66 M
2019-06-11 20:43:59,0.0,244.66 M
2019-06-11 20:44:01,0.0,244.66 M
2019-06-11 20:44:03,0.0,244.66 M
2019-06-11 20:44:05,0.0,244.66 M
2019-06-11 20:44:07,0.0,244.66 M
2019-06-11 20:44:09,0.0,244.66 M
2019-06-11 20:44:11,6.0,244.66 M
2019-06-11 20:44:13,0.0,244.66 M
2019-06-11 20:44:15,0.0,244.66 M
2019-06-11 20:44:17,4.0,244.66 M
2019-06-11 20:44:19,0.0,244.66 M
2019-06-11 20:44:21,0.0,244.66 M
2019-06-11 20:44:23,0.0,244.66 M
2019-06-11 20:44:25,1.0,0.00 B
2019-06-11 20:44:27,150.8,160.74 M
2019-06-11 20:44:29,0.0,160.74 M
2019-06-11 20:44:31,0.0,160.74 M
2019-06-11 20:44:33,0.0,160.74 M
2019-06-11 20:44:35,0.0,162.21 M
2019-06-11 20:44:37,0.0,162.21 M
2019-06-11 20:44:39,0.0,162.21 M
2019-06-11 20:44:41,0.0,162.21 M
2019-06-11 20:44:43,1.0,162.21 M
2019-06-11 20:44:45,0.0,162.21 M
2019-06-11 20:44:47,0.0,162.21 M
2019-06-11 20:44:49,0.0,162.21 M
2019-06-11 20:44:51,0.0,162.21 M
2019-06-11 20:44:53,0.0,162.21 M
2019-06-11 20:44:55,0.0,162.21 M
2019-06-11 20:44:57,0.0,162.21 M
2019-06-11 20:44:59,0.0,162.21 M
2019-06-11 20:45:01,0.0,162.21 M
2019-06-11 20:45:03,0.0,162.21 M
2019-06-11 20:45:05,0.0,162.21 M
2019-06-11 20:45:07,0.0,162.21 M
2019-06-11 20:45:09,0.0,162.21 M
2019-06-11 20:45:11,0.0,162.29 M
2019-06-11 20:45:13,0.0,162.29 M
2019-06-11 20:45:15,1.0,162.29 M
2019-06-11 20:45:17,0.0,162.29 M
2019-06-11 20:45:19,0.0,162.29 M
2019-06-11 20:45:21,0.0,162.42 M
2019-06-11 20:45:23,0.0,162.42 M
2019-06-11 20:45:25,0.0,162.42 M
2019-06-11 20:45:27,1.0,162.57 M
2019-06-11 20:45:29,0.0,162.57 M
2019-06-11 20:45:31,0.0,162.57 M
2019-06-11 20:45:33,0.0,162.57 M
2019-06-11 20:45:35,0.0,162.57 M
2019-06-11 20:45:37,0.0,162.57 M
2019-06-11 20:45:39,0.0,162.57 M
2019-06-11 20:45:41,0.0,162.57 M
2019-06-11 20:45:43,0.0,162.57 M
2019-06-11 20:45:45,0.0,162.57 M
2019-06-11 20:45:47,0.0,162.57 M
2019-06-11 20:45:49,0.0,162.57 M
2019-06-11 20:45:51,0.0,162.57 M
2019-06-11 20:45:53,1.0,162.57 M
2019-06-11 20:45:55,0.0,162.57 M
2019-06-11 20:45:57,0.0,162.57 M
2019-06-11 20:45:59,0.0,162.57 M
2019-06-11 20:46:01,0.0,162.57 M
2019-06-11 20:46:03,0.0,162.64 M
2019-06-11 20:46:05,0.0,162.64 M
2019-06-11 20:46:07,0.0,162.64 M
2019-06-11 20:46:09,0.0,162.64 M
2019-06-11 20:46:11,0.0,162.64 M
2019-06-11 20:46:13,0.0,162.64 M
2019-06-11 20:46:15,0.0,162.64 M
2019-06-11 20:46:17,0.0,162.64 M
2019-06-11 20:46:19,0.0,162.64 M
2019-06-11 20:46:21,0.0,162.64 M
2019-06-11 20:46:23,0.0,162.64 M
2019-06-11 20:46:25,0.0,162.64 M
2019-06-11 20:46:27,1.0,162.64 M
2019-06-11 20:46:29,0.0,162.64 M
2019-06-11 20:46:31,0.0,162.64 M
2019-06-11 20:46:33,0.0,162.65 M
2019-06-11 20:46:36,0.0,162.65 M
2019-06-11 20:46:38,0.0,162.65 M
2019-06-11 20:46:40,1.0,162.65 M
2019-06-11 20:46:42,0.0,162.65 M
2019-06-11 20:46:44,0.0,162.65 M
2019-06-11 20:46:46,1.0,162.65 M
2019-06-11 20:46:48,0.0,162.65 M
2019-06-11 20:46:50,0.0,162.65 M
2019-06-11 20:46:52,0.0,162.65 M
2019-06-11 20:46:54,0.0,162.65 M
2019-06-11 20:46:56,0.0,162.65 M
2019-06-11 20:46:58,0.0,162.65 M
2019-06-11 20:47:00,0.0,162.65 M
2019-06-11 20:47:02,0.0,162.65 M
2019-06-11 20:47:04,0.0,162.65 M
2019-06-11 20:47:06,2.0,162.65 M
2019-06-11 20:47:08,0.0,162.65 M
2019-06-11 20:47:10,0.0,162.65 M
2019-06-11 20:47:12,1.0,162.65 M
2019-06-11 20:47:14,0.0,162.65 M
2019-06-11 20:47:16,0.0,162.65 M
2019-06-11 20:47:18,0.0,162.65 M
2019-06-11 20:47:20,0.0,162.65 M
2019-06-11 20:47:22,0.0,162.65 M
2019-06-11 20:47:24,0.0,162.65 M
2019-06-11 20:47:26,1.0,165.52 M
2019-06-11 20:47:28,1.0,165.52 M
2019-06-11 20:47:30,0.0,165.52 M
2019-06-11 20:47:32,0.0,165.52 M
2019-06-11 20:47:34,0.0,165.52 M
2019-06-11 20:47:36,0.0,165.52 M
2019-06-11 20:47:38,0.0,165.52 M
2019-06-11 20:47:40,0.0,165.52 M
2019-06-11 20:47:42,0.0,165.52 M
2019-06-11 20:47:44,0.0,165.52 M
2019-06-11 20:47:46,0.0,165.52 M
2019-06-11 20:47:48,0.0,165.52 M
2019-06-11 20:47:50,0.0,165.52 M
2019-06-11 20:47:52,0.0,165.52 M
2019-06-11 20:47:54,0.0,165.52 M
2019-06-11 20:47:56,0.0,165.52 M
2019-06-11 20:47:58,0.0,165.52 M
2019-06-11 20:48:00,0.0,165.52 M
2019-06-11 20:48:02,0.0,165.52 M
2019-06-11 20:48:04,0.0,165.52 M
2019-06-11 20:48:06,0.0,165.52 M
2019-06-11 20:48:08,2.0,165.52 M
2019-06-11 20:48:10,0.0,165.52 M
2019-06-11 20:48:12,0.0,165.52 M
2019-06-11 20:48:14,0.0,165.52 M
2019-06-11 20:48:16,1.0,165.52 M
2019-06-11 20:48:18,0.0,165.52 M
2019-06-11 20:48:20,0.0,165.52 M
2019-06-11 20:48:22,0.0,165.52 M
2019-06-11 20:48:24,0.0,165.52 M
2019-06-11 20:48:26,0.0,165.52 M
2019-06-11 20:48:28,1.0,165.52 M
2019-06-11 20:48:30,0.0,165.52 M
2019-06-11 20:48:32,0.0,165.52 M
2019-06-11 20:48:34,0.0,165.52 M
2019-06-11 20:48:36,0.0,165.67 M
2019-06-11 20:48:38,0.0,165.67 M
2019-06-11 20:48:40,0.0,165.67 M
2019-06-11 20:48:42,1.0,165.67 M
2019-06-11 20:48:44,0.0,165.67 M
2019-06-11 20:48:46,0.0,165.67 M
2019-06-11 20:48:48,1.0,165.67 M
2019-06-11 20:48:50,0.0,165.67 M
2019-06-11 20:48:52,0.0,165.67 M
2019-06-11 20:48:54,1.0,165.67 M
2019-06-11 20:48:56,0.0,165.67 M
2019-06-11 20:48:58,0.0,165.67 M
2019-06-11 20:49:00,0.0,165.67 M
2019-06-11 20:49:02,0.0,165.67 M
2019-06-11 20:49:04,0.0,165.67 M
2019-06-11 20:49:06,0.0,165.67 M
2019-06-11 20:49:08,0.0,165.67 M
2019-06-11 20:49:10,0.0,165.67 M
2019-06-11 20:49:12,0.0,165.67 M
2019-06-11 20:49:14,0.0,165.67 M
2019-06-11 20:49:16,0.0,165.67 M
2019-06-11 20:49:18,0.0,165.67 M
2019-06-11 20:49:20,0.0,165.67 M
2019-06-11 20:49:22,0.0,165.67 M
2019-06-11 20:49:24,0.0,165.67 M
2019-06-11 20:49:26,1.0,0.00 B
2019-06-11 20:49:28,147.9,159.07 M
2019-06-11 20:49:30,0.0,159.07 M
2019-06-11 20:49:32,0.0,159.07 M
2019-06-11 20:49:34,0.0,159.07 M
2019-06-11 20:49:36,42.0,162.77 M
2019-06-11 20:49:38,0.0,162.80 M
2019-06-11 20:49:40,0.0,162.80 M
2019-06-11 20:49:42,0.0,162.85 M
2019-06-11 20:49:44,0.0,163.08 M
2019-06-11 20:49:46,0.0,163.08 M
2019-06-11 20:49:48,0.0,163.08 M
2019-06-11 20:49:50,23.0,163.19 M
2019-06-11 20:49:52,0.0,163.19 M
2019-06-11 20:49:54,0.0,163.19 M
2019-06-11 20:49:56,0.0,163.21 M
2019-06-11 20:49:58,0.0,166.38 M
2019-06-11 20:50:00,0.0,166.39 M
2019-06-11 20:50:02,0.0,166.39 M
2019-06-11 20:50:04,8.0,166.57 M
2019-06-11 20:50:06,0.0,166.57 M
2019-06-11 20:50:08,0.0,166.57 M
2019-06-11 20:50:10,0.0,166.57 M
2019-06-11 20:50:12,0.0,166.57 M
2019-06-11 20:50:14,0.0,166.57 M
2019-06-11 20:50:16,0.0,166.63 M
2019-06-11 20:50:18,3.0,166.63 M
2019-06-11 20:50:21,0.0,166.63 M
2019-06-11 20:50:23,0.0,166.63 M
2019-06-11 20:50:25,0.0,166.66 M
2019-06-11 20:50:27,2.0,166.98 M
2019-06-11 20:50:29,0.0,166.98 M
2019-06-11 20:50:31,0.0,166.98 M
2019-06-11 20:50:33,0.0,166.98 M
2019-06-11 20:50:35,0.0,166.98 M
2019-06-11 20:50:37,0.0,166.98 M
2019-06-11 20:50:39,0.0,166.98 M
2019-06-11 20:50:41,141.8,161.73 M
2019-06-11 20:50:43,0.0,161.73 M
2019-06-11 20:50:45,0.0,161.73 M
2019-06-11 20:50:47,14.0,163.70 M
2019-06-11 20:50:49,0.0,163.70 M
2019-06-11 20:50:51,0.0,163.70 M
2019-06-11 20:50:53,0.0,163.70 M
2019-06-11 20:50:55,0.0,163.70 M
2019-06-11 20:50:57,0.0,163.70 M
2019-06-11 20:50:59,1.0,163.70 M
2019-06-11 20:51:01,0.0,163.70 M
2019-06-11 20:51:03,0.0,163.70 M
2019-06-11 20:51:05,0.0,163.70 M
2019-06-11 20:51:07,0.0,163.70 M
2019-06-11 20:51:09,0.0,163.70 M
2019-06-11 20:51:11,0.0,163.70 M
2019-06-11 20:51:13,2.0,163.70 M
2019-06-11 20:51:15,0.0,163.70 M
2019-06-11 20:51:17,0.0,163.70 M
2019-06-11 20:51:19,0.0,163.70 M
2019-06-11 20:51:21,0.0,163.70 M
2019-06-11 20:51:23,0.0,163.70 M
2019-06-11 20:51:25,2.0,163.84 M
2019-06-11 20:51:27,0.0,163.84 M
2019-06-11 20:51:29,0.0,163.84 M
2019-06-11 20:51:31,2.0,163.84 M
2019-06-11 20:51:33,0.0,163.84 M
2019-06-11 20:51:35,0.0,163.84 M
2019-06-11 20:51:37,0.0,163.84 M
2019-06-11 20:51:39,0.0,163.84 M
2019-06-11 20:51:41,0.0,163.84 M
2019-06-11 20:51:43,0.0,164.00 M
2019-06-11 20:51:45,0.0,164.00 M
2019-06-11 20:51:47,0.0,164.00 M
2019-06-11 20:51:49,0.0,164.00 M
2019-06-11 20:51:51,0.0,164.00 M
2019-06-11 20:51:53,0.0,164.00 M
2019-06-11 20:51:55,0.0,164.10 M
2019-06-11 20:51:57,0.0,164.10 M
2019-06-11 20:51:59,0.0,164.10 M
2019-06-11 20:52:01,0.0,164.10 M
2019-06-11 20:52:03,0.0,164.10 M
2019-06-11 20:52:05,0.0,164.10 M
2019-06-11 20:52:07,0.0,164.10 M
2019-06-11 20:52:09,0.0,164.10 M
2019-06-11 20:52:11,0.0,164.10 M
2019-06-11 20:52:13,0.0,164.14 M
2019-06-11 20:52:15,0.0,164.14 M
2019-06-11 20:52:17,0.0,164.14 M
2019-06-11 20:52:19,0.0,164.14 M
2019-06-11 20:52:21,0.0,164.14 M
2019-06-11 20:52:23,0.0,164.14 M
2019-06-11 20:52:25,0.0,164.31 M
2019-06-11 20:52:27,0.0,164.31 M
2019-06-11 20:52:29,0.0,164.31 M
2019-06-11 20:52:31,0.0,164.31 M
2019-06-11 20:52:33,0.0,164.31 M
2019-06-11 20:52:35,0.0,164.31 M
2019-06-11 20:52:37,0.0,164.31 M
2019-06-11 20:52:39,0.0,164.31 M
2019-06-11 20:52:41,0.0,164.31 M
2019-06-11 20:52:43,0.0,164.31 M
2019-06-11 20:52:45,0.0,164.31 M
2019-06-11 20:52:47,0.0,164.31 M
2019-06-11 20:52:49,0.0,164.31 M
2019-06-11 20:52:51,0.0,164.31 M
2019-06-11 20:52:53,0.0,164.31 M
2019-06-11 20:52:55,0.0,164.31 M
2019-06-11 20:52:57,0.0,164.31 M
2019-06-11 20:52:59,1.0,164.31 M
2019-06-11 20:53:01,0.0,164.31 M
2019-06-11 20:53:03,0.0,164.31 M
2019-06-11 20:53:05,0.0,164.31 M
2019-06-11 20:53:07,0.0,164.31 M
2019-06-11 20:53:09,0.0,164.31 M
2019-06-11 20:53:11,0.0,164.31 M
2019-06-11 20:53:13,0.0,164.31 M
2019-06-11 20:53:15,0.0,164.31 M
2019-06-11 20:53:17,0.0,164.31 M
2019-06-11 20:53:19,1.0,164.32 M
2019-06-11 20:53:21,0.0,164.32 M
2019-06-11 20:53:23,0.0,164.32 M
2019-06-11 20:53:25,1.0,164.32 M
2019-06-11 20:53:27,0.0,164.32 M
2019-06-11 20:53:29,0.0,164.32 M
2019-06-11 20:53:31,1.0,164.32 M
2019-06-11 20:53:33,0.0,164.32 M
2019-06-11 20:53:35,0.0,164.32 M
2019-06-11 20:53:37,3.0,167.10 M
2019-06-11 20:53:39,0.0,167.10 M
2019-06-11 20:53:41,0.0,167.10 M
2019-06-11 20:53:43,1.0,167.10 M
2019-06-11 20:53:45,0.0,167.10 M
2019-06-11 20:53:47,0.0,167.10 M
2019-06-11 20:53:49,0.0,167.21 M
2019-06-11 20:53:51,0.0,167.21 M
2019-06-11 20:53:53,0.0,167.21 M
2019-06-11 20:53:55,0.0,167.21 M
2019-06-11 20:53:57,0.0,167.21 M
2019-06-11 20:53:59,0.0,167.21 M
2019-06-11 20:54:01,0.0,167.21 M
2019-06-11 20:54:03,1.0,167.21 M
2019-06-11 20:54:06,0.0,167.21 M
2019-06-11 20:54:08,0.0,167.21 M
2019-06-11 20:54:10,0.0,167.21 M
2019-06-11 20:54:12,0.0,167.21 M
2019-06-11 20:54:14,0.0,167.21 M
2019-06-11 20:54:16,1.0,167.21 M
2019-06-11 20:54:18,0.0,167.21 M
2019-06-11 20:54:20,0.0,167.21 M
2019-06-11 20:54:22,0.0,167.21 M
2019-06-11 20:54:24,0.0,167.21 M
2019-06-11 20:54:26,0.0,167.21 M
2019-06-11 20:54:28,0.0,167.21 M
2019-06-11 20:54:30,1.0,167.21 M
2019-06-11 20:54:32,0.0,167.21 M
2019-06-11 20:54:34,0.0,167.21 M
2019-06-11 20:54:36,2.0,167.21 M
2019-06-11 20:54:38,0.0,167.21 M
2019-06-11 20:54:40,0.0,167.21 M
2019-06-11 20:54:42,0.0,167.21 M
2019-06-11 20:54:44,0.0,167.21 M
2019-06-11 20:54:46,0.0,167.21 M
2019-06-11 20:54:48,1.0,167.21 M
2019-06-11 20:54:50,0.0,167.21 M
2019-06-11 20:54:52,0.0,167.21 M
2019-06-11 20:54:54,0.0,167.21 M
2019-06-11 20:54:56,0.0,167.21 M
2019-06-11 20:54:58,1.0,167.21 M
2019-06-11 20:55:00,0.0,167.21 M
2019-06-11 20:55:02,0.0,167.21 M
2019-06-11 20:55:04,1.0,167.21 M
2019-06-11 20:55:06,0.0,167.21 M
2019-06-11 20:55:08,0.0,167.21 M
2019-06-11 20:55:10,0.0,167.21 M
2019-06-11 20:55:12,0.0,167.21 M
2019-06-11 20:55:14,0.0,167.21 M
2019-06-11 20:55:16,0.0,167.21 M
2019-06-11 20:55:18,0.0,167.21 M
2019-06-11 20:55:20,1.0,167.21 M
2019-06-11 20:55:22,0.0,167.21 M
2019-06-11 20:55:24,0.0,167.21 M
2019-06-11 20:55:26,2.0,167.21 M
2019-06-11 20:55:28,0.0,167.21 M
2019-06-11 20:55:30,0.0,167.21 M
2019-06-11 20:55:32,1.0,167.21 M
2019-06-11 20:55:34,0.0,167.21 M
2019-06-11 20:55:36,0.0,167.21 M
2019-06-11 20:55:38,0.0,167.21 M
2019-06-11 20:55:40,0.0,167.33 M
2019-06-11 20:55:42,155.8,162.02 M
2019-06-11 20:55:44,0.0,162.02 M
2019-06-11 20:55:46,0.0,162.02 M
2019-06-11 20:55:48,58.9,165.89 M
2019-06-11 20:55:50,0.0,165.95 M
2019-06-11 20:55:52,0.0,165.95 M
2019-06-11 20:55:54,0.0,166.17 M
2019-06-11 20:55:56,0.0,166.17 M
2019-06-11 20:55:58,41.0,170.57 M
2019-06-11 20:56:00,0.0,170.60 M
2019-06-11 20:56:02,0.0,166.89 M
2019-06-11 20:56:04,0.0,174.86 M
2019-06-11 20:56:06,0.0,174.90 M
2019-06-11 20:56:08,0.0,174.90 M
2019-06-11 20:56:10,0.0,183.63 M
2019-06-11 20:56:12,0.0,183.79 M
2019-06-11 20:56:14,2.0,186.11 M
2019-06-11 20:56:16,0.0,192.28 M
2019-06-11 20:56:18,0.0,192.46 M
2019-06-11 20:56:20,5.0,202.22 M
2019-06-11 20:56:22,0.0,202.26 M
2019-06-11 20:56:24,0.0,202.26 M
2019-06-11 20:56:26,0.0,212.60 M
2019-06-11 20:56:28,0.0,212.64 M
2019-06-11 20:56:30,7.0,226.54 M
2019-06-11 20:56:32,0.0,226.56 M
2019-06-11 20:56:34,0.0,226.56 M
2019-06-11 20:56:36,0.0,226.56 M
2019-06-11 20:56:38,0.0,226.56 M
2019-06-11 20:56:40,0.0,226.56 M
2019-06-11 20:56:42,0.0,226.56 M
2019-06-11 20:56:44,0.0,226.56 M
2019-06-11 20:56:46,3.0,226.56 M
2019-06-11 20:56:48,0.0,226.56 M
2019-06-11 20:56:50,0.0,226.56 M
2019-06-11 20:56:52,4.0,226.56 M
2019-06-11 20:56:54,0.0,226.56 M
2019-06-11 20:56:56,0.0,226.56 M
2019-06-11 20:56:58,0.0,231.97 M
2019-06-11 20:57:00,0.0,232.04 M
2019-06-11 20:57:02,0.0,232.04 M
2019-06-11 20:57:04,0.0,232.29 M
2019-06-11 20:57:06,0.0,229.09 M
2019-06-11 20:57:08,6.0,230.98 M
2019-06-11 20:57:10,0.0,230.98 M
2019-06-11 20:57:12,0.0,230.98 M
2019-06-11 20:57:14,4.0,230.98 M
2019-06-11 20:57:16,0.0,231.02 M
2019-06-11 20:57:18,0.0,231.02 M
2019-06-11 20:57:20,145.9,159.58 M
2019-06-11 20:57:22,0.0,159.58 M
2019-06-11 20:57:24,0.0,159.58 M
2019-06-11 20:57:27,136.8,157.23 M
2019-06-11 20:57:29,0.0,157.23 M
2019-06-11 20:57:31,0.0,157.23 M
2019-06-11 20:57:33,147.9,160.11 M
2019-06-11 20:57:35,0.0,160.11 M
2019-06-11 20:57:37,1.0,160.11 M
2019-06-11 20:57:39,48.9,164.38 M
2019-06-11 20:57:41,0.0,164.43 M
2019-06-11 20:57:43,0.0,164.43 M
2019-06-11 20:57:45,0.0,164.67 M
2019-06-11 20:57:47,0.0,164.69 M
2019-06-11 20:57:49,32.0,169.97 M
2019-06-11 20:57:51,0.0,169.99 M
2019-06-11 20:57:53,0.0,165.61 M
2019-06-11 20:57:55,149.9,161.08 M
2019-06-11 20:57:57,0.0,161.08 M
2019-06-11 20:57:59,0.0,161.08 M
2019-06-11 20:58:01,34.0,163.95 M
2019-06-11 20:58:03,0.0,163.96 M
2019-06-11 20:58:05,0.0,163.96 M
2019-06-11 20:58:07,0.0,164.27 M
2019-06-11 20:58:09,0.0,164.30 M
2019-06-11 20:58:11,0.0,164.30 M
2019-06-11 20:58:13,0.0,164.98 M
2019-06-11 20:58:15,0.0,165.03 M
2019-06-11 20:58:17,0.0,165.03 M
2019-06-11 20:58:19,1.0,165.05 M
2019-06-11 20:58:21,0.0,165.05 M
2019-06-11 20:58:23,0.0,165.05 M
2019-06-11 20:58:25,0.0,165.20 M
2019-06-11 20:58:27,0.0,165.20 M
2019-06-11 20:58:29,0.0,165.20 M
2019-06-11 20:58:31,20.0,169.05 M
2019-06-11 20:58:33,0.0,169.08 M
2019-06-11 20:58:35,0.0,169.08 M
2019-06-11 20:58:37,0.0,169.31 M
2019-06-11 20:58:39,0.0,169.31 M
2019-06-11 20:58:41,0.0,169.31 M
2019-06-11 20:58:43,0.0,169.44 M
2019-06-11 20:58:45,0.0,169.44 M
2019-06-11 20:58:47,0.0,169.44 M
2019-06-11 20:58:49,0.0,170.07 M
2019-06-11 20:58:51,0.0,170.11 M
2019-06-11 20:58:53,3.0,171.90 M
2019-06-11 20:58:55,0.0,171.93 M
2019-06-11 20:58:57,0.0,171.93 M
2019-06-11 20:58:59,2.0,173.46 M
2019-06-11 20:59:01,0.0,173.55 M
2019-06-11 20:59:03,1.0,173.55 M
2019-06-11 20:59:05,0.0,175.35 M
2019-06-11 20:59:07,0.0,175.35 M
2019-06-11 20:59:09,2.0,176.88 M
2019-06-11 20:59:11,0.0,176.88 M
2019-06-11 20:59:13,0.0,176.88 M
2019-06-11 20:59:15,6.0,178.91 M
2019-06-11 20:59:17,0.0,179.07 M
2019-06-11 20:59:19,0.0,179.07 M
2019-06-11 20:59:21,2.0,180.86 M
2019-06-11 20:59:23,0.0,181.00 M
2019-06-11 20:59:25,2.0,182.52 M
2019-06-11 20:59:27,0.0,182.69 M
2019-06-11 20:59:29,0.0,182.69 M
2019-06-11 20:59:31,3.0,184.47 M
2019-06-11 20:59:33,0.0,184.50 M
2019-06-11 20:59:35,0.0,184.50 M
2019-06-11 20:59:37,2.0,186.79 M
2019-06-11 20:59:39,0.0,186.89 M
2019-06-11 20:59:41,0.0,186.89 M
2019-06-11 20:59:43,0.0,188.43 M
2019-06-11 20:59:45,0.0,188.43 M
2019-06-11 20:59:47,0.0,188.43 M
2019-06-11 20:59:49,0.0,190.23 M
2019-06-11 20:59:51,0.0,190.34 M
2019-06-11 20:59:53,3.0,192.11 M
2019-06-11 20:59:55,0.0,192.15 M
2019-06-11 20:59:57,0.0,192.15 M
2019-06-11 20:59:59,2.0,193.93 M
2019-06-11 21:00:01,0.0,193.96 M
2019-06-11 21:00:03,1.0,193.96 M
2019-06-11 21:00:05,2.0,196.26 M
2019-06-11 21:00:07,0.0,196.22 M
2019-06-11 21:00:09,0.0,196.22 M
2019-06-11 21:00:11,0.0,198.00 M
2019-06-11 21:00:13,0.0,198.08 M
2019-06-11 21:00:15,0.0,198.08 M
2019-06-11 21:00:17,0.0,199.89 M
2019-06-11 21:00:19,0.0,199.93 M
2019-06-11 21:00:21,0.0,199.93 M
2019-06-11 21:00:23,0.0,202.36 M
2019-06-11 21:00:25,0.0,202.39 M
2019-06-11 21:00:27,0.0,202.39 M
2019-06-11 21:00:29,0.0,203.95 M
2019-06-11 21:00:31,0.0,203.98 M
2019-06-11 21:00:33,0.0,203.98 M
2019-06-11 21:00:37,147.8,162.92 M
2019-06-11 21:00:39,0.0,162.92 M
2019-06-11 21:00:41,0.0,162.92 M
2019-06-11 21:00:43,60.9,166.80 M
2019-06-11 21:00:45,0.0,166.85 M
2019-06-11 21:00:47,0.0,166.85 M
2019-06-11 21:00:49,35.0,167.23 M
2019-06-11 21:00:51,0.0,167.27 M
2019-06-11 21:00:53,0.0,167.27 M
2019-06-11 21:00:55,0.0,167.38 M
2019-06-11 21:00:57,0.0,167.43 M
2019-06-11 21:00:59,20.0,173.54 M
2019-06-11 21:01:01,1.0,173.57 M
2019-06-11 21:01:03,0.0,173.57 M
2019-06-11 21:01:05,8.0,182.42 M
2019-06-11 21:01:07,1.0,182.55 M
2019-06-11 21:01:09,0.0,182.55 M
2019-06-11 21:01:11,0.0,190.76 M
2019-06-11 21:01:13,0.0,190.93 M
2019-06-11 21:01:15,3.0,191.70 M
2019-06-11 21:01:17,0.0,200.44 M
2019-06-11 21:01:19,0.0,200.61 M
2019-06-11 21:01:21,4.0,210.39 M
2019-06-11 21:01:23,0.0,210.35 M
2019-06-11 21:01:25,0.0,210.35 M
2019-06-11 21:01:27,3.0,219.87 M
2019-06-11 21:01:29,0.0,219.92 M
2019-06-11 21:01:31,0.0,219.92 M
2019-06-11 21:01:33,2.0,225.80 M
2019-06-11 21:01:35,1.0,225.80 M
2019-06-11 21:01:37,0.0,225.80 M
2019-06-11 21:01:39,0.0,225.80 M
2019-06-11 21:01:41,0.0,225.75 M
2019-06-11 21:01:43,7.0,225.75 M
2019-06-11 21:01:45,0.0,225.81 M
2019-06-11 21:01:47,0.0,225.81 M
2019-06-11 21:01:49,0.0,228.29 M
2019-06-11 21:01:51,0.0,228.29 M
2019-06-11 21:01:53,12.0,233.44 M
2019-06-11 21:01:55,0.0,233.44 M
2019-06-11 21:01:57,0.0,233.44 M
2019-06-11 21:01:59,4.0,233.44 M
2019-06-11 21:02:01,0.0,233.44 M
2019-06-11 21:02:03,0.0,233.44 M
2019-06-11 21:02:05,0.0,234.63 M
2019-06-11 21:02:07,0.0,228.85 M
2019-06-11 21:02:09,4.0,229.35 M
2019-06-11 21:02:11,0.0,229.29 M
2019-06-11 21:02:13,0.0,229.29 M
2019-06-11 21:02:15,0.0,230.55 M
2019-06-11 21:02:17,0.0,230.55 M
2019-06-11 21:02:19,0.0,230.55 M
2019-06-11 21:02:21,0.0,232.07 M
2019-06-11 21:02:23,0.0,232.26 M
2019-06-11 21:02:25,4.0,233.52 M
2019-06-11 21:02:27,0.0,233.52 M
2019-06-11 21:02:29,0.0,233.52 M
2019-06-11 21:02:31,0.0,235.79 M
2019-06-11 21:02:33,1.0,235.79 M
2019-06-11 21:02:35,0.0,235.79 M
2019-06-11 21:02:37,0.0,235.79 M
2019-06-11 21:02:39,0.0,235.79 M
2019-06-11 21:02:41,4.0,235.87 M
2019-06-11 21:02:43,0.0,235.87 M
2019-06-11 21:02:45,0.0,235.87 M
2019-06-11 21:02:47,2.0,236.09 M
2019-06-11 21:02:49,0.0,236.09 M
2019-06-11 21:02:51,1.0,236.09 M
2019-06-11 21:02:53,0.0,236.09 M
2019-06-11 21:02:55,0.0,236.27 M
2019-06-11 21:02:57,3.0,236.27 M
2019-06-11 21:02:59,0.0,236.27 M
2019-06-11 21:03:01,0.0,236.27 M
2019-06-11 21:03:03,12.0,239.10 M
2019-06-11 21:03:05,0.0,239.22 M
2019-06-11 21:03:07,0.0,239.22 M
2019-06-11 21:03:09,0.0,239.22 M
2019-06-11 21:03:11,0.0,239.22 M
2019-06-11 21:03:13,6.0,241.93 M
2019-06-11 21:03:15,0.0,242.12 M
2019-06-11 21:03:17,0.0,242.12 M
2019-06-11 21:03:19,3.0,242.12 M
2019-06-11 21:03:21,0.0,242.13 M
2019-06-11 21:03:23,0.0,242.13 M
2019-06-11 21:03:25,0.0,242.13 M
2019-06-11 21:03:27,0.0,242.13 M
2019-06-11 21:03:29,1.0,242.18 M
2019-06-11 21:03:31,0.0,242.18 M
2019-06-11 21:03:33,0.0,242.18 M
2019-06-11 21:03:35,3.0,242.18 M
2019-06-11 21:03:37,0.0,242.18 M
2019-06-11 21:03:39,0.0,242.18 M
2019-06-11 21:03:41,5.0,244.97 M
2019-06-11 21:03:43,0.0,244.97 M
2019-06-11 21:03:45,0.0,244.97 M
2019-06-11 21:03:47,0.0,244.97 M
2019-06-11 21:03:49,0.0,244.97 M
2019-06-11 21:03:51,0.0,244.97 M
2019-06-11 21:03:53,0.0,244.97 M
2019-06-11 21:03:55,0.0,244.97 M
2019-06-11 21:03:57,0.0,244.97 M
2019-06-11 21:03:59,0.0,244.97 M
2019-06-11 21:04:01,0.0,244.97 M
2019-06-11 21:04:03,4.0,244.97 M
2019-06-11 21:04:05,0.0,244.97 M
2019-06-11 21:04:07,0.0,244.97 M
2019-06-11 21:04:09,2.0,244.97 M
2019-06-11 21:04:11,0.0,244.97 M
2019-06-11 21:04:13,0.0,244.97 M
2019-06-11 21:04:15,2.0,244.97 M
2019-06-11 21:04:17,0.0,244.97 M
2019-06-11 21:04:19,1.0,244.97 M
2019-06-11 21:04:21,3.0,245.03 M
2019-06-11 21:04:23,0.0,245.03 M
2019-06-11 21:04:25,0.0,245.03 M
2019-06-11 21:04:27,0.0,245.03 M
2019-06-11 21:04:30,0.0,245.03 M
2019-06-11 21:04:32,0.0,245.03 M
2019-06-11 21:04:34,0.0,245.04 M
2019-06-11 21:04:36,5.0,245.04 M
2019-06-11 21:04:38,0.0,245.04 M
2019-06-11 21:04:40,0.0,245.04 M
2019-06-11 21:04:42,0.0,245.21 M
2019-06-11 21:04:44,0.0,245.21 M
2019-06-11 21:04:46,10.0,244.65 M
2019-06-11 21:04:48,0.0,244.65 M
2019-06-11 21:04:50,0.0,244.65 M
2019-06-11 21:04:52,0.0,244.65 M
2019-06-11 21:04:54,0.0,244.65 M
2019-06-11 21:04:56,5.0,244.74 M
2019-06-11 21:04:58,0.0,244.74 M
2019-06-11 21:05:00,0.0,244.74 M
2019-06-11 21:05:02,0.0,244.74 M
2019-06-11 21:05:04,0.0,244.74 M
2019-06-11 21:05:06,3.0,244.74 M
2019-06-11 21:05:08,0.0,244.74 M
2019-06-11 21:05:10,0.0,244.74 M
2019-06-11 21:05:12,5.0,244.74 M
2019-06-11 21:05:14,0.0,244.74 M
2019-06-11 21:05:16,3.0,244.74 M
2019-06-11 21:05:18,0.0,244.74 M
2019-06-11 21:05:20,0.0,244.74 M
2019-06-11 21:05:22,0.0,244.74 M
2019-06-11 21:05:24,0.0,244.74 M
2019-06-11 21:05:26,6.0,244.74 M
2019-06-11 21:05:28,0.0,244.74 M
2019-06-11 21:05:30,0.0,244.74 M
2019-06-11 21:05:32,5.0,244.74 M
2019-06-11 21:05:34,0.0,244.74 M
2019-06-11 21:05:36,0.0,244.83 M
2019-06-11 21:05:38,147.9,160.28 M
2019-06-11 21:05:40,0.0,160.28 M
2019-06-11 21:05:42,0.0,160.28 M
2019-06-11 21:05:44,27.0,161.96 M
2019-06-11 21:05:46,0.0,161.98 M
2019-06-11 21:05:48,0.0,161.98 M
2019-06-11 21:05:50,8.0,162.26 M
2019-06-11 21:05:52,0.0,162.29 M
2019-06-11 21:05:54,0.0,162.29 M
2019-06-11 21:05:56,148.9,162.18 M
2019-06-11 21:05:58,0.0,162.18 M
2019-06-11 21:06:00,0.0,162.18 M
2019-06-11 21:06:02,0.0,165.10 M
2019-06-11 21:06:04,0.0,165.11 M
2019-06-11 21:06:06,0.0,165.11 M
2019-06-11 21:06:08,145.8,161.62 M
2019-06-11 21:06:10,0.0,161.62 M
2019-06-11 21:06:12,0.0,161.62 M
2019-06-11 21:06:14,46.0,165.71 M
2019-06-11 21:06:16,0.0,165.73 M
2019-06-11 21:06:18,0.0,165.73 M
2019-06-11 21:06:20,150.9,161.66 M
2019-06-11 21:06:22,0.0,161.66 M
2019-06-11 21:06:24,0.0,161.66 M
2019-06-11 21:06:26,12.0,162.97 M
2019-06-11 21:06:28,0.0,162.97 M
2019-06-11 21:06:30,0.0,162.97 M
2019-06-11 21:06:33,146.8,161.29 M
2019-06-11 21:06:35,0.0,161.29 M
2019-06-11 21:06:37,0.0,161.29 M
2019-06-11 21:06:39,23.0,163.88 M
2019-06-11 21:06:41,0.0,163.90 M
2019-06-11 21:06:43,0.0,163.90 M
2019-06-11 21:06:45,17.0,164.78 M
2019-06-11 21:06:47,0.0,164.82 M
2019-06-11 21:06:49,0.0,164.82 M
2019-06-11 21:06:53,148.9,161.77 M
2019-06-11 21:06:55,0.0,161.77 M
2019-06-11 21:06:57,0.0,161.77 M
2019-06-11 21:06:59,149.8,161.40 M
2019-06-11 21:07:01,0.0,161.40 M
2019-06-11 21:07:03,0.0,161.40 M
2019-06-11 21:07:05,143.8,157.50 M
2019-06-11 21:07:07,0.0,157.50 M
2019-06-11 21:07:09,0.0,157.50 M
2019-06-11 21:07:11,34.0,160.39 M
2019-06-11 21:07:13,0.0,160.41 M
2019-06-11 21:07:15,0.0,160.41 M
2019-06-11 21:07:17,0.0,161.18 M
2019-06-11 21:07:19,0.0,161.21 M
2019-06-11 21:07:21,0.0,161.21 M
2019-06-11 21:07:23,147.9,161.31 M
2019-06-11 21:07:25,0.0,161.31 M
2019-06-11 21:07:27,0.0,161.31 M
2019-06-11 21:07:29,33.0,164.03 M
2019-06-11 21:07:31,0.0,164.08 M
2019-06-11 21:07:33,0.0,164.08 M
2019-06-11 21:07:35,8.0,164.74 M
2019-06-11 21:07:37,0.0,164.77 M
2019-06-11 21:07:39,0.0,164.77 M
2019-06-11 21:07:41,8.0,164.96 M
2019-06-11 21:07:43,0.0,164.96 M
2019-06-11 21:07:45,0.0,164.96 M
2019-06-11 21:07:47,0.0,164.99 M
2019-06-11 21:07:49,0.0,165.17 M
2019-06-11 21:07:51,0.0,165.18 M
2019-06-11 21:07:53,0.0,165.18 M
2019-06-11 21:07:55,0.0,165.32 M
2019-06-11 21:07:57,0.0,165.32 M
2019-06-11 21:07:59,0.0,165.32 M
2019-06-11 21:08:01,0.0,165.54 M
2019-06-11 21:08:03,1.0,165.54 M
2019-06-11 21:08:05,0.0,165.54 M
2019-06-11 21:08:07,0.0,165.54 M
2019-06-11 21:08:09,0.0,165.54 M
2019-06-11 21:08:11,0.0,165.54 M
2019-06-11 21:08:13,0.0,165.62 M
2019-06-11 21:08:15,0.0,165.62 M
2019-06-11 21:08:17,0.0,165.62 M
2019-06-11 21:08:19,0.0,165.62 M
2019-06-11 21:08:21,0.0,165.64 M
2019-06-11 21:08:23,0.0,165.64 M
2019-06-11 21:08:25,4.0,166.84 M
2019-06-11 21:08:27,0.0,166.84 M
2019-06-11 21:08:29,0.0,166.84 M
2019-06-11 21:08:31,2.0,168.15 M
2019-06-11 21:08:33,0.0,168.49 M
2019-06-11 21:08:35,0.0,168.49 M
2019-06-11 21:08:37,0.0,168.59 M
2019-06-11 21:08:39,0.0,169.86 M
2019-06-11 21:08:41,0.0,169.90 M
2019-06-11 21:08:43,0.0,169.90 M
2019-06-11 21:08:45,0.0,171.42 M
2019-06-11 21:08:47,0.0,171.49 M
2019-06-11 21:08:49,0.0,171.49 M
2019-06-11 21:08:51,0.0,173.01 M
2019-06-11 21:08:53,0.0,173.04 M
2019-06-11 21:08:55,1.0,173.04 M
2019-06-11 21:08:57,0.0,174.82 M
2019-06-11 21:08:59,0.0,174.86 M
2019-06-11 21:09:01,0.0,174.86 M
2019-06-11 21:09:03,0.0,176.88 M
2019-06-11 21:09:05,0.0,176.91 M
2019-06-11 21:09:07,0.0,176.91 M
2019-06-11 21:09:09,0.0,178.94 M
2019-06-11 21:09:11,0.0,178.98 M
2019-06-11 21:09:13,0.0,178.98 M
2019-06-11 21:09:15,0.0,180.53 M
2019-06-11 21:09:17,0.0,180.57 M
2019-06-11 21:09:19,4.0,182.35 M
2019-06-11 21:09:21,0.0,182.39 M
2019-06-11 21:09:23,0.0,182.39 M
2019-06-11 21:09:25,3.0,183.14 M
2019-06-11 21:09:27,0.0,183.18 M
2019-06-11 21:09:29,0.0,183.18 M
2019-06-11 21:09:31,10.0,188.56 M
2019-06-11 21:09:33,0.0,184.71 M
2019-06-11 21:09:35,0.0,184.71 M
2019-06-11 21:09:38,1.0,186.50 M
2019-06-11 21:09:40,0.0,186.54 M
2019-06-11 21:09:42,0.0,186.54 M
2019-06-11 21:09:44,0.0,187.93 M
2019-06-11 21:09:46,0.0,187.96 M
2019-06-11 21:09:48,1.0,189.75 M
2019-06-11 21:09:50,0.0,189.79 M
2019-06-11 21:09:52,0.0,189.79 M
2019-06-11 21:09:54,2.0,192.07 M
2019-06-11 21:09:56,0.0,192.10 M
2019-06-11 21:09:58,0.0,192.10 M
2019-06-11 21:10:00,1.0,193.62 M
2019-06-11 21:10:02,0.0,193.65 M
2019-06-11 21:10:04,0.0,193.89 M
2019-06-11 21:10:06,0.0,199.44 M
2019-06-11 21:10:08,0.0,199.44 M
2019-06-11 21:10:10,2.0,199.70 M
2019-06-11 21:10:12,0.0,199.70 M
2019-06-11 21:10:14,0.0,199.70 M
2019-06-11 21:10:16,3.0,201.96 M
2019-06-11 21:10:18,0.0,201.96 M
2019-06-11 21:10:20,0.0,201.96 M
2019-06-11 21:10:22,0.0,202.41 M
2019-06-11 21:10:24,0.0,202.41 M
2019-06-11 21:10:26,3.0,202.66 M
2019-06-11 21:10:28,0.0,202.66 M
2019-06-11 21:10:30,0.0,202.66 M
2019-06-11 21:10:32,0.0,202.66 M
2019-06-11 21:10:34,0.0,202.66 M
2019-06-11 21:10:36,0.0,202.66 M
2019-06-11 21:10:38,0.0,203.67 M
2019-06-11 21:10:40,0.0,203.67 M
2019-06-11 21:10:42,1.0,203.67 M
2019-06-11 21:10:44,0.0,203.67 M
2019-06-11 21:10:46,0.0,203.67 M
2019-06-11 21:10:48,2.0,203.72 M
2019-06-11 21:10:50,0.0,203.72 M
2019-06-11 21:10:52,0.0,203.72 M
2019-06-11 21:10:55,146.8,161.13 M
2019-06-11 21:10:57,0.0,161.13 M
2019-06-11 21:10:59,0.0,161.13 M
2019-06-11 21:11:01,0.0,164.37 M
2019-06-11 21:11:03,0.0,164.39 M
2019-06-11 21:11:05,21.0,164.77 M
2019-06-11 21:11:07,0.0,164.79 M
2019-06-11 21:11:09,0.0,164.79 M
2019-06-11 21:11:11,19.0,164.82 M
2019-06-11 21:11:13,0.0,164.86 M
2019-06-11 21:11:15,0.0,164.86 M
2019-06-11 21:11:17,0.0,166.69 M
2019-06-11 21:11:19,1.0,166.71 M
2019-06-11 21:11:21,0.0,167.74 M
2019-06-11 21:11:23,0.0,174.43 M
2019-06-11 21:11:25,0.0,174.42 M
2019-06-11 21:11:27,6.0,180.84 M
2019-06-11 21:11:29,0.0,180.94 M
2019-06-11 21:11:31,0.0,180.94 M
2019-06-11 21:11:33,0.0,188.25 M
2019-06-11 21:11:35,0.0,188.33 M
2019-06-11 21:11:37,2.0,189.86 M
2019-06-11 21:11:39,0.0,195.49 M
2019-06-11 21:11:41,0.0,195.49 M
2019-06-11 21:11:43,12.0,203.69 M
2019-06-11 21:11:45,0.0,203.87 M
2019-06-11 21:11:47,0.0,203.87 M
2019-06-11 21:11:49,0.0,211.33 M
2019-06-11 21:11:51,0.0,211.38 M
2019-06-11 21:11:53,5.0,222.73 M
2019-06-11 21:11:55,0.0,222.68 M
2019-06-11 21:11:57,0.0,222.68 M
2019-06-11 21:11:59,0.0,223.71 M
2019-06-11 21:12:01,0.0,223.71 M
2019-06-11 21:12:03,1.0,223.71 M
2019-06-11 21:12:05,0.0,223.71 M
2019-06-11 21:12:07,0.0,223.71 M
2019-06-11 21:12:09,4.0,223.71 M
2019-06-11 21:12:11,0.0,223.71 M
2019-06-11 21:12:13,0.0,223.71 M
2019-06-11 21:12:15,5.0,223.96 M
2019-06-11 21:12:17,0.0,223.99 M
2019-06-11 21:12:19,0.0,223.99 M
2019-06-11 21:12:21,0.0,223.99 M
2019-06-11 21:12:23,0.0,223.99 M
2019-06-11 21:12:25,5.0,223.99 M
2019-06-11 21:12:27,0.0,223.99 M
2019-06-11 21:12:29,0.0,223.99 M
2019-06-11 21:12:31,0.0,223.99 M
2019-06-11 21:12:33,0.0,223.99 M
2019-06-11 21:12:35,11.0,230.52 M
2019-06-11 21:12:37,0.0,230.63 M
2019-06-11 21:12:39,0.0,230.63 M
2019-06-11 21:12:41,0.0,231.64 M
2019-06-11 21:12:43,0.0,231.64 M
2019-06-11 21:12:45,0.0,229.70 M
2019-06-11 21:12:47,0.0,229.85 M
2019-06-11 21:12:49,1.0,229.85 M
2019-06-11 21:12:51,0.0,230.86 M
2019-06-11 21:12:53,0.0,230.86 M
2019-06-11 21:12:55,7.0,232.12 M
2019-06-11 21:12:57,0.0,232.29 M
2019-06-11 21:12:59,0.0,232.29 M
2019-06-11 21:13:01,0.0,233.37 M
2019-06-11 21:13:03,0.0,233.33 M
2019-06-11 21:13:05,5.0,235.36 M
2019-06-11 21:13:07,0.0,235.43 M
2019-06-11 21:13:09,0.0,235.43 M
2019-06-11 21:13:11,4.0,236.43 M
2019-06-11 21:13:13,0.0,236.43 M
2019-06-11 21:13:15,0.0,236.43 M
2019-06-11 21:13:17,0.0,238.41 M
2019-06-11 21:13:20,0.0,238.37 M
2019-06-11 21:13:22,4.0,238.37 M
2019-06-11 21:13:24,0.0,238.37 M
2019-06-11 21:13:26,0.0,238.37 M
2019-06-11 21:13:28,2.0,240.66 M
2019-06-11 21:13:30,0.0,240.66 M
2019-06-11 21:13:32,0.0,240.66 M
2019-06-11 21:13:34,0.0,240.66 M
2019-06-11 21:13:36,0.0,240.66 M
2019-06-11 21:13:38,2.0,240.66 M
2019-06-11 21:13:40,0.0,240.66 M
2019-06-11 21:13:42,0.0,240.66 M
2019-06-11 21:13:44,0.0,240.66 M
2019-06-11 21:13:46,0.0,240.66 M
2019-06-11 21:13:48,3.0,240.79 M
2019-06-11 21:13:50,0.0,240.79 M
2019-06-11 21:13:52,0.0,240.79 M
2019-06-11 21:13:54,0.0,240.79 M
2019-06-11 21:13:56,0.0,240.79 M
2019-06-11 21:13:58,2.0,240.79 M
2019-06-11 21:14:00,0.0,240.79 M
2019-06-11 21:14:02,14.0,241.04 M
2019-06-11 21:14:04,0.0,241.04 M
2019-06-11 21:14:06,0.0,241.04 M
2019-06-11 21:14:08,1.0,241.04 M
2019-06-11 21:14:10,0.0,241.02 M
2019-06-11 21:14:12,5.0,241.63 M
2019-06-11 21:14:14,0.0,241.63 M
2019-06-11 21:14:16,6.0,241.63 M
2019-06-11 21:14:18,0.0,241.63 M
2019-06-11 21:14:20,0.0,241.63 M
2019-06-11 21:14:22,0.0,241.63 M
2019-06-11 21:14:24,0.0,241.63 M
2019-06-11 21:14:26,3.0,241.63 M
2019-06-11 21:14:28,0.0,241.64 M
2019-06-11 21:14:30,0.0,241.64 M
2019-06-11 21:14:32,4.0,241.64 M
2019-06-11 21:14:34,0.0,241.64 M
2019-06-11 21:14:36,0.0,241.64 M
2019-06-11 21:14:38,0.0,246.41 M
2019-06-11 21:14:40,0.0,246.46 M
2019-06-11 21:14:42,3.0,246.70 M
2019-06-11 21:14:44,0.0,246.70 M
2019-06-11 21:14:46,0.0,246.70 M
2019-06-11 21:14:48,0.0,246.70 M
2019-06-11 21:14:50,0.0,246.70 M
2019-06-11 21:14:52,0.0,246.70 M
2019-06-11 21:14:54,0.0,246.70 M
2019-06-11 21:14:56,0.0,246.70 M
2019-06-11 21:14:58,4.0,246.70 M
2019-06-11 21:15:00,0.0,246.70 M
2019-06-11 21:15:02,0.0,246.70 M
2019-06-11 21:15:04,2.0,246.70 M
2019-06-11 21:15:06,0.0,246.70 M
2019-06-11 21:15:08,0.0,246.70 M
2019-06-11 21:15:10,4.0,246.70 M
2019-06-11 21:15:12,0.0,246.70 M
2019-06-11 21:15:14,0.0,246.70 M
2019-06-11 21:15:16,0.0,246.70 M
2019-06-11 21:15:18,0.0,246.70 M
2019-06-11 21:15:20,2.0,246.70 M
2019-06-11 21:15:22,0.0,246.70 M
2019-06-11 21:15:24,0.0,246.70 M
2019-06-11 21:15:26,1.0,246.70 M
2019-06-11 21:15:28,0.0,246.70 M
2019-06-11 21:15:30,0.0,246.70 M
2019-06-11 21:15:32,0.0,246.70 M
2019-06-11 21:15:34,0.0,246.70 M
2019-06-11 21:15:36,0.0,246.70 M
2019-06-11 21:15:38,0.0,246.70 M
2019-06-11 21:15:40,0.0,246.70 M
2019-06-11 21:15:42,5.0,246.70 M
2019-06-11 21:15:44,0.0,246.70 M
2019-06-11 21:15:46,1.0,246.70 M
2019-06-11 21:15:48,0.0,248.23 M
2019-06-11 21:15:50,0.0,248.23 M
2019-06-11 21:15:52,1.0,248.23 M
2019-06-11 21:15:54,0.0,248.25 M
2019-06-11 21:15:56,144.9,158.59 M
2019-06-11 21:15:58,0.0,158.59 M
2019-06-11 21:16:00,1.0,158.59 M
2019-06-11 21:16:02,0.0,163.26 M
2019-06-11 21:16:04,0.0,163.28 M
2019-06-11 21:16:06,24.0,163.61 M
2019-06-11 21:16:08,0.0,163.64 M
2019-06-11 21:16:10,0.0,163.64 M
2019-06-11 21:16:12,0.0,165.03 M
2019-06-11 21:16:14,0.0,165.06 M
2019-06-11 21:16:16,23.0,175.60 M
2019-06-11 21:16:18,0.0,175.65 M
2019-06-11 21:16:20,0.0,175.65 M
2019-06-11 21:16:22,0.0,186.23 M
2019-06-11 21:16:24,0.0,186.27 M
2019-06-11 21:16:26,2.0,195.26 M
2019-06-11 21:16:28,0.0,195.31 M
2019-06-11 21:16:30,8.0,204.82 M
2019-06-11 21:16:32,1.0,204.86 M
2019-06-11 21:16:34,4.0,215.18 M
2019-06-11 21:16:36,0.0,215.32 M
2019-06-11 21:16:38,0.0,215.32 M
2019-06-11 21:16:40,1.0,228.70 M
2019-06-11 21:16:42,0.0,228.64 M
2019-06-11 21:16:44,0.0,228.89 M
2019-06-11 21:16:46,0.0,229.04 M
2019-06-11 21:16:48,4.0,229.04 M
2019-06-11 21:16:50,0.0,229.04 M
2019-06-11 21:16:52,6.0,229.04 M
2019-06-11 21:16:54,0.0,229.04 M
2019-06-11 21:16:56,0.0,229.04 M
2019-06-11 21:16:59,0.0,232.37 M
2019-06-11 21:17:01,0.0,228.29 M
2019-06-11 21:17:03,4.0,228.29 M
2019-06-11 21:17:05,0.0,228.29 M
2019-06-11 21:17:07,2.0,228.29 M
2019-06-11 21:17:09,0.0,228.29 M
2019-06-11 21:17:11,0.0,228.29 M
2019-06-11 21:17:13,6.0,229.45 M
2019-06-11 21:17:15,0.0,229.45 M
2019-06-11 21:17:17,5.0,231.23 M
2019-06-11 21:17:19,0.0,231.23 M
2019-06-11 21:17:21,0.0,231.23 M
2019-06-11 21:17:23,0.0,231.73 M
2019-06-11 21:17:25,0.0,231.90 M
2019-06-11 21:17:27,2.0,234.96 M
2019-06-11 21:17:29,0.0,234.96 M
2019-06-11 21:17:31,0.0,234.96 M
2019-06-11 21:17:33,0.0,236.50 M
2019-06-11 21:17:35,0.0,236.50 M
2019-06-11 21:17:37,5.0,234.48 M
2019-06-11 21:17:39,0.0,234.51 M
2019-06-11 21:17:41,0.0,234.51 M
2019-06-11 21:17:43,0.0,234.51 M
2019-06-11 21:17:45,0.0,234.51 M
2019-06-11 21:17:47,7.0,234.51 M
2019-06-11 21:17:49,0.0,234.51 M
2019-06-11 21:17:51,0.0,234.51 M
2019-06-11 21:17:53,0.0,234.60 M
2019-06-11 21:17:55,0.0,234.60 M
2019-06-11 21:17:57,5.0,234.60 M
2019-06-11 21:17:59,1.0,234.60 M
2019-06-11 21:18:01,0.0,234.60 M
2019-06-11 21:18:03,0.0,234.84 M
2019-06-11 21:18:05,0.0,235.01 M
2019-06-11 21:18:07,0.0,235.01 M
2019-06-11 21:18:09,0.0,235.01 M
2019-06-11 21:18:11,0.0,235.01 M
2019-06-11 21:18:13,1.0,235.01 M
2019-06-11 21:18:15,3.0,237.30 M
2019-06-11 21:18:17,0.0,237.32 M
2019-06-11 21:18:19,3.0,237.32 M
2019-06-11 21:18:21,0.0,237.32 M
2019-06-11 21:18:23,5.0,237.32 M
2019-06-11 21:18:25,0.0,237.32 M
2019-06-11 21:18:27,0.0,237.32 M
2019-06-11 21:18:29,0.0,242.22 M
2019-06-11 21:18:31,0.0,242.22 M
2019-06-11 21:18:33,4.0,242.22 M
2019-06-11 21:18:35,0.0,242.22 M
2019-06-11 21:18:37,0.0,242.22 M
2019-06-11 21:18:39,0.0,242.22 M
2019-06-11 21:18:41,0.0,242.22 M
2019-06-11 21:18:43,4.0,242.22 M
2019-06-11 21:18:45,0.0,242.22 M
2019-06-11 21:18:47,0.0,242.22 M
2019-06-11 21:18:49,0.0,242.22 M
2019-06-11 21:18:51,0.0,242.23 M
2019-06-11 21:18:53,5.0,242.23 M
2019-06-11 21:18:55,0.0,242.23 M
2019-06-11 21:18:57,0.0,242.23 M
2019-06-11 21:18:59,2.0,242.23 M
2019-06-11 21:19:01,0.0,242.23 M
2019-06-11 21:19:03,0.0,242.23 M
2019-06-11 21:19:05,4.0,242.23 M
2019-06-11 21:19:07,1.0,242.23 M
2019-06-11 21:19:09,0.0,242.23 M
2019-06-11 21:19:11,0.0,242.23 M
2019-06-11 21:19:13,0.0,242.23 M
2019-06-11 21:19:15,0.0,242.23 M
2019-06-11 21:19:17,0.0,242.23 M
2019-06-11 21:19:19,0.0,242.23 M
2019-06-11 21:19:21,0.0,242.23 M
2019-06-11 21:19:23,0.0,242.23 M
2019-06-11 21:19:25,0.0,242.23 M
2019-06-11 21:19:27,9.0,243.07 M
2019-06-11 21:19:29,0.0,243.07 M
2019-06-11 21:19:31,0.0,243.07 M
2019-06-11 21:19:33,0.0,243.07 M
2019-06-11 21:19:35,0.0,243.07 M
2019-06-11 21:19:37,1.0,243.07 M
2019-06-11 21:19:39,0.0,243.07 M
2019-06-11 21:19:41,0.0,243.07 M
2019-06-11 21:19:43,6.0,243.07 M
2019-06-11 21:19:45,0.0,243.07 M
2019-06-11 21:19:47,0.0,243.07 M
2019-06-11 21:19:49,0.0,243.07 M
2019-06-11 21:19:51,0.0,243.07 M
2019-06-11 21:19:53,3.0,243.24 M
2019-06-11 21:19:55,0.0,243.24 M
2019-06-11 21:19:57,0.0,243.24 M
2019-06-11 21:19:59,3.0,243.24 M
2019-06-11 21:20:01,0.0,243.24 M
2019-06-11 21:20:03,0.0,243.24 M
2019-06-11 21:20:05,0.0,243.24 M
2019-06-11 21:20:07,0.0,243.24 M
2019-06-11 21:20:09,5.0,243.24 M
2019-06-11 21:20:11,1.0,243.24 M
2019-06-11 21:20:13,0.0,243.24 M
2019-06-11 21:20:15,3.0,243.24 M
2019-06-11 21:20:17,0.0,243.24 M
2019-06-11 21:20:19,1.0,243.24 M
2019-06-11 21:20:21,0.0,243.24 M
2019-06-11 21:20:23,1.0,243.24 M
2019-06-11 21:20:25,3.0,242.75 M
2019-06-11 21:20:27,0.0,242.76 M
2019-06-11 21:20:29,0.0,242.76 M
2019-06-11 21:20:31,1.0,242.76 M
2019-06-11 21:20:33,0.0,242.76 M
2019-06-11 21:20:35,0.0,242.76 M
2019-06-11 21:20:37,0.0,242.76 M
2019-06-11 21:20:39,0.0,242.76 M
2019-06-11 21:20:41,0.0,242.76 M
2019-06-11 21:20:43,0.0,242.76 M
2019-06-11 21:20:45,0.0,242.76 M
2019-06-11 21:20:47,0.0,242.76 M
2019-06-11 21:20:49,0.0,242.76 M
2019-06-11 21:20:51,0.0,242.76 M
2019-06-11 21:20:53,4.0,242.76 M
2019-06-11 21:20:55,0.0,242.96 M
2019-06-11 21:20:58,144.8,160.43 M
2019-06-11 21:21:00,0.0,160.43 M
2019-06-11 21:21:02,0.0,160.43 M
2019-06-11 21:21:04,49.9,164.21 M
2019-06-11 21:21:06,0.0,164.23 M
2019-06-11 21:21:08,0.0,164.23 M
2019-06-11 21:21:10,21.0,164.52 M
2019-06-11 21:21:12,0.0,164.54 M
2019-06-11 21:21:14,0.0,164.54 M
2019-06-11 21:21:16,0.0,165.10 M
2019-06-11 21:21:18,0.0,165.10 M
2019-06-11 21:21:20,0.0,165.10 M
2019-06-11 21:21:22,0.0,167.21 M
2019-06-11 21:21:24,0.0,167.21 M
2019-06-11 21:21:26,14.0,172.10 M
2019-06-11 21:21:28,0.0,172.11 M
2019-06-11 21:21:30,0.0,172.11 M
2019-06-11 21:21:32,4.0,178.78 M
2019-06-11 21:21:34,0.0,178.81 M
2019-06-11 21:21:36,0.0,178.81 M
2019-06-11 21:21:38,7.0,186.73 M
2019-06-11 21:21:40,0.0,186.75 M
2019-06-11 21:21:42,0.0,186.75 M
2019-06-11 21:21:44,6.0,193.95 M
2019-06-11 21:21:46,0.0,194.08 M
2019-06-11 21:21:48,0.0,194.08 M
2019-06-11 21:21:50,5.0,201.77 M
2019-06-11 21:21:52,0.0,201.79 M
2019-06-11 21:21:54,0.0,201.79 M
2019-06-11 21:21:56,5.0,209.14 M
2019-06-11 21:21:58,0.0,209.17 M
2019-06-11 21:22:00,0.0,209.17 M
2019-06-11 21:22:02,0.0,216.88 M
2019-06-11 21:22:04,0.0,216.92 M
2019-06-11 21:22:06,0.0,216.92 M
2019-06-11 21:22:08,0.0,227.78 M
2019-06-11 21:22:10,0.0,227.81 M
2019-06-11 21:22:12,1.0,227.81 M
2019-06-11 21:22:14,0.0,227.81 M
2019-06-11 21:22:16,0.0,227.81 M
2019-06-11 21:22:18,0.0,227.81 M
2019-06-11 21:22:20,0.0,227.81 M
2019-06-11 21:22:22,0.0,227.81 M
2019-06-11 21:22:24,0.0,227.81 M
2019-06-11 21:22:26,0.0,228.25 M
2019-06-11 21:22:28,1.0,228.25 M
2019-06-11 21:22:30,0.0,228.25 M
2019-06-11 21:22:32,0.0,228.25 M
2019-06-11 21:22:34,0.0,228.25 M
2019-06-11 21:22:36,2.0,228.25 M
2019-06-11 21:22:38,0.0,228.25 M
2019-06-11 21:22:40,0.0,228.25 M
2019-06-11 21:22:42,5.0,228.25 M
2019-06-11 21:22:44,0.0,228.25 M
2019-06-11 21:22:46,0.0,228.25 M
2019-06-11 21:22:48,9.0,233.39 M
2019-06-11 21:22:50,0.0,233.39 M
2019-06-11 21:22:52,0.0,233.39 M
2019-06-11 21:22:54,0.0,233.52 M
2019-06-11 21:22:56,0.0,233.52 M
2019-06-11 21:22:58,0.0,233.52 M
2019-06-11 21:23:00,0.0,234.02 M
2019-06-11 21:23:02,0.0,230.71 M
2019-06-11 21:23:04,0.0,230.71 M
2019-06-11 21:23:06,0.0,232.77 M
2019-06-11 21:23:08,0.0,232.79 M
2019-06-11 21:23:10,0.0,232.79 M
2019-06-11 21:23:12,0.0,234.05 M
2019-06-11 21:23:14,0.0,234.05 M
2019-06-11 21:23:16,0.0,234.05 M
2019-06-11 21:23:18,0.0,235.05 M
2019-06-11 21:23:20,0.0,235.05 M
2019-06-11 21:23:22,3.0,236.57 M
2019-06-11 21:23:24,0.0,236.61 M
2019-06-11 21:23:26,0.0,236.61 M
2019-06-11 21:23:28,0.0,237.87 M
2019-06-11 21:23:30,0.0,237.87 M
2019-06-11 21:23:32,0.0,237.87 M
2019-06-11 21:23:34,0.0,237.90 M
2019-06-11 21:23:36,0.0,237.90 M
2019-06-11 21:23:38,2.0,238.39 M
2019-06-11 21:23:40,1.0,238.54 M
2019-06-11 21:23:42,0.0,238.54 M
2019-06-11 21:23:44,6.0,240.48 M
2019-06-11 21:23:46,0.0,240.48 M
2019-06-11 21:23:48,0.0,240.48 M
2019-06-11 21:23:50,3.0,240.48 M
2019-06-11 21:23:52,0.0,240.48 M
2019-06-11 21:23:54,0.0,240.48 M
2019-06-11 21:23:56,3.0,240.48 M
2019-06-11 21:23:58,0.0,240.48 M
2019-06-11 21:24:00,0.0,240.48 M
2019-06-11 21:24:02,0.0,240.48 M
2019-06-11 21:24:04,0.0,240.48 M
2019-06-11 21:24:06,4.0,240.48 M
2019-06-11 21:24:08,0.0,240.48 M
2019-06-11 21:24:10,0.0,240.48 M
2019-06-11 21:24:12,0.0,240.48 M
2019-06-11 21:24:14,0.0,240.48 M
2019-06-11 21:24:16,0.0,240.48 M
2019-06-11 21:24:18,0.0,240.48 M
2019-06-11 21:24:20,0.0,240.48 M
2019-06-11 21:24:22,3.0,240.48 M
2019-06-11 21:24:24,0.0,240.48 M
2019-06-11 21:24:26,0.0,240.48 M
2019-06-11 21:24:28,0.0,242.31 M
2019-06-11 21:24:30,0.0,242.31 M
2019-06-11 21:24:32,1.0,242.31 M
2019-06-11 21:24:35,0.0,242.31 M
2019-06-11 21:24:37,0.0,242.31 M
2019-06-11 21:24:39,5.0,242.31 M
2019-06-11 21:24:41,0.0,242.31 M
2019-06-11 21:24:43,0.0,242.31 M
2019-06-11 21:24:45,4.0,242.31 M
2019-06-11 21:24:47,0.0,242.31 M
2019-06-11 21:24:49,0.0,242.31 M
2019-06-11 21:24:51,2.0,242.57 M
2019-06-11 21:24:53,0.0,242.61 M
2019-06-11 21:24:55,0.0,242.61 M
2019-06-11 21:24:57,0.0,242.75 M
2019-06-11 21:24:59,0.0,242.75 M
2019-06-11 21:25:01,5.0,245.58 M
2019-06-11 21:25:03,0.0,245.58 M
2019-06-11 21:25:05,0.0,245.58 M
2019-06-11 21:25:07,2.0,245.58 M
2019-06-11 21:25:09,0.0,245.58 M
2019-06-11 21:25:11,0.0,245.58 M
2019-06-11 21:25:13,0.0,245.58 M
2019-06-11 21:25:15,0.0,245.58 M
2019-06-11 21:25:17,0.0,245.58 M
2019-06-11 21:25:19,1.0,245.58 M
2019-06-11 21:25:21,0.0,245.58 M
2019-06-11 21:25:23,0.0,245.58 M
2019-06-11 21:25:25,0.0,245.58 M
2019-06-11 21:25:27,0.0,245.58 M
2019-06-11 21:25:29,2.0,245.58 M
2019-06-11 21:25:31,0.0,245.58 M
2019-06-11 21:25:33,0.0,245.58 M
2019-06-11 21:25:35,3.0,245.58 M
2019-06-11 21:25:37,0.0,245.58 M
2019-06-11 21:25:39,0.0,245.58 M
2019-06-11 21:25:41,0.0,245.58 M
2019-06-11 21:25:43,0.0,245.74 M
2019-06-11 21:25:45,0.0,245.74 M
2019-06-11 21:25:47,0.0,245.74 M
2019-06-11 21:25:49,0.0,245.74 M
2019-06-11 21:25:51,0.0,245.74 M
2019-06-11 21:25:53,0.0,245.91 M
2019-06-11 21:25:55,0.0,245.91 M
2019-06-11 21:25:58,142.8,159.72 M
2019-06-11 21:26:00,1.0,159.72 M
2019-06-11 21:26:02,0.0,159.72 M
2019-06-11 21:26:04,28.0,162.42 M
2019-06-11 21:26:06,0.0,163.45 M
2019-06-11 21:26:08,0.0,163.45 M
2019-06-11 21:26:10,0.0,163.47 M
2019-06-11 21:26:12,0.0,163.95 M
2019-06-11 21:26:14,0.0,163.99 M
2019-06-11 21:26:16,0.0,163.99 M
2019-06-11 21:26:18,0.0,166.05 M
2019-06-11 21:26:20,0.0,166.05 M
2019-06-11 21:26:22,0.0,166.05 M
2019-06-11 21:26:24,0.0,166.16 M
2019-06-11 21:26:26,0.0,166.22 M
2019-06-11 21:26:28,0.0,166.22 M
2019-06-11 21:26:30,1.0,171.48 M
2019-06-11 21:26:32,0.0,171.53 M
2019-06-11 21:26:34,5.0,172.85 M
2019-06-11 21:26:36,0.0,176.27 M
2019-06-11 21:26:38,0.0,176.22 M
2019-06-11 21:26:40,5.0,180.84 M
2019-06-11 21:26:42,0.0,180.86 M
2019-06-11 21:26:44,0.0,180.86 M
2019-06-11 21:26:46,2.0,186.51 M
2019-06-11 21:26:48,0.0,186.55 M
2019-06-11 21:26:50,0.0,186.55 M
2019-06-11 21:26:52,2.0,192.18 M
2019-06-11 21:26:54,0.0,192.22 M
2019-06-11 21:26:56,0.0,192.22 M
2019-06-11 21:26:58,1.0,196.96 M
2019-06-11 21:27:00,0.0,197.08 M
2019-06-11 21:27:02,0.0,197.08 M
2019-06-11 21:27:04,3.0,202.06 M
2019-06-11 21:27:06,0.0,202.10 M
2019-06-11 21:27:08,0.0,202.10 M
2019-06-11 21:27:10,0.0,207.74 M
2019-06-11 21:27:12,0.0,207.82 M
2019-06-11 21:27:14,0.0,207.82 M
2019-06-11 21:27:16,0.0,217.35 M
2019-06-11 21:27:18,0.0,217.39 M
2019-06-11 21:27:20,0.0,217.39 M
2019-06-11 21:27:22,0.0,218.40 M
2019-06-11 21:27:24,0.0,218.44 M
2019-06-11 21:27:26,0.0,218.44 M
2019-06-11 21:27:28,0.0,218.44 M
2019-06-11 21:27:30,0.0,218.41 M
2019-06-11 21:27:32,0.0,218.41 M
2019-06-11 21:27:34,0.0,218.41 M
2019-06-11 21:27:36,0.0,218.46 M
2019-06-11 21:27:38,0.0,218.46 M
2019-06-11 21:27:40,0.0,218.46 M
2019-06-11 21:27:42,0.0,218.46 M
2019-06-11 21:27:44,0.0,218.46 M
2019-06-11 21:27:46,0.0,218.46 M
2019-06-11 21:27:48,0.0,218.46 M
2019-06-11 21:27:50,0.0,218.46 M
2019-06-11 21:27:52,0.0,218.46 M
2019-06-11 21:27:54,0.0,218.46 M
2019-06-11 21:27:56,4.0,218.72 M
2019-06-11 21:27:58,0.0,218.72 M
2019-06-11 21:28:00,0.0,218.72 M
2019-06-11 21:28:02,2.0,218.84 M
2019-06-11 21:28:04,0.0,218.84 M
2019-06-11 21:28:06,0.0,218.84 M
2019-06-11 21:28:09,4.0,219.01 M
2019-06-11 21:28:11,0.0,219.19 M
2019-06-11 21:28:13,0.0,219.19 M
2019-06-11 21:28:15,4.0,219.19 M
2019-06-11 21:28:17,0.0,219.20 M
2019-06-11 21:28:19,0.0,219.20 M
2019-06-11 21:28:21,3.0,221.20 M
2019-06-11 21:28:23,0.0,221.20 M
2019-06-11 21:28:25,0.0,221.20 M
2019-06-11 21:28:27,15.0,225.53 M
2019-06-11 21:28:29,0.0,225.62 M
2019-06-11 21:28:31,0.0,225.62 M
2019-06-11 21:28:33,0.0,226.87 M
2019-06-11 21:28:35,0.0,226.87 M
2019-06-11 21:28:37,0.0,226.87 M
2019-06-11 21:28:39,0.0,227.89 M
2019-06-11 21:28:41,0.0,228.00 M
2019-06-11 21:28:43,0.0,228.00 M
2019-06-11 21:28:45,0.0,228.49 M
2019-06-11 21:28:47,0.0,228.57 M
2019-06-11 21:28:49,4.0,231.34 M
2019-06-11 21:28:51,0.0,231.99 M
2019-06-11 21:28:53,0.0,227.86 M
2019-06-11 21:28:55,2.0,230.14 M
2019-06-11 21:28:57,0.0,230.14 M
2019-06-11 21:28:59,0.0,230.14 M
2019-06-11 21:29:01,3.0,232.95 M
2019-06-11 21:29:03,0.0,232.98 M
2019-06-11 21:29:05,0.0,232.98 M
2019-06-11 21:29:07,0.0,235.02 M
2019-06-11 21:29:09,0.0,234.98 M
2019-06-11 21:29:11,1.0,234.98 M
2019-06-11 21:29:13,0.0,235.73 M
2019-06-11 21:29:15,0.0,235.88 M
2019-06-11 21:29:17,0.0,235.88 M
2019-06-11 21:29:19,0.0,234.53 M
2019-06-11 21:29:21,0.0,234.53 M
2019-06-11 21:29:23,2.0,234.53 M
2019-06-11 21:29:25,0.0,234.53 M
2019-06-11 21:29:27,0.0,234.53 M
2019-06-11 21:29:29,2.0,234.53 M
2019-06-11 21:29:31,0.0,234.53 M
2019-06-11 21:29:33,0.0,234.53 M
2019-06-11 21:29:35,3.0,234.53 M
2019-06-11 21:29:37,0.0,234.53 M
2019-06-11 21:29:39,0.0,234.53 M
2019-06-11 21:29:41,4.0,234.53 M
2019-06-11 21:29:43,0.0,234.53 M
2019-06-11 21:29:45,0.0,234.53 M
2019-06-11 21:29:47,0.0,234.53 M
2019-06-11 21:29:49,0.0,234.53 M
2019-06-11 21:29:51,0.0,234.53 M
2019-06-11 21:29:53,0.0,234.63 M
2019-06-11 21:29:55,0.0,234.63 M
2019-06-11 21:29:57,4.0,234.63 M
2019-06-11 21:29:59,0.0,234.63 M
2019-06-11 21:30:01,0.0,234.63 M
2019-06-11 21:30:03,3.0,234.63 M
2019-06-11 21:30:05,0.0,234.63 M
2019-06-11 21:30:07,0.0,234.63 M
2019-06-11 21:30:09,0.0,234.63 M
2019-06-11 21:30:11,0.0,234.62 M
2019-06-11 21:30:13,0.0,234.62 M
2019-06-11 21:30:15,0.0,234.62 M
2019-06-11 21:30:17,0.0,234.62 M
2019-06-11 21:30:19,2.0,234.62 M
2019-06-11 21:30:21,0.0,234.62 M
2019-06-11 21:30:23,0.0,234.62 M
2019-06-11 21:30:25,0.0,234.62 M
2019-06-11 21:30:27,0.0,234.62 M
2019-06-11 21:30:29,0.0,234.62 M
2019-06-11 21:30:31,0.0,234.62 M
2019-06-11 21:30:33,0.0,234.62 M
2019-06-11 21:30:35,5.0,235.02 M
2019-06-11 21:30:37,0.0,235.18 M
2019-06-11 21:30:39,0.0,235.18 M
2019-06-11 21:30:41,2.0,235.48 M
2019-06-11 21:30:43,0.0,235.48 M
2019-06-11 21:30:45,0.0,235.48 M
2019-06-11 21:30:47,0.0,236.23 M
2019-06-11 21:30:49,0.0,236.24 M
2019-06-11 21:30:51,2.0,236.24 M
2019-06-11 21:30:53,1.0,236.24 M
2019-06-11 21:30:55,0.0,236.24 M
2019-06-11 21:30:57,5.0,0.00 B
2019-06-11 21:30:59,139.8,158.83 M
2019-06-11 21:31:01,0.0,158.83 M
2019-06-11 21:31:03,0.0,158.83 M
2019-06-11 21:31:05,151.9,163.10 M
2019-06-11 21:31:07,0.0,163.10 M
2019-06-11 21:31:09,0.0,163.10 M
2019-06-11 21:31:11,148.8,161.64 M
2019-06-11 21:31:13,0.0,161.64 M
2019-06-11 21:31:15,0.0,161.64 M
2019-06-11 21:31:18,150.8,161.96 M
2019-06-11 21:31:20,0.0,161.96 M
2019-06-11 21:31:22,0.0,161.96 M
2019-06-11 21:31:24,27.0,164.62 M
2019-06-11 21:31:26,0.0,164.68 M
2019-06-11 21:31:28,0.0,164.68 M
2019-06-11 21:31:30,0.0,164.98 M
2019-06-11 21:31:32,0.0,165.02 M
2019-06-11 21:31:34,9.0,165.43 M
2019-06-11 21:31:36,0.0,165.43 M
2019-06-11 21:31:38,0.0,165.43 M
2019-06-11 21:31:40,6.0,165.51 M
2019-06-11 21:31:42,0.0,165.55 M
2019-06-11 21:31:44,0.0,165.55 M
2019-06-11 21:31:46,0.0,165.65 M
2019-06-11 21:31:48,0.0,165.68 M
2019-06-11 21:31:50,0.0,165.68 M
2019-06-11 21:31:52,0.0,168.80 M
2019-06-11 21:31:54,0.0,168.87 M
2019-06-11 21:31:56,6.0,169.04 M
2019-06-11 21:31:58,0.0,169.04 M
2019-06-11 21:32:00,0.0,169.04 M
2019-06-11 21:32:02,5.0,169.16 M
2019-06-11 21:32:04,0.0,169.20 M
2019-06-11 21:32:06,0.0,169.20 M
2019-06-11 21:32:08,0.0,169.32 M
2019-06-11 21:32:10,0.0,169.32 M
2019-06-11 21:32:12,0.0,169.32 M
2019-06-11 21:32:14,0.0,169.32 M
2019-06-11 21:32:16,0.0,169.36 M
2019-06-11 21:32:18,3.0,169.84 M
2019-06-11 21:32:20,0.0,169.84 M
2019-06-11 21:32:22,0.0,169.84 M
2019-06-11 21:32:24,0.0,171.12 M
2019-06-11 21:32:26,0.0,171.16 M
2019-06-11 21:32:28,3.0,172.68 M
2019-06-11 21:32:30,1.0,172.72 M
2019-06-11 21:32:32,0.0,172.72 M
2019-06-11 21:32:34,0.0,174.75 M
2019-06-11 21:32:36,0.0,174.79 M
2019-06-11 21:32:38,4.0,176.32 M
2019-06-11 21:32:40,0.0,176.36 M
2019-06-11 21:32:42,0.0,176.36 M
2019-06-11 21:32:44,0.0,178.13 M
2019-06-11 21:32:46,0.0,178.17 M
2019-06-11 21:32:48,8.0,182.01 M
2019-06-11 21:32:50,0.0,182.53 M
2019-06-11 21:32:52,0.0,178.64 M
2019-06-11 21:32:54,3.0,180.42 M
2019-06-11 21:32:56,0.0,180.45 M
2019-06-11 21:32:58,0.0,180.45 M
2019-06-11 21:33:00,0.0,181.99 M
2019-06-11 21:33:02,0.0,181.99 M
2019-06-11 21:33:04,4.0,184.29 M
2019-06-11 21:33:06,0.0,184.36 M
2019-06-11 21:33:08,0.0,184.36 M
2019-06-11 21:33:10,0.0,185.36 M
2019-06-11 21:33:12,0.0,185.39 M
2019-06-11 21:33:14,5.0,187.43 M
2019-06-11 21:33:16,0.0,187.47 M
2019-06-11 21:33:18,0.0,187.47 M
2019-06-11 21:33:20,0.0,189.77 M
2019-06-11 21:33:22,0.0,189.80 M
2019-06-11 21:33:24,2.0,191.44 M
2019-06-11 21:33:26,0.0,191.47 M
2019-06-11 21:33:28,0.0,191.47 M
2019-06-11 21:33:30,0.0,193.25 M
2019-06-11 21:33:32,1.0,193.28 M
2019-06-11 21:33:34,1.0,194.54 M
2019-06-11 21:33:36,0.0,194.57 M
2019-06-11 21:33:38,0.0,194.57 M
2019-06-11 21:33:40,155.0,161.41 M
2019-06-11 21:33:42,0.0,161.41 M
2019-06-11 21:33:44,0.0,161.41 M
2019-06-11 21:33:46,64.0,166.55 M
2019-06-11 21:33:48,0.0,166.60 M
2019-06-11 21:33:50,0.0,166.60 M
2019-06-11 21:33:52,1.0,166.88 M
2019-06-11 21:33:54,0.0,166.91 M
2019-06-11 21:33:56,4.0,166.91 M
2019-06-11 21:33:58,0.0,170.21 M
2019-06-11 21:34:00,0.0,170.21 M
2019-06-11 21:34:02,8.0,173.35 M
2019-06-11 21:34:04,0.0,173.41 M
2019-06-11 21:34:06,0.0,173.41 M
2019-06-11 21:34:08,0.0,180.09 M
2019-06-11 21:34:10,0.0,180.27 M
2019-06-11 21:34:12,5.0,182.32 M
2019-06-11 21:34:14,0.0,184.34 M
2019-06-11 21:34:16,0.0,184.37 M
2019-06-11 21:34:18,0.0,193.33 M
2019-06-11 21:34:20,0.0,193.36 M
2019-06-11 21:34:22,0.0,193.36 M
2019-06-11 21:34:24,0.0,201.84 M
2019-06-11 21:34:26,0.0,201.89 M
2019-06-11 21:34:28,5.0,210.62 M
2019-06-11 21:34:30,0.0,210.63 M
2019-06-11 21:34:32,0.0,210.63 M
2019-06-11 21:34:34,5.0,219.38 M
2019-06-11 21:34:36,0.0,219.41 M
2019-06-11 21:34:38,0.0,219.41 M
2019-06-11 21:34:40,0.0,225.61 M
2019-06-11 21:34:42,0.0,225.65 M
2019-06-11 21:34:45,0.0,225.65 M
2019-06-11 21:34:47,0.0,225.65 M
2019-06-11 21:34:49,0.0,225.82 M
2019-06-11 21:34:51,0.0,225.82 M
2019-06-11 21:34:53,0.0,225.82 M
2019-06-11 21:34:55,0.0,225.84 M
2019-06-11 21:34:57,1.0,225.84 M
2019-06-11 21:34:59,0.0,225.84 M
2019-06-11 21:35:01,0.0,225.81 M
2019-06-11 21:35:03,9.0,225.81 M
2019-06-11 21:35:05,0.0,225.81 M
2019-06-11 21:35:07,0.0,225.81 M
2019-06-11 21:35:09,5.0,225.81 M
2019-06-11 21:35:11,0.0,225.79 M
2019-06-11 21:35:13,0.0,225.79 M
2019-06-11 21:35:15,0.0,225.79 M
2019-06-11 21:35:17,0.0,225.87 M
2019-06-11 21:35:19,0.0,225.87 M
2019-06-11 21:35:21,0.0,227.26 M
2019-06-11 21:35:23,0.0,227.26 M
2019-06-11 21:35:25,0.0,227.26 M
2019-06-11 21:35:27,0.0,228.29 M
2019-06-11 21:35:29,0.0,228.29 M
2019-06-11 21:35:31,11.0,237.36 M
2019-06-11 21:35:33,0.0,237.36 M
2019-06-11 21:35:35,0.0,237.36 M
2019-06-11 21:35:37,3.0,238.61 M
2019-06-11 21:35:39,0.0,238.62 M
2019-06-11 21:35:41,0.0,235.12 M
2019-06-11 21:35:43,4.0,235.61 M
2019-06-11 21:35:45,0.0,235.61 M
2019-06-11 21:35:47,0.0,235.61 M
2019-06-11 21:35:49,3.0,235.86 M
2019-06-11 21:35:51,0.0,236.04 M
2019-06-11 21:35:53,0.0,236.04 M
2019-06-11 21:35:55,0.0,237.54 M
2019-06-11 21:35:57,0.0,237.65 M
2019-06-11 21:35:59,0.0,237.65 M
2019-06-11 21:36:01,0.0,237.53 M
2019-06-11 21:36:03,0.0,237.70 M
2019-06-11 21:36:05,0.0,237.70 M
2019-06-11 21:36:07,0.0,237.70 M
2019-06-11 21:36:09,0.0,237.66 M
2019-06-11 21:36:11,0.0,237.66 M
2019-06-11 21:36:13,0.0,237.66 M
2019-06-11 21:36:15,0.0,237.66 M
2019-06-11 21:36:17,0.0,237.66 M
2019-06-11 21:36:19,0.0,237.66 M
2019-06-11 21:36:21,0.0,237.66 M
2019-06-11 21:36:23,0.0,237.66 M
2019-06-11 21:36:25,0.0,239.93 M
2019-06-11 21:36:27,0.0,239.93 M
2019-06-11 21:36:29,0.0,239.93 M
2019-06-11 21:36:31,0.0,239.93 M
2019-06-11 21:36:33,0.0,239.93 M
2019-06-11 21:36:35,0.0,239.93 M
2019-06-11 21:36:37,0.0,239.93 M
2019-06-11 21:36:39,0.0,239.93 M
2019-06-11 21:36:41,0.0,239.93 M
2019-06-11 21:36:43,0.0,239.97 M
2019-06-11 21:36:45,0.0,239.97 M
2019-06-11 21:36:47,0.0,239.97 M
2019-06-11 21:36:49,0.0,239.97 M
2019-06-11 21:36:51,0.0,239.97 M
2019-06-11 21:36:53,0.0,239.97 M
2019-06-11 21:36:55,146.9,161.12 M
2019-06-11 21:36:57,0.0,161.12 M
2019-06-11 21:36:59,1.0,161.12 M
2019-06-11 21:37:01,5.0,165.77 M
2019-06-11 21:37:03,0.0,165.82 M
2019-06-11 21:37:05,2.0,166.00 M
2019-06-11 21:37:07,0.0,166.85 M
2019-06-11 21:37:09,1.0,166.89 M
2019-06-11 21:37:11,28.0,167.12 M
2019-06-11 21:37:13,0.0,167.12 M
2019-06-11 21:37:15,0.0,167.12 M
2019-06-11 21:37:17,1.0,170.29 M
2019-06-11 21:37:19,0.0,170.32 M
2019-06-11 21:37:21,17.0,178.13 M
2019-06-11 21:37:23,0.0,178.12 M
2019-06-11 21:37:25,0.0,178.12 M
2019-06-11 21:37:27,0.0,186.07 M
2019-06-11 21:37:29,1.0,186.07 M
2019-06-11 21:37:31,7.0,194.55 M
2019-06-11 21:37:33,0.0,194.57 M
2019-06-11 21:37:35,0.0,194.57 M
2019-06-11 21:37:37,0.0,203.06 M
2019-06-11 21:37:39,0.0,203.19 M
2019-06-11 21:37:41,5.0,212.18 M
2019-06-11 21:37:43,0.0,212.30 M
2019-06-11 21:37:45,0.0,212.30 M
2019-06-11 21:37:47,7.0,224.41 M
2019-06-11 21:37:49,0.0,224.39 M
2019-06-11 21:37:51,1.0,224.39 M
2019-06-11 21:37:53,1.0,225.90 M
2019-06-11 21:37:55,0.0,226.04 M
2019-06-11 21:37:57,0.0,226.04 M
2019-06-11 21:37:59,0.0,226.04 M
2019-06-11 21:38:01,2.0,226.04 M
2019-06-11 21:38:03,0.0,226.04 M
2019-06-11 21:38:05,0.0,226.04 M
2019-06-11 21:38:07,3.0,226.04 M
2019-06-11 21:38:09,0.0,226.05 M
2019-06-11 21:38:11,0.0,226.05 M
2019-06-11 21:38:13,3.0,226.05 M
2019-06-11 21:38:15,0.0,226.08 M
2019-06-11 21:38:17,0.0,226.08 M
2019-06-11 21:38:19,0.0,226.08 M
2019-06-11 21:38:21,0.0,226.08 M
2019-06-11 21:38:23,0.0,226.08 M
2019-06-11 21:38:25,0.0,234.44 M
2019-06-11 21:38:27,0.0,234.50 M
2019-06-11 21:38:29,3.0,237.04 M
2019-06-11 21:38:32,0.0,237.04 M
2019-06-11 21:38:34,0.0,237.04 M
2019-06-11 21:38:36,4.0,237.81 M
2019-06-11 21:38:38,0.0,237.97 M
2019-06-11 21:38:40,0.0,234.34 M
2019-06-11 21:38:42,0.0,235.59 M
2019-06-11 21:38:44,0.0,235.74 M
2019-06-11 21:38:46,0.0,236.35 M
2019-06-11 21:38:48,0.0,236.85 M
2019-06-11 21:38:50,0.0,236.84 M
2019-06-11 21:38:52,5.0,238.37 M
2019-06-11 21:38:54,0.0,238.37 M
2019-06-11 21:38:56,1.0,238.37 M
2019-06-11 21:38:58,0.0,239.38 M
2019-06-11 21:39:00,0.0,239.38 M
2019-06-11 21:39:02,10.0,240.66 M
2019-06-11 21:39:04,0.0,240.62 M
2019-06-11 21:39:06,0.0,240.62 M
2019-06-11 21:39:08,0.0,240.62 M
2019-06-11 21:39:10,0.0,240.61 M
2019-06-11 21:39:12,1.0,240.61 M
2019-06-11 21:39:14,0.0,240.61 M
2019-06-11 21:39:16,0.0,240.61 M
2019-06-11 21:39:19,143.9,161.21 M
2019-06-11 21:39:21,0.0,161.21 M
2019-06-11 21:39:23,8.0,161.83 M
2019-06-11 21:39:25,0.0,164.85 M
2019-06-11 21:39:27,0.0,164.90 M
2019-06-11 21:39:29,26.0,165.30 M
2019-06-11 21:39:31,0.0,165.36 M
2019-06-11 21:39:33,0.0,165.36 M
2019-06-11 21:39:35,0.0,167.40 M
2019-06-11 21:39:37,0.0,167.40 M
2019-06-11 21:39:39,25.0,176.12 M
2019-06-11 21:39:41,0.0,176.25 M
2019-06-11 21:39:43,0.0,176.25 M
2019-06-11 21:39:45,20.0,184.45 M
2019-06-11 21:39:47,0.0,184.49 M
2019-06-11 21:39:49,0.0,184.49 M
2019-06-11 21:39:51,3.0,194.74 M
2019-06-11 21:39:53,0.0,194.84 M
2019-06-11 21:39:55,1.0,194.84 M
2019-06-11 21:39:57,0.0,206.16 M
2019-06-11 21:39:59,0.0,206.20 M
2019-06-11 21:40:01,0.0,206.20 M
2019-06-11 21:40:03,0.0,216.58 M
2019-06-11 21:40:05,0.0,216.75 M
2019-06-11 21:40:07,0.0,216.75 M
2019-06-11 21:40:09,0.0,225.67 M
2019-06-11 21:40:11,0.0,225.84 M
2019-06-11 21:40:13,0.0,225.84 M
2019-06-11 21:40:15,0.0,226.35 M
2019-06-11 21:40:17,0.0,226.47 M
2019-06-11 21:40:19,5.0,226.47 M
2019-06-11 21:40:21,0.0,226.47 M
2019-06-11 21:40:23,0.0,226.47 M
2019-06-11 21:40:25,4.0,226.47 M
2019-06-11 21:40:27,0.0,226.47 M
2019-06-11 21:40:29,0.0,226.47 M
2019-06-11 21:40:31,0.0,232.39 M
2019-06-11 21:40:33,0.0,232.34 M
2019-06-11 21:40:35,5.0,232.34 M
2019-06-11 21:40:37,0.0,232.34 M
2019-06-11 21:40:39,0.0,229.02 M
2019-06-11 21:40:41,3.0,229.65 M
2019-06-11 21:40:43,0.0,229.76 M
2019-06-11 21:40:45,0.0,229.76 M
2019-06-11 21:40:47,1.0,231.54 M
2019-06-11 21:40:49,0.0,231.57 M
2019-06-11 21:40:51,3.0,233.61 M
2019-06-11 21:40:53,0.0,233.61 M
2019-06-11 21:40:55,0.0,233.61 M
2019-06-11 21:40:57,0.0,234.61 M
2019-06-11 21:40:59,0.0,234.55 M
2019-06-11 21:41:01,5.0,235.58 M
2019-06-11 21:41:03,0.0,235.61 M
2019-06-11 21:41:05,0.0,235.61 M
2019-06-11 21:41:07,0.0,236.43 M
2019-06-11 21:41:09,0.0,236.43 M
2019-06-11 21:41:11,0.0,236.94 M
2019-06-11 21:41:13,0.0,236.94 M
2019-06-11 21:41:15,7.0,236.94 M
2019-06-11 21:41:17,0.0,236.94 M
2019-06-11 21:41:19,2.0,236.94 M
2019-06-11 21:41:21,0.0,237.02 M
2019-06-11 21:41:23,0.0,237.02 M
2019-06-11 21:41:25,0.0,237.02 M
2019-06-11 21:41:27,0.0,237.02 M
2019-06-11 21:41:29,0.0,237.02 M
2019-06-11 21:41:31,0.0,237.02 M
2019-06-11 21:41:33,0.0,237.02 M
2019-06-11 21:41:35,6.0,237.02 M
2019-06-11 21:41:37,0.0,237.02 M
2019-06-11 21:41:39,0.0,237.02 M
2019-06-11 21:41:41,0.0,237.12 M
2019-06-11 21:41:43,0.0,237.12 M
2019-06-11 21:41:45,3.0,237.12 M
2019-06-11 21:41:47,0.0,237.12 M
2019-06-11 21:41:49,0.0,237.12 M
2019-06-11 21:41:51,0.0,240.71 M
2019-06-11 21:41:53,0.0,240.71 M
2019-06-11 21:41:55,0.0,240.71 M
2019-06-11 21:41:57,0.0,240.71 M
2019-06-11 21:41:59,0.0,240.85 M
2019-06-11 21:42:01,3.0,240.85 M
2019-06-11 21:42:03,0.0,240.85 M
2019-06-11 21:42:05,0.0,240.85 M
2019-06-11 21:42:07,6.0,242.27 M
2019-06-11 21:42:09,0.0,242.27 M
2019-06-11 21:42:11,0.0,242.27 M
2019-06-11 21:42:13,4.0,242.27 M
2019-06-11 21:42:15,0.0,242.27 M
2019-06-11 21:42:18,0.0,242.27 M
2019-06-11 21:42:20,3.0,242.27 M
2019-06-11 21:42:22,1.0,242.27 M
2019-06-11 21:42:24,0.0,242.27 M
2019-06-11 21:42:26,0.0,244.57 M
2019-06-11 21:42:28,0.0,244.57 M
2019-06-11 21:42:30,0.0,244.57 M
2019-06-11 21:42:32,0.0,244.65 M
2019-06-11 21:42:34,0.0,244.65 M
2019-06-11 21:42:36,0.0,244.65 M
2019-06-11 21:42:38,0.0,244.65 M
2019-06-11 21:42:40,1.0,244.66 M
2019-06-11 21:42:42,3.0,244.66 M
2019-06-11 21:42:44,0.0,244.66 M
2019-06-11 21:42:46,0.0,244.66 M
2019-06-11 21:42:48,3.0,244.66 M
2019-06-11 21:42:50,0.0,244.66 M
2019-06-11 21:42:52,0.0,244.66 M
2019-06-11 21:42:54,0.0,244.66 M
2019-06-11 21:42:56,0.0,244.66 M
2019-06-11 21:42:58,1.0,244.66 M
2019-06-11 21:43:00,0.0,244.66 M
2019-06-11 21:43:02,0.0,244.66 M
2019-06-11 21:43:04,4.0,244.66 M
2019-06-11 21:43:06,0.0,244.66 M
2019-06-11 21:43:08,0.0,244.66 M
2019-06-11 21:43:10,1.0,244.66 M
2019-06-11 21:43:12,0.0,244.66 M
2019-06-11 21:43:14,1.0,244.66 M
2019-06-11 21:43:16,0.0,246.11 M
2019-06-11 21:43:18,0.0,246.11 M
2019-06-11 21:43:20,3.0,246.11 M
2019-06-11 21:43:22,0.0,246.11 M
2019-06-11 21:43:24,0.0,246.11 M
2019-06-11 21:43:26,0.0,246.11 M
2019-06-11 21:43:28,0.0,246.11 M
2019-06-11 21:43:30,0.0,246.11 M
2019-06-11 21:43:32,0.0,246.11 M
2019-06-11 21:43:34,0.0,246.11 M
2019-06-11 21:43:36,4.0,246.11 M
2019-06-11 21:43:38,0.0,246.11 M
2019-06-11 21:43:40,0.0,246.11 M
2019-06-11 21:43:42,4.0,246.11 M
2019-06-11 21:43:44,0.0,246.11 M
2019-06-11 21:43:46,0.0,246.11 M
2019-06-11 21:43:48,2.0,246.11 M
2019-06-11 21:43:50,0.0,246.11 M
2019-06-11 21:43:52,0.0,246.11 M
2019-06-11 21:43:54,5.0,246.11 M
2019-06-11 21:43:56,0.0,246.11 M
2019-06-11 21:43:58,0.0,246.11 M
2019-06-11 21:44:00,2.0,246.11 M
2019-06-11 21:44:02,0.0,246.11 M
2019-06-11 21:44:04,0.0,246.11 M
2019-06-11 21:44:06,0.0,246.11 M
2019-06-11 21:44:08,0.0,246.11 M
2019-06-11 21:44:10,1.0,246.11 M
2019-06-11 21:44:12,1.0,246.11 M
2019-06-11 21:44:14,0.0,246.11 M
2019-06-11 21:44:16,5.0,246.11 M
2019-06-11 21:44:18,2.0,247.95 M
2019-06-11 21:44:20,144.8,161.76 M
2019-06-11 21:44:22,0.0,161.76 M
2019-06-11 21:44:24,0.0,161.76 M
2019-06-11 21:44:26,0.0,161.76 M
2019-06-11 21:44:28,0.0,170.02 M
2019-06-11 21:44:30,0.0,170.05 M
2019-06-11 21:44:32,1.0,170.16 M
2019-06-11 21:44:34,0.0,170.54 M
2019-06-11 21:44:36,0.0,170.60 M
2019-06-11 21:44:38,5.0,170.60 M
2019-06-11 21:44:40,0.0,173.05 M
2019-06-11 21:44:42,0.0,173.05 M
2019-06-11 21:44:44,9.0,180.18 M
2019-06-11 21:44:46,0.0,180.23 M
2019-06-11 21:44:48,0.0,180.23 M
2019-06-11 21:44:50,16.0,192.10 M
2019-06-11 21:44:52,0.0,192.26 M
2019-06-11 21:44:54,0.0,192.26 M
2019-06-11 21:44:56,0.0,198.73 M
2019-06-11 21:44:58,0.0,198.81 M
2019-06-11 21:45:00,0.0,198.81 M
2019-06-11 21:45:02,0.0,205.50 M
2019-06-11 21:45:04,0.0,205.50 M
2019-06-11 21:45:06,0.0,205.50 M
2019-06-11 21:45:08,0.0,205.53 M
2019-06-11 21:45:10,0.0,205.53 M
2019-06-11 21:45:12,0.0,205.53 M
2019-06-11 21:45:14,0.0,205.70 M
2019-06-11 21:45:16,0.0,205.70 M
2019-06-11 21:45:18,2.0,205.90 M
2019-06-11 21:45:20,0.0,205.90 M
2019-06-11 21:45:22,0.0,205.98 M
2019-06-11 21:45:24,1.0,206.23 M
2019-06-11 21:45:26,0.0,206.23 M
2019-06-11 21:45:28,0.0,206.23 M
2019-06-11 21:45:30,1.0,206.23 M
2019-06-11 21:45:32,0.0,206.25 M
2019-06-11 21:45:34,0.0,206.25 M
2019-06-11 21:45:36,0.0,206.48 M
2019-06-11 21:45:38,0.0,206.48 M
2019-06-11 21:45:41,142.8,161.37 M
2019-06-11 21:45:44,0.0,161.37 M
2019-06-11 21:45:47,152.8,162.25 M
2019-06-11 21:45:49,0.0,162.25 M
2019-06-11 21:45:51,0.0,162.25 M
2019-06-11 21:45:53,143.9,159.38 M
2019-06-11 21:45:55,0.0,159.38 M
2019-06-11 21:45:57,0.0,159.38 M
2019-06-11 21:45:59,61.9,163.72 M
2019-06-11 21:46:01,0.0,163.73 M
2019-06-11 21:46:03,0.0,163.73 M
2019-06-11 21:46:05,16.0,164.12 M
2019-06-11 21:46:07,1.0,164.15 M
2019-06-11 21:46:09,0.0,164.15 M
2019-06-11 21:46:11,22.0,167.07 M
2019-06-11 21:46:13,0.0,167.14 M
2019-06-11 21:46:15,0.0,167.14 M
2019-06-11 21:46:17,0.0,170.35 M
2019-06-11 21:46:19,0.0,170.41 M
2019-06-11 21:46:21,0.0,170.41 M
2019-06-11 21:46:23,0.0,177.09 M
2019-06-11 21:46:25,0.0,177.09 M
2019-06-11 21:46:27,0.0,177.09 M
2019-06-11 21:46:29,0.0,186.65 M
2019-06-11 21:46:31,0.0,186.65 M
2019-06-11 21:46:33,4.0,187.17 M
2019-06-11 21:46:35,0.0,194.46 M
2019-06-11 21:46:37,0.0,194.45 M
2019-06-11 21:46:39,4.0,201.91 M
2019-06-11 21:46:41,0.0,203.24 M
2019-06-11 21:46:43,0.0,203.24 M
2019-06-11 21:46:45,6.0,211.21 M
2019-06-11 21:46:47,0.0,211.24 M
2019-06-11 21:46:49,0.0,211.24 M
2019-06-11 21:46:51,6.0,219.72 M
2019-06-11 21:46:53,0.0,219.76 M
2019-06-11 21:46:55,0.0,219.76 M
2019-06-11 21:46:57,9.0,227.59 M
2019-06-11 21:46:59,0.0,227.73 M
2019-06-11 21:47:01,0.0,227.73 M
2019-06-11 21:47:03,4.0,227.73 M
2019-06-11 21:47:05,0.0,227.79 M
2019-06-11 21:47:07,0.0,227.79 M
2019-06-11 21:47:09,4.0,227.96 M
2019-06-11 21:47:11,0.0,227.96 M
2019-06-11 21:47:13,0.0,227.96 M
2019-06-11 21:47:15,2.0,227.96 M
2019-06-11 21:47:17,0.0,227.97 M
2019-06-11 21:47:19,0.0,227.97 M
2019-06-11 21:47:21,10.0,228.22 M
2019-06-11 21:47:23,0.0,228.22 M
2019-06-11 21:47:25,0.0,228.22 M
2019-06-11 21:47:27,4.0,228.37 M
2019-06-11 21:47:29,1.0,228.37 M
2019-06-11 21:47:31,0.0,228.37 M
2019-06-11 21:47:33,0.0,228.60 M
2019-06-11 21:47:35,0.0,228.64 M
2019-06-11 21:47:37,1.0,229.39 M
2019-06-11 21:47:39,0.0,229.89 M
2019-06-11 21:47:41,0.0,229.89 M
2019-06-11 21:47:43,5.0,229.89 M
2019-06-11 21:47:45,0.0,229.89 M
2019-06-11 21:47:47,0.0,229.89 M
2019-06-11 21:47:49,12.0,234.71 M
2019-06-11 21:47:51,0.0,234.71 M
2019-06-11 21:47:53,0.0,234.71 M
2019-06-11 21:47:55,2.0,236.49 M
2019-06-11 21:47:57,0.0,236.62 M
2019-06-11 21:47:59,0.0,236.62 M
2019-06-11 21:48:01,0.0,236.73 M
2019-06-11 21:48:03,0.0,236.86 M
2019-06-11 21:48:05,0.0,236.86 M
2019-06-11 21:48:07,0.0,238.36 M
2019-06-11 21:48:09,0.0,238.39 M
2019-06-11 21:48:11,5.0,240.93 M
2019-06-11 21:48:13,1.0,235.74 M
2019-06-11 21:48:15,0.0,235.74 M
2019-06-11 21:48:17,6.0,235.16 M
2019-06-11 21:48:19,0.0,235.31 M
2019-06-11 21:48:21,0.0,235.31 M
2019-06-11 21:48:23,0.0,235.31 M
2019-06-11 21:48:25,0.0,235.31 M
2019-06-11 21:48:27,3.0,235.31 M
2019-06-11 21:48:29,0.0,235.37 M
2019-06-11 21:48:31,0.0,235.37 M
2019-06-11 21:48:33,4.0,235.37 M
2019-06-11 21:48:35,0.0,235.37 M
2019-06-11 21:48:37,1.0,235.37 M
2019-06-11 21:48:39,4.0,238.15 M
2019-06-11 21:48:41,0.0,238.24 M
2019-06-11 21:48:43,0.0,238.24 M
2019-06-11 21:48:45,0.0,238.24 M
2019-06-11 21:48:47,0.0,238.24 M
2019-06-11 21:48:49,2.0,238.24 M
2019-06-11 21:48:51,0.0,238.24 M
2019-06-11 21:48:53,0.0,238.24 M
2019-06-11 21:48:55,1.0,238.24 M
2019-06-11 21:48:57,1.0,238.24 M
2019-06-11 21:48:59,0.0,238.24 M
2019-06-11 21:49:01,2.0,238.30 M
2019-06-11 21:49:03,0.0,238.30 M
2019-06-11 21:49:05,0.0,238.30 M
2019-06-11 21:49:09,142.9,157.49 M
2019-06-11 21:49:11,0.0,157.49 M
2019-06-11 21:49:13,0.0,157.49 M
2019-06-11 21:49:15,0.0,160.75 M
2019-06-11 21:49:17,0.0,160.77 M
2019-06-11 21:49:19,19.0,161.58 M
2019-06-11 21:49:21,0.0,161.60 M
2019-06-11 21:49:23,0.0,161.60 M
2019-06-11 21:49:25,0.0,162.65 M
2019-06-11 21:49:27,0.0,162.70 M
2019-06-11 21:49:29,13.0,163.08 M
2019-06-11 21:49:31,0.0,163.13 M
2019-06-11 21:49:33,0.0,163.13 M
2019-06-11 21:49:35,18.0,164.41 M
2019-06-11 21:49:37,0.0,164.44 M
2019-06-11 21:49:39,0.0,164.44 M
2019-06-11 21:49:41,0.0,169.67 M
2019-06-11 21:49:43,0.0,169.62 M
2019-06-11 21:49:45,5.0,173.74 M
2019-06-11 21:49:47,0.0,173.81 M
2019-06-11 21:49:49,0.0,173.81 M
2019-06-11 21:49:51,0.0,178.43 M
2019-06-11 21:49:53,0.0,178.61 M
2019-06-11 21:49:55,4.0,183.21 M
2019-06-11 21:49:57,0.0,183.25 M
2019-06-11 21:49:59,0.0,183.25 M
2019-06-11 21:50:01,0.0,187.62 M
2019-06-11 21:50:03,0.0,187.70 M
2019-06-11 21:50:05,6.0,193.09 M
2019-06-11 21:50:07,0.0,193.22 M
2019-06-11 21:50:09,0.0,193.22 M
2019-06-11 21:50:11,0.0,198.35 M
2019-06-11 21:50:13,0.0,198.39 M
2019-06-11 21:50:15,0.0,198.39 M
2019-06-11 21:50:17,0.0,203.26 M
2019-06-11 21:50:19,0.0,203.36 M
2019-06-11 21:50:21,4.0,208.21 M
2019-06-11 21:50:23,0.0,208.18 M
2019-06-11 21:50:25,0.0,208.18 M
2019-06-11 21:50:27,0.0,217.28 M
2019-06-11 21:50:29,0.0,217.28 M
2019-06-11 21:50:31,4.0,218.54 M
2019-06-11 21:50:33,0.0,218.55 M
2019-06-11 21:50:35,0.0,218.55 M
2019-06-11 21:50:37,2.0,218.80 M
2019-06-11 21:50:39,0.0,218.84 M
2019-06-11 21:50:41,1.0,218.84 M
2019-06-11 21:50:43,0.0,220.11 M
2019-06-11 21:50:45,0.0,220.12 M
2019-06-11 21:50:47,5.0,220.12 M
2019-06-11 21:50:49,0.0,220.12 M
2019-06-11 21:50:51,0.0,220.12 M
2019-06-11 21:50:53,0.0,220.49 M
2019-06-11 21:50:55,0.0,220.49 M
2019-06-11 21:50:57,3.0,220.49 M
2019-06-11 21:50:59,0.0,220.49 M
2019-06-11 21:51:01,0.0,220.49 M
2019-06-11 21:51:03,0.0,220.49 M
2019-06-11 21:51:05,0.0,220.49 M
2019-06-11 21:51:07,4.0,220.75 M
2019-06-11 21:51:09,0.0,220.75 M
2019-06-11 21:51:11,0.0,220.75 M
2019-06-11 21:51:13,0.0,220.75 M
2019-06-11 21:51:15,0.0,220.89 M
2019-06-11 21:51:17,17.0,229.10 M
2019-06-11 21:51:19,0.0,229.10 M
2019-06-11 21:51:21,0.0,229.10 M
2019-06-11 21:51:23,3.0,227.12 M
2019-06-11 21:51:25,0.0,227.12 M
2019-06-11 21:51:27,4.0,227.35 M
2019-06-11 21:51:29,0.0,227.35 M
2019-06-11 21:51:31,0.0,227.35 M
2019-06-11 21:51:33,0.0,229.15 M
2019-06-11 21:51:35,0.0,229.15 M
2019-06-11 21:51:37,4.0,232.37 M
2019-06-11 21:51:39,0.0,232.41 M
2019-06-11 21:51:41,0.0,232.41 M
2019-06-11 21:51:43,0.0,232.89 M
2019-06-11 21:51:45,0.0,232.98 M
2019-06-11 21:51:47,0.0,235.01 M
2019-06-11 21:51:49,0.0,235.01 M
2019-06-11 21:51:51,3.0,236.80 M
2019-06-11 21:51:53,0.0,236.83 M
2019-06-11 21:51:55,0.0,236.83 M
2019-06-11 21:51:57,0.0,237.33 M
2019-06-11 21:51:59,0.0,237.43 M
2019-06-11 21:52:01,3.0,239.21 M
2019-06-11 21:52:03,0.0,239.16 M
2019-06-11 21:52:05,2.0,240.15 M
2019-06-11 21:52:07,0.0,240.27 M
2019-06-11 21:52:09,0.0,240.27 M
2019-06-11 21:52:11,0.0,240.04 M
2019-06-11 21:52:13,0.0,240.04 M
2019-06-11 21:52:15,3.0,240.55 M
2019-06-11 21:52:17,0.0,240.55 M
2019-06-11 21:52:19,0.0,240.55 M
2019-06-11 21:52:21,0.0,240.55 M
2019-06-11 21:52:23,0.0,240.55 M
2019-06-11 21:52:25,3.0,240.55 M
2019-06-11 21:52:27,0.0,240.55 M
2019-06-11 21:52:29,0.0,240.55 M
2019-06-11 21:52:31,0.0,240.55 M
2019-06-11 21:52:33,0.0,240.55 M
2019-06-11 21:52:35,2.0,240.55 M
2019-06-11 21:52:37,0.0,240.55 M
2019-06-11 21:52:39,2.0,240.55 M
2019-06-11 21:52:41,0.0,240.55 M
2019-06-11 21:52:43,0.0,240.55 M
2019-06-11 21:52:45,0.0,240.65 M
2019-06-11 21:52:47,0.0,240.65 M
2019-06-11 21:52:50,2.0,240.65 M
2019-06-11 21:52:52,0.0,240.65 M
2019-06-11 21:52:54,0.0,240.65 M
2019-06-11 21:52:56,0.0,240.65 M
2019-06-11 21:52:58,1.0,240.65 M
2019-06-11 21:53:00,2.0,240.65 M
2019-06-11 21:53:02,1.0,240.65 M
2019-06-11 21:53:04,2.0,240.65 M
2019-06-11 21:53:06,0.0,240.65 M
2019-06-11 21:53:08,0.0,240.65 M
2019-06-11 21:53:10,0.0,240.65 M
2019-06-11 21:53:12,0.0,240.65 M
2019-06-11 21:53:14,2.0,240.75 M
2019-06-11 21:53:16,0.0,240.75 M
2019-06-11 21:53:18,1.0,240.75 M
2019-06-11 21:53:20,0.0,243.58 M
2019-06-11 21:53:22,1.0,243.58 M
2019-06-11 21:53:24,6.0,243.58 M
2019-06-11 21:53:26,0.0,243.77 M
2019-06-11 21:53:28,0.0,243.77 M
2019-06-11 21:53:30,0.0,243.77 M
2019-06-11 21:53:32,0.0,243.77 M
2019-06-11 21:53:34,3.0,243.89 M
2019-06-11 21:53:36,0.0,243.90 M
2019-06-11 21:53:38,0.0,243.90 M
2019-06-11 21:53:40,2.0,244.12 M
2019-06-11 21:53:42,0.0,244.17 M
2019-06-11 21:53:44,0.0,244.17 M
2019-06-11 21:53:46,0.0,244.65 M
2019-06-11 21:53:48,0.0,244.74 M
2019-06-11 21:53:50,2.0,245.23 M
2019-06-11 21:53:52,0.0,245.23 M
2019-06-11 21:53:54,0.0,245.23 M
2019-06-11 21:53:56,0.0,249.61 M
2019-06-11 21:53:58,0.0,249.61 M
2019-06-11 21:54:00,2.0,249.61 M
2019-06-11 21:54:02,0.0,249.61 M
2019-06-11 21:54:04,0.0,249.61 M
2019-06-11 21:54:06,0.0,249.61 M
2019-06-11 21:54:08,1.0,0.00 B
2019-06-11 21:54:10,145.8,159.88 M
2019-06-11 21:54:12,0.0,159.88 M
2019-06-11 21:54:14,1.0,159.88 M
2019-06-11 21:54:16,142.8,158.31 M
2019-06-11 21:54:18,0.0,158.31 M
2019-06-11 21:54:20,0.0,158.31 M
2019-06-11 21:54:22,137.8,157.56 M
2019-06-11 21:54:24,0.0,157.56 M
2019-06-11 21:54:26,0.0,157.56 M
2019-06-11 21:54:28,0.0,159.72 M
2019-06-11 21:54:30,0.0,159.74 M
2019-06-11 21:54:32,5.0,160.02 M
2019-06-11 21:54:34,0.0,160.04 M
2019-06-11 21:54:36,4.0,160.48 M
2019-06-11 21:54:38,0.0,160.48 M
2019-06-11 21:54:40,0.0,160.48 M
2019-06-11 21:54:42,0.0,160.95 M
2019-06-11 21:54:44,0.0,160.96 M
2019-06-11 21:54:46,4.0,161.04 M
2019-06-11 21:54:48,0.0,161.04 M
2019-06-11 21:54:50,0.0,161.04 M
2019-06-11 21:54:52,0.0,161.08 M
2019-06-11 21:54:54,0.0,161.08 M
2019-06-11 21:54:56,6.0,161.11 M
2019-06-11 21:54:58,1.0,161.11 M
2019-06-11 21:55:00,0.0,161.11 M
2019-06-11 21:55:02,0.0,161.39 M
2019-06-11 21:55:04,0.0,161.39 M
2019-06-11 21:55:06,4.0,161.39 M
2019-06-11 21:55:08,0.0,161.39 M
2019-06-11 21:55:10,0.0,161.39 M
2019-06-11 21:55:12,0.0,161.39 M
2019-06-11 21:55:14,0.0,161.40 M
2019-06-11 21:55:16,0.0,161.40 M
2019-06-11 21:55:18,0.0,161.40 M
2019-06-11 21:55:20,3.0,161.40 M
2019-06-11 21:55:22,0.0,161.43 M
2019-06-11 21:55:24,0.0,161.43 M
2019-06-11 21:55:26,0.0,161.54 M
2019-06-11 21:55:28,0.0,161.54 M
2019-06-11 21:55:30,2.0,161.66 M
2019-06-11 21:55:32,1.0,161.66 M
2019-06-11 21:55:34,0.0,161.66 M
2019-06-11 21:55:36,1.0,161.66 M
2019-06-11 21:55:38,0.0,161.66 M
2019-06-11 21:55:40,3.0,161.66 M
2019-06-11 21:55:42,1.0,161.73 M
2019-06-11 21:55:44,0.0,161.73 M
2019-06-11 21:55:46,0.0,161.80 M
2019-06-11 21:55:48,0.0,161.80 M
2019-06-11 21:55:50,0.0,161.80 M
2019-06-11 21:55:52,0.0,161.83 M
2019-06-11 21:55:55,141.9,158.58 M
2019-06-11 21:55:57,0.0,158.58 M
2019-06-11 21:55:59,0.0,158.58 M
2019-06-11 21:56:01,151.8,161.90 M
2019-06-11 21:56:03,0.0,161.90 M
2019-06-11 21:56:06,148.8,161.30 M
2019-06-11 21:56:08,0.0,161.30 M
2019-06-11 21:56:10,12.0,162.75 M
2019-06-11 21:56:12,0.0,162.75 M
2019-06-11 21:56:14,0.0,162.75 M
2019-06-11 21:56:16,0.0,162.75 M
2019-06-11 21:56:18,0.0,162.75 M
2019-06-11 21:56:20,0.0,162.75 M
2019-06-11 21:56:22,0.0,162.75 M
2019-06-11 21:56:24,0.0,162.75 M
2019-06-11 21:56:26,0.0,162.75 M
2019-06-11 21:56:28,1.0,162.75 M
2019-06-11 21:56:30,0.0,162.75 M
2019-06-11 21:56:32,0.0,162.75 M
2019-06-11 21:56:34,0.0,162.75 M
2019-06-11 21:56:36,0.0,162.75 M
2019-06-11 21:56:38,0.0,162.94 M
2019-06-11 21:56:40,0.0,162.94 M
2019-06-11 21:56:42,0.0,162.94 M
2019-06-11 21:56:44,0.0,162.94 M
2019-06-11 21:56:46,1.0,163.09 M
2019-06-11 21:56:48,1.0,163.09 M
2019-06-11 21:56:50,2.0,163.09 M
2019-06-11 21:56:52,0.0,163.09 M
2019-06-11 21:56:54,1.0,163.21 M
2019-06-11 21:56:56,0.0,163.21 M
2019-06-11 21:56:58,0.0,163.21 M
2019-06-11 21:57:00,0.0,163.22 M
2019-06-11 21:57:02,0.0,163.22 M
2019-06-11 21:57:04,0.0,163.22 M
2019-06-11 21:57:06,0.0,163.22 M
2019-06-11 21:57:08,1.0,163.22 M
2019-06-11 21:57:10,0.0,163.22 M
2019-06-11 21:57:12,0.0,163.22 M
2019-06-11 21:57:14,0.0,163.22 M
2019-06-11 21:57:16,0.0,163.22 M
2019-06-11 21:57:18,3.0,163.29 M
2019-06-11 21:57:20,0.0,163.29 M
2019-06-11 21:57:22,0.0,163.29 M
2019-06-11 21:57:24,0.0,163.29 M
2019-06-11 21:57:26,0.0,163.29 M
2019-06-11 21:57:28,2.0,163.29 M
2019-06-11 21:57:30,0.0,163.29 M
2019-06-11 21:57:32,0.0,163.29 M
2019-06-11 21:57:34,0.0,163.29 M
2019-06-11 21:57:36,0.0,163.29 M
2019-06-11 21:57:38,0.0,163.29 M
2019-06-11 21:57:40,0.0,163.29 M
2019-06-11 21:57:42,0.0,163.29 M
2019-06-11 21:57:44,0.0,163.29 M
2019-06-11 21:57:46,0.0,163.29 M
2019-06-11 21:57:48,2.0,163.29 M
2019-06-11 21:57:50,0.0,163.29 M
2019-06-11 21:57:52,3.0,163.29 M
2019-06-11 21:57:54,0.0,163.29 M
2019-06-11 21:57:56,1.0,163.29 M
2019-06-11 21:57:58,0.0,163.30 M
2019-06-11 21:58:00,0.0,163.30 M
2019-06-11 21:58:02,0.0,163.43 M
2019-06-11 21:58:04,0.0,163.43 M
2019-06-11 21:58:06,0.0,163.43 M
2019-06-11 21:58:08,0.0,163.43 M
2019-06-11 21:58:10,0.0,163.43 M
2019-06-11 21:58:12,0.0,163.43 M
2019-06-11 21:58:14,0.0,163.43 M
2019-06-11 21:58:16,0.0,163.43 M
2019-06-11 21:58:18,0.0,163.43 M
2019-06-11 21:58:20,2.0,166.31 M
2019-06-11 21:58:22,0.0,166.31 M
2019-06-11 21:58:24,0.0,166.31 M
2019-06-11 21:58:26,0.0,166.31 M
2019-06-11 21:58:28,0.0,166.31 M
2019-06-11 21:58:30,0.0,166.31 M
2019-06-11 21:58:32,0.0,166.31 M
2019-06-11 21:58:34,0.0,166.31 M
2019-06-11 21:58:36,0.0,166.31 M
2019-06-11 21:58:38,0.0,166.31 M
2019-06-11 21:58:40,0.0,166.31 M
2019-06-11 21:58:42,0.0,166.31 M
2019-06-11 21:58:44,0.0,166.31 M
2019-06-11 21:58:46,1.0,166.53 M
2019-06-11 21:58:48,0.0,166.53 M
2019-06-11 21:58:50,0.0,166.53 M
2019-06-11 21:58:52,0.0,166.53 M
2019-06-11 21:58:54,0.0,166.53 M
2019-06-11 21:58:56,0.0,166.53 M
2019-06-11 21:58:58,0.0,166.53 M
2019-06-11 21:59:00,0.0,166.53 M
2019-06-11 21:59:02,0.0,166.53 M
2019-06-11 21:59:04,0.0,166.53 M
2019-06-11 21:59:06,0.0,166.53 M
2019-06-11 21:59:08,0.0,166.53 M
2019-06-11 21:59:10,0.0,166.53 M
2019-06-11 21:59:12,0.0,166.53 M
2019-06-11 21:59:14,0.0,166.53 M
2019-06-11 21:59:16,0.0,166.53 M
2019-06-11 21:59:18,0.0,166.53 M
2019-06-11 21:59:20,0.0,166.53 M
2019-06-11 21:59:22,0.0,166.53 M
2019-06-11 21:59:25,0.0,166.53 M
2019-06-11 21:59:27,0.0,166.53 M
2019-06-11 21:59:29,0.0,166.53 M
2019-06-11 21:59:31,0.0,166.53 M
2019-06-11 21:59:33,0.0,166.53 M
2019-06-11 21:59:35,0.0,166.53 M
2019-06-11 21:59:37,0.0,166.53 M
2019-06-11 21:59:39,0.0,166.53 M
2019-06-11 21:59:41,0.0,166.53 M
2019-06-11 21:59:43,1.0,166.58 M
2019-06-11 21:59:45,0.0,166.58 M
2019-06-11 21:59:47,0.0,166.58 M
2019-06-11 21:59:49,0.0,166.58 M
2019-06-11 21:59:51,0.0,166.58 M
2019-06-11 21:59:53,0.0,166.58 M
2019-06-11 21:59:55,0.0,166.58 M
2019-06-11 21:59:57,0.0,166.58 M
2019-06-11 21:59:59,0.0,166.58 M
2019-06-11 22:00:01,0.0,166.58 M
2019-06-11 22:00:03,1.0,166.58 M
2019-06-11 22:00:05,0.0,166.58 M
2019-06-11 22:00:07,1.0,166.58 M
2019-06-11 22:00:09,0.0,166.58 M
2019-06-11 22:00:11,1.0,166.58 M
2019-06-11 22:00:13,0.0,166.58 M
2019-06-11 22:00:15,2.0,166.63 M
2019-06-11 22:00:17,0.0,166.63 M
2019-06-11 22:00:19,1.0,166.63 M
2019-06-11 22:00:21,0.0,166.63 M
2019-06-11 22:00:23,0.0,166.63 M
2019-06-11 22:00:25,0.0,166.63 M
2019-06-11 22:00:27,1.0,166.63 M
2019-06-11 22:00:29,0.0,166.63 M
2019-06-11 22:00:31,0.0,166.63 M
2019-06-11 22:00:33,0.0,166.63 M
2019-06-11 22:00:35,0.0,166.63 M
2019-06-11 22:00:37,0.0,166.63 M
2019-06-11 22:00:39,1.0,166.63 M
2019-06-11 22:00:41,0.0,166.63 M
2019-06-11 22:00:43,0.0,166.63 M
2019-06-11 22:00:45,2.0,166.77 M
2019-06-11 22:00:47,0.0,166.77 M
2019-06-11 22:00:49,2.0,166.84 M
2019-06-11 22:00:51,0.0,166.84 M
2019-06-11 22:00:53,0.0,166.84 M
2019-06-11 22:00:55,0.0,166.84 M
2019-06-11 22:00:57,0.0,166.84 M
2019-06-11 22:00:59,1.0,166.84 M
2019-06-11 22:01:01,0.0,166.84 M
2019-06-11 22:01:03,1.0,166.84 M
2019-06-11 22:01:05,1.0,166.86 M
2019-06-11 22:01:07,147.8,161.83 M
2019-06-11 22:01:09,0.0,161.83 M
2019-06-11 22:01:12,142.8,157.48 M
2019-06-11 22:01:14,0.0,157.48 M
2019-06-11 22:01:17,156.9,160.20 M
2019-06-11 22:01:19,0.0,160.20 M
2019-06-11 22:01:22,151.8,162.21 M
2019-06-11 22:01:24,0.0,162.21 M
2019-06-11 22:01:27,145.8,161.10 M
2019-06-11 22:01:29,0.0,161.10 M
2019-06-11 22:01:32,146.8,160.67 M
2019-06-11 22:01:34,0.0,160.67 M
2019-06-11 22:01:36,50.9,163.87 M
2019-06-11 22:01:38,0.0,163.91 M
2019-06-11 22:01:42,143.9,162.13 M
2019-06-11 22:01:44,0.0,162.13 M
2019-06-11 22:01:46,2.0,162.38 M
2019-06-11 22:01:48,0.0,166.70 M
2019-06-11 22:01:50,0.0,166.72 M
2019-06-11 22:01:52,19.0,167.32 M
2019-06-11 22:01:54,0.0,167.38 M
2019-06-11 22:01:57,155.9,162.61 M
2019-06-11 22:01:59,0.0,162.61 M
2019-06-11 22:02:02,142.9,158.21 M
2019-06-11 22:02:04,0.0,158.21 M
2019-06-11 22:02:06,8.0,158.78 M
2019-06-11 22:02:08,0.0,166.27 M
2019-06-11 22:02:10,0.0,166.32 M
2019-06-11 22:02:12,0.0,167.14 M
2019-06-11 22:02:14,0.0,167.16 M
2019-06-11 22:02:16,43.9,169.41 M
2019-06-11 22:02:18,0.0,169.41 M
2019-06-11 22:02:20,0.0,171.34 M
2019-06-11 22:02:22,0.0,180.69 M
2019-06-11 22:02:24,0.0,180.74 M
2019-06-11 22:02:26,0.0,189.96 M
2019-06-11 22:02:28,0.0,190.12 M
2019-06-11 22:02:30,0.0,200.14 M
2019-06-11 22:02:32,0.0,200.09 M
2019-06-11 22:02:34,5.0,209.34 M
2019-06-11 22:02:36,1.0,209.46 M
2019-06-11 22:02:38,6.0,220.26 M
2019-06-11 22:02:40,0.0,220.42 M
2019-06-11 22:02:42,7.0,226.92 M
2019-06-11 22:02:44,0.0,226.92 M
2019-06-11 22:02:46,6.0,226.92 M
2019-06-11 22:02:48,0.0,226.96 M
2019-06-11 22:02:50,0.0,226.96 M
2019-06-11 22:02:52,0.0,226.96 M
2019-06-11 22:02:54,0.0,226.95 M
2019-06-11 22:02:56,0.0,226.95 M
2019-06-11 22:02:58,0.0,227.15 M
2019-06-11 22:03:00,5.0,227.15 M
2019-06-11 22:03:02,1.0,227.15 M
2019-06-11 22:03:04,13.0,231.78 M
2019-06-11 22:03:06,0.0,231.84 M
2019-06-11 22:03:08,5.0,234.29 M
2019-06-11 22:03:10,0.0,234.29 M
2019-06-11 22:03:12,0.0,234.29 M
2019-06-11 22:03:14,0.0,234.52 M
2019-06-11 22:03:16,6.0,236.46 M
2019-06-11 22:03:18,0.0,236.46 M
2019-06-11 22:03:20,3.0,238.23 M
2019-06-11 22:03:22,0.0,238.34 M
2019-06-11 22:03:24,1.0,238.34 M
2019-06-11 22:03:26,0.0,235.75 M
2019-06-11 22:03:28,0.0,235.89 M
2019-06-11 22:03:30,0.0,234.82 M
2019-06-11 22:03:32,0.0,234.82 M
2019-06-11 22:03:34,0.0,234.82 M
2019-06-11 22:03:36,0.0,234.98 M
2019-06-11 22:03:38,3.0,235.20 M
2019-06-11 22:03:40,1.0,235.23 M
2019-06-11 22:03:42,4.0,235.23 M
2019-06-11 22:03:44,0.0,235.18 M
2019-06-11 22:03:46,5.0,235.18 M
2019-06-11 22:03:48,0.0,235.18 M
2019-06-11 22:03:50,0.0,235.18 M
2019-06-11 22:03:52,0.0,235.18 M
2019-06-11 22:03:54,0.0,235.18 M
2019-06-11 22:03:56,0.0,235.18 M
2019-06-11 22:03:58,0.0,235.18 M
2019-06-11 22:04:00,0.0,235.18 M
2019-06-11 22:04:02,17.0,236.70 M
2019-06-11 22:04:04,0.0,236.70 M
2019-06-11 22:04:06,7.0,237.30 M
2019-06-11 22:04:08,0.0,237.30 M
2019-06-11 22:04:10,5.0,237.79 M
2019-06-11 22:04:12,0.0,237.79 M
2019-06-11 22:04:14,6.0,239.85 M
2019-06-11 22:04:16,0.0,239.85 M
2019-06-11 22:04:18,4.0,240.02 M
2019-06-11 22:04:20,0.0,240.02 M
2019-06-11 22:04:22,4.0,240.02 M
2019-06-11 22:04:24,0.0,240.02 M
2019-06-11 22:04:26,4.0,240.02 M
2019-06-11 22:04:28,0.0,240.02 M
2019-06-11 22:04:30,0.0,240.02 M
2019-06-11 22:04:32,0.0,240.02 M
2019-06-11 22:04:34,0.0,240.15 M
2019-06-11 22:04:36,0.0,240.15 M
2019-06-11 22:04:38,3.0,240.15 M
2019-06-11 22:04:40,0.0,240.15 M
2019-06-11 22:04:43,148.8,161.07 M
2019-06-11 22:04:45,0.0,161.07 M
2019-06-11 22:04:48,57.9,164.31 M
2019-06-11 22:04:50,0.0,164.32 M
2019-06-11 22:04:52,151.8,163.36 M
2019-06-11 22:04:54,0.0,163.36 M
2019-06-11 22:04:56,33.0,165.36 M
2019-06-11 22:04:58,0.0,165.41 M
2019-06-11 22:05:00,14.0,165.97 M
2019-06-11 22:05:02,0.0,166.01 M
2019-06-11 22:05:04,10.0,166.19 M
2019-06-11 22:05:06,0.0,166.19 M
2019-06-11 22:05:08,10.0,166.46 M
2019-06-11 22:05:10,0.0,166.49 M
2019-06-11 22:05:12,8.0,166.50 M
2019-06-11 22:05:14,0.0,166.52 M
2019-06-11 22:05:16,21.0,174.84 M
2019-06-11 22:05:18,0.0,174.88 M
2019-06-11 22:05:21,146.8,161.50 M
2019-06-11 22:05:23,0.0,161.50 M
2019-06-11 22:05:25,50.0,164.17 M
2019-06-11 22:05:27,0.0,164.19 M
2019-06-11 22:05:29,29.0,169.00 M
2019-06-11 22:05:31,0.0,169.00 M
2019-06-11 22:05:33,12.0,169.10 M
2019-06-11 22:05:35,0.0,169.12 M
2019-06-11 22:05:37,9.0,169.33 M
2019-06-11 22:05:39,0.0,169.39 M
2019-06-11 22:05:41,8.0,173.49 M
2019-06-11 22:05:43,0.0,173.50 M
2019-06-11 22:05:45,8.0,177.36 M
2019-06-11 22:05:47,0.0,177.38 M
2019-06-11 22:05:49,144.8,158.42 M
2019-06-11 22:05:51,0.0,158.42 M
2019-06-11 22:05:53,0.0,162.08 M
2019-06-11 22:05:55,0.0,162.11 M
2019-06-11 22:05:57,153.8,161.92 M
2019-06-11 22:05:59,0.0,161.92 M
2019-06-11 22:06:01,61.9,165.36 M
2019-06-11 22:06:03,0.0,165.39 M
2019-06-11 22:06:05,29.0,165.61 M
2019-06-11 22:06:07,0.0,165.61 M
2019-06-11 22:06:09,13.0,165.69 M
2019-06-11 22:06:11,1.0,165.71 M
2019-06-11 22:06:13,21.0,169.69 M
2019-06-11 22:06:15,0.0,169.72 M
2019-06-11 22:06:18,148.9,159.10 M
2019-06-11 22:06:20,0.0,159.10 M
2019-06-11 22:06:23,150.8,162.31 M
2019-06-11 22:06:25,0.0,162.31 M
2019-06-11 22:06:27,39.0,165.25 M
2019-06-11 22:06:29,0.0,165.30 M
2019-06-11 22:06:31,0.0,165.30 M
2019-06-11 22:06:33,0.0,166.89 M
2019-06-11 22:06:35,0.0,166.93 M
2019-06-11 22:06:37,0.0,167.00 M
2019-06-11 22:06:39,0.0,167.02 M
2019-06-11 22:06:41,11.0,167.04 M
2019-06-11 22:06:43,0.0,167.07 M
2019-06-11 22:06:45,14.0,167.60 M
2019-06-11 22:06:47,0.0,167.63 M
2019-06-11 22:06:49,0.0,167.63 M
2019-06-11 22:06:51,0.0,167.64 M
2019-06-11 22:06:53,0.0,167.64 M
2019-06-11 22:06:55,0.0,167.64 M
2019-06-11 22:06:57,0.0,167.64 M
2019-06-11 22:06:59,2.0,167.75 M
2019-06-11 22:07:02,0.0,167.75 M
2019-06-11 22:07:04,1.0,167.75 M
2019-06-11 22:07:06,0.0,167.75 M
2019-06-11 22:07:09,146.8,163.27 M
2019-06-11 22:07:11,0.0,163.27 M
2019-06-11 22:07:13,61.9,166.70 M
2019-06-11 22:07:15,1.0,166.77 M
2019-06-11 22:07:17,33.0,167.03 M
2019-06-11 22:07:19,0.0,167.05 M
2019-06-11 22:07:21,5.0,167.09 M
2019-06-11 22:07:23,0.0,168.38 M
2019-06-11 22:07:25,21.0,175.81 M
2019-06-11 22:07:27,0.0,175.87 M
2019-06-11 22:07:30,154.8,161.66 M
2019-06-11 22:07:32,0.0,161.66 M
2019-06-11 22:07:34,42.9,164.61 M
2019-06-11 22:07:36,0.0,164.64 M
2019-06-11 22:07:38,15.0,164.85 M
2019-06-11 22:07:40,0.0,164.87 M
2019-06-11 22:07:42,12.0,165.03 M
2019-06-11 22:07:44,0.0,165.03 M
2019-06-11 22:07:46,8.0,165.03 M
2019-06-11 22:07:48,0.0,165.04 M
2019-06-11 22:07:50,155.9,161.34 M
2019-06-11 22:07:52,0.0,161.34 M
2019-06-11 22:07:54,29.0,163.38 M
2019-06-11 22:07:56,1.0,163.40 M
2019-06-11 22:07:58,11.0,163.85 M
2019-06-11 22:08:00,0.0,163.87 M
2019-06-11 22:08:02,9.0,164.18 M
2019-06-11 22:08:04,0.0,164.23 M
2019-06-11 22:08:06,6.0,164.25 M
2019-06-11 22:08:08,0.0,164.25 M
2019-06-11 22:08:10,1.0,164.47 M
2019-06-11 22:08:12,0.0,164.57 M
2019-06-11 22:08:14,0.0,164.57 M
2019-06-11 22:08:16,0.0,164.94 M
2019-06-11 22:08:18,0.0,164.94 M
2019-06-11 22:08:20,29.0,177.01 M
2019-06-11 22:08:22,0.0,177.04 M
2019-06-11 22:08:24,6.0,177.17 M
2019-06-11 22:08:26,0.0,177.17 M
2019-06-11 22:08:28,0.0,177.17 M
2019-06-11 22:08:30,0.0,177.17 M
2019-06-11 22:08:32,0.0,177.17 M
2019-06-11 22:08:34,0.0,177.28 M
2019-06-11 22:08:36,0.0,177.30 M
2019-06-11 22:08:38,0.0,178.83 M
2019-06-11 22:08:40,1.0,178.86 M
2019-06-11 22:08:42,2.0,180.39 M
2019-06-11 22:08:44,0.0,180.39 M
2019-06-11 22:08:46,0.0,180.39 M
2019-06-11 22:08:48,0.0,181.90 M
2019-06-11 22:08:50,0.0,181.95 M
2019-06-11 22:08:52,0.0,182.95 M
2019-06-11 22:08:54,0.0,182.99 M
2019-06-11 22:08:56,1.0,184.77 M
2019-06-11 22:08:58,0.0,184.80 M
2019-06-11 22:09:00,0.0,186.57 M
2019-06-11 22:09:02,0.0,186.61 M
2019-06-11 22:09:04,0.0,188.91 M
2019-06-11 22:09:06,0.0,188.98 M
2019-06-11 22:09:08,0.0,190.50 M
2019-06-11 22:09:10,0.0,190.51 M
2019-06-11 22:09:12,0.0,192.30 M
2019-06-11 22:09:14,0.0,192.35 M
2019-06-11 22:09:16,2.0,194.13 M
2019-06-11 22:09:18,0.0,194.17 M
2019-06-11 22:09:20,4.0,195.42 M
2019-06-11 22:09:22,0.0,195.46 M
2019-06-11 22:09:24,0.0,195.46 M
2019-06-11 22:09:26,0.0,197.50 M
2019-06-11 22:09:28,0.0,197.54 M
2019-06-11 22:09:30,0.0,199.84 M
2019-06-11 22:09:32,0.0,199.87 M
2019-06-11 22:09:34,1.0,201.54 M
2019-06-11 22:09:36,0.0,201.57 M
2019-06-11 22:09:38,2.0,203.60 M
2019-06-11 22:09:40,0.0,203.74 M
2019-06-11 22:09:42,1.0,205.52 M
2019-06-11 22:09:44,0.0,205.55 M
2019-06-11 22:09:46,0.0,205.55 M
2019-06-11 22:09:48,0.0,207.84 M
2019-06-11 22:09:50,0.0,207.87 M
2019-06-11 22:09:53,141.9,158.76 M
2019-06-11 22:09:55,0.0,158.76 M
2019-06-11 22:09:57,28.0,161.76 M
2019-06-11 22:09:59,0.0,161.81 M
2019-06-11 22:10:01,0.0,161.81 M
2019-06-11 22:10:03,0.0,162.36 M
2019-06-11 22:10:05,0.0,162.37 M
2019-06-11 22:10:07,0.0,162.68 M
2019-06-11 22:10:09,0.0,162.68 M
2019-06-11 22:10:11,0.0,162.79 M
2019-06-11 22:10:13,0.0,162.85 M
2019-06-11 22:10:15,0.0,163.38 M
2019-06-11 22:10:17,0.0,163.39 M
2019-06-11 22:10:19,148.8,161.58 M
2019-06-11 22:10:21,0.0,161.58 M
2019-06-11 22:10:24,148.8,162.41 M
2019-06-11 22:10:26,0.0,162.41 M
2019-06-11 22:10:28,45.9,165.86 M
2019-06-11 22:10:30,0.0,165.88 M
2019-06-11 22:10:32,11.0,166.17 M
2019-06-11 22:10:34,1.0,166.21 M
2019-06-11 22:10:36,11.0,166.29 M
2019-06-11 22:10:38,0.0,166.31 M
2019-06-11 22:10:41,149.9,161.29 M
2019-06-11 22:10:43,0.0,161.29 M
2019-06-11 22:10:45,150.8,161.98 M
2019-06-11 22:10:47,0.0,161.98 M
2019-06-11 22:10:49,20.0,163.10 M
2019-06-11 22:10:51,0.0,165.10 M
2019-06-11 22:10:53,1.0,165.16 M
2019-06-11 22:10:55,1.0,165.22 M
2019-06-11 22:10:57,0.0,165.25 M
2019-06-11 22:10:59,0.0,166.50 M
2019-06-11 22:11:01,0.0,166.50 M
2019-06-11 22:11:03,0.0,175.19 M
2019-06-11 22:11:05,0.0,175.30 M
2019-06-11 22:11:07,146.9,161.79 M
2019-06-11 22:11:09,0.0,161.79 M
2019-06-11 22:11:11,51.9,165.21 M
2019-06-11 22:11:13,0.0,165.27 M
2019-06-11 22:11:15,0.0,165.60 M
2019-06-11 22:11:17,2.0,165.65 M
2019-06-11 22:11:19,0.0,170.42 M
2019-06-11 22:11:21,22.0,179.48 M
2019-06-11 22:11:23,0.0,179.52 M
2019-06-11 22:11:25,0.0,188.55 M
2019-06-11 22:11:27,0.0,188.67 M
2019-06-11 22:11:29,0.0,193.54 M
2019-06-11 22:11:31,145.8,161.98 M
2019-06-11 22:11:33,0.0,161.98 M
2019-06-11 22:11:35,149.8,161.56 M
2019-06-11 22:11:37,0.0,161.56 M
2019-06-11 22:11:39,23.0,164.11 M
2019-06-11 22:11:41,1.0,164.16 M
2019-06-11 22:11:43,0.0,164.96 M
2019-06-11 22:11:45,7.0,165.05 M
2019-06-11 22:11:47,0.0,165.07 M
2019-06-11 22:11:49,4.0,165.19 M
2019-06-11 22:11:51,0.0,165.24 M
2019-06-11 22:11:53,0.0,165.49 M
2019-06-11 22:11:55,8.0,165.68 M
2019-06-11 22:11:57,0.0,165.68 M
2019-06-11 22:12:00,0.0,166.03 M
2019-06-11 22:12:02,0.0,166.05 M
2019-06-11 22:12:04,0.0,166.05 M
2019-06-11 22:12:06,4.0,166.05 M
2019-06-11 22:12:08,0.0,166.09 M
2019-06-11 22:12:10,0.0,166.09 M
2019-06-11 22:12:12,4.0,166.20 M
2019-06-11 22:12:14,0.0,166.20 M
2019-06-11 22:12:16,0.0,166.32 M
2019-06-11 22:12:18,2.0,166.32 M
2019-06-11 22:12:20,0.0,166.35 M
2019-06-11 22:12:22,0.0,166.82 M
2019-06-11 22:12:24,3.0,167.35 M
2019-06-11 22:12:26,2.0,167.88 M
2019-06-11 22:12:28,0.0,167.92 M
2019-06-11 22:12:30,0.0,169.20 M
2019-06-11 22:12:32,2.0,170.24 M
2019-06-11 22:12:34,0.0,170.28 M
2019-06-11 22:12:36,0.0,171.30 M
2019-06-11 22:12:38,0.0,172.10 M
2019-06-11 22:12:40,2.0,172.89 M
2019-06-11 22:12:42,0.0,172.93 M
2019-06-11 22:12:44,0.0,174.71 M
2019-06-11 22:12:46,0.0,175.76 M
2019-06-11 22:12:48,1.0,176.80 M
2019-06-11 22:12:50,1.0,176.84 M
2019-06-11 22:12:52,0.0,177.59 M
2019-06-11 22:12:54,1.0,178.90 M
2019-06-11 22:12:56,0.0,178.90 M
2019-06-11 22:12:58,0.0,180.17 M
2019-06-11 22:13:00,4.0,181.19 M
2019-06-11 22:13:02,0.0,181.22 M
2019-06-11 22:13:04,0.0,184.62 M
2019-06-11 22:13:06,11.0,188.46 M
2019-06-11 22:13:08,0.0,188.50 M
2019-06-11 22:13:10,0.0,186.11 M
2019-06-11 22:13:12,1.0,187.93 M
2019-06-11 22:13:14,0.0,187.96 M
2019-06-11 22:13:16,0.0,188.98 M
2019-06-11 22:13:18,3.0,190.02 M
2019-06-11 22:13:20,0.0,190.06 M
2019-06-11 22:13:22,1.0,191.07 M
2019-06-11 22:13:24,0.0,191.11 M
2019-06-11 22:13:26,0.0,192.37 M
2019-06-11 22:13:28,3.0,193.41 M
2019-06-11 22:13:30,0.0,193.45 M
2019-06-11 22:13:32,0.0,194.46 M
2019-06-11 22:13:34,2.0,195.73 M
2019-06-11 22:13:36,0.0,195.76 M
2019-06-11 22:13:38,0.0,201.85 M
2019-06-11 22:13:40,2.0,202.10 M
2019-06-11 22:13:42,0.0,202.10 M
2019-06-11 22:13:44,1.0,202.10 M
2019-06-11 22:13:46,4.0,202.11 M
2019-06-11 22:13:48,0.0,202.11 M
2019-06-11 22:13:50,0.0,202.37 M
2019-06-11 22:13:52,2.0,202.37 M
2019-06-11 22:13:54,2.0,202.36 M
2019-06-11 22:13:56,0.0,202.36 M
2019-06-11 22:13:58,0.0,202.36 M
2019-06-11 22:14:00,1.0,202.36 M
2019-06-11 22:14:02,0.0,202.36 M
2019-06-11 22:14:04,0.0,202.36 M
2019-06-11 22:14:06,0.0,202.59 M
2019-06-11 22:14:08,1.0,202.59 M
2019-06-11 22:14:10,0.0,202.59 M
2019-06-11 22:14:12,0.0,202.59 M
