2019-06-08 17:33:19,3.24 G,42.68 G,9.39 K,45.29 K
2019-06-08 17:33:22,3.24 G,42.68 G,32.55 K,145.04 K
2019-06-08 17:33:24,3.24 G,42.68 G,47.05 K,224.56 K
2019-06-08 17:33:26,3.24 G,42.68 G,55.56 K,240.63 K
2019-06-08 17:33:29,3.24 G,42.68 G,63.77 K,347.20 K
2019-06-08 17:33:31,3.24 G,42.68 G,142.63 K,631.78 K
2019-06-08 17:33:33,3.24 G,42.68 G,155.25 K,752.24 K
2019-06-08 17:33:35,3.24 G,42.68 G,105.06 K,518.53 K
2019-06-08 17:33:37,3.24 G,42.68 G,93.32 K,480.08 K
2019-06-08 17:33:39,3.24 G,42.68 G,96.81 K,502.09 K
2019-06-08 17:33:41,3.24 G,42.69 G,121.74 K,529.52 K
2019-06-08 17:33:43,3.24 G,42.69 G,70.30 K,383.62 K
2019-06-08 17:33:45,3.24 G,42.69 G,170.02 K,811.65 K
2019-06-08 17:33:47,3.24 G,42.69 G,118.84 K,518.87 K
2019-06-08 17:33:49,3.24 G,42.69 G,91.99 K,470.69 K
2019-06-08 17:33:51,3.24 G,42.69 G,92.17 K,396.82 K
2019-06-08 17:33:53,3.24 G,42.69 G,72.05 K,321.03 K
2019-06-08 17:33:55,3.24 G,42.69 G,73.24 K,338.69 K
2019-06-08 17:33:57,3.24 G,42.69 G,57.92 K,267.72 K
2019-06-08 17:33:59,3.24 G,42.69 G,55.61 K,264.35 K
2019-06-08 17:34:01,3.24 G,42.69 G,85.91 K,400.50 K
2019-06-08 17:34:03,3.24 G,42.69 G,27.49 K,126.57 K
2019-06-08 17:34:05,3.24 G,42.69 G,68.79 K,318.43 K
2019-06-08 17:34:07,3.24 G,42.70 G,66.84 K,318.57 K
2019-06-08 17:34:09,3.24 G,42.70 G,68.48 K,318.17 K
2019-06-08 17:34:11,3.24 G,42.70 G,43.93 K,203.94 K
2019-06-08 17:34:13,3.24 G,42.70 G,85.49 K,427.22 K
2019-06-08 17:34:15,3.24 G,42.70 G,74.92 K,369.82 K
2019-06-08 17:34:17,3.24 G,42.70 G,72.62 K,354.66 K
2019-06-08 17:34:19,3.24 G,42.70 G,83.48 K,415.93 K
2019-06-08 17:34:21,3.24 G,42.70 G,74.92 K,364.25 K
2019-06-08 17:34:23,3.24 G,42.70 G,87.33 K,444.14 K
2019-06-08 17:34:25,3.24 G,42.70 G,88.46 K,428.29 K
2019-06-08 17:34:27,3.25 G,42.70 G,87.09 K,432.51 K
2019-06-08 17:34:29,3.25 G,42.70 G,76.63 K,382.30 K
2019-06-08 17:34:31,3.25 G,42.70 G,87.54 K,435.70 K
2019-06-08 17:34:33,3.25 G,42.71 G,78.42 K,366.03 K
2019-06-08 17:34:35,3.25 G,42.71 G,68.01 K,356.08 K
2019-06-08 17:34:37,3.25 G,42.71 G,75.89 K,377.62 K
2019-06-08 17:34:40,3.25 G,42.71 G,79.35 K,374.26 K
2019-06-08 17:34:42,3.25 G,42.71 G,62.48 K,303.14 K
2019-06-08 17:34:44,3.25 G,42.71 G,57.71 K,280.07 K
2019-06-08 17:34:46,3.25 G,42.71 G,70.38 K,328.00 K
2019-06-08 17:34:48,3.25 G,42.71 G,70.33 K,329.98 K
2019-06-08 17:34:50,3.25 G,42.71 G,77.80 K,364.14 K
2019-06-08 17:34:52,3.25 G,42.71 G,88.25 K,411.27 K
2019-06-08 17:34:54,3.25 G,42.71 G,81.97 K,383.45 K
2019-06-08 17:34:56,3.25 G,42.71 G,72.80 K,361.01 K
2019-06-08 17:34:58,3.25 G,42.71 G,70.94 K,332.11 K
2019-06-08 17:35:00,3.25 G,42.71 G,62.28 K,314.14 K
2019-06-08 17:35:02,3.25 G,42.72 G,65.83 K,309.93 K
2019-06-08 17:35:04,3.25 G,42.72 G,55.43 K,263.34 K
2019-06-08 17:35:06,3.25 G,42.72 G,61.43 K,286.76 K
2019-06-08 17:35:08,3.25 G,42.72 G,74.87 K,367.96 K
2019-06-08 17:35:10,3.25 G,42.72 G,61.56 K,293.93 K
2019-06-08 17:35:12,3.25 G,42.72 G,70.96 K,336.16 K
2019-06-08 17:35:14,3.25 G,42.72 G,63.14 K,305.66 K
2019-06-08 17:35:16,3.25 G,42.72 G,82.26 K,404.83 K
2019-06-08 17:35:18,3.25 G,42.72 G,68.82 K,317.40 K
2019-06-08 17:35:20,3.25 G,42.72 G,59.33 K,276.88 K
2019-06-08 17:35:22,3.25 G,42.72 G,78.92 K,395.03 K
2019-06-08 17:35:24,3.25 G,42.72 G,69.27 K,329.52 K
2019-06-08 17:35:26,3.25 G,42.72 G,74.04 K,348.94 K
2019-06-08 17:35:29,3.25 G,42.72 G,60.76 K,294.97 K
2019-06-08 17:35:31,3.25 G,42.72 G,81.71 K,377.69 K
2019-06-08 17:35:33,3.25 G,42.72 G,63.64 K,304.79 K
2019-06-08 17:35:35,3.25 G,42.73 G,63.95 K,307.44 K
2019-06-08 17:35:37,3.25 G,42.73 G,56.37 K,269.80 K
2019-06-08 17:35:39,3.25 G,42.73 G,73.96 K,352.54 K
2019-06-08 17:35:41,3.25 G,42.73 G,68.76 K,321.23 K
2019-06-08 17:35:43,3.25 G,42.73 G,73.74 K,372.36 K
2019-06-08 17:35:45,3.25 G,42.73 G,65.82 K,321.88 K
2019-06-08 17:35:47,3.25 G,42.73 G,71.15 K,335.75 K
2019-06-08 17:35:49,3.25 G,42.73 G,65.21 K,313.04 K
2019-06-08 17:35:51,3.25 G,42.73 G,73.75 K,353.77 K
2019-06-08 17:35:53,3.25 G,42.73 G,66.60 K,312.60 K
2019-06-08 17:35:55,3.25 G,42.73 G,65.14 K,302.43 K
2019-06-08 17:35:57,3.25 G,42.73 G,88.39 K,430.26 K
2019-06-08 17:35:59,3.25 G,42.73 G,78.19 K,392.33 K
2019-06-08 17:36:01,3.25 G,42.73 G,72.14 K,352.08 K
2019-06-08 17:36:03,3.25 G,42.73 G,84.75 K,414.92 K
2019-06-08 17:36:05,3.25 G,42.74 G,64.76 K,315.40 K
2019-06-08 17:36:07,3.25 G,42.74 G,70.08 K,330.99 K
2019-06-08 17:36:09,3.25 G,42.74 G,73.22 K,337.03 K
2019-06-08 17:36:11,3.25 G,42.74 G,73.65 K,356.00 K
2019-06-08 17:36:13,3.25 G,42.74 G,54.43 K,262.13 K
2019-06-08 17:36:15,3.25 G,42.74 G,69.51 K,326.87 K
2019-06-08 17:36:17,3.25 G,42.74 G,60.82 K,297.29 K
2019-06-08 17:36:19,3.25 G,42.74 G,70.28 K,322.16 K
2019-06-08 17:36:21,3.25 G,42.74 G,68.25 K,322.13 K
2019-06-08 17:36:23,3.25 G,42.74 G,82.13 K,409.23 K
2019-06-08 17:36:25,3.25 G,42.74 G,60.00 K,282.56 K
2019-06-08 17:36:27,3.25 G,42.74 G,69.95 K,323.99 K
2019-06-08 17:36:29,3.25 G,42.74 G,85.29 K,394.54 K
2019-06-08 17:36:31,3.25 G,42.74 G,75.81 K,353.83 K
2019-06-08 17:36:33,3.25 G,42.74 G,77.77 K,363.71 K
2019-06-08 17:36:35,3.25 G,42.74 G,80.19 K,392.79 K
2019-06-08 17:36:37,3.25 G,42.75 G,61.07 K,292.35 K
2019-06-08 17:36:39,3.25 G,42.75 G,78.68 K,392.48 K
2019-06-08 17:36:41,3.25 G,42.75 G,29.17 K,134.22 K
2019-06-08 17:36:43,3.25 G,42.75 G,71.54 K,379.43 K
2019-06-08 17:36:45,3.25 G,42.75 G,107.78 K,543.67 K
2019-06-08 17:36:47,3.25 G,42.75 G,126.92 K,547.67 K
2019-06-08 17:36:49,3.25 G,42.75 G,75.72 K,393.03 K
2019-06-08 17:36:51,3.26 G,42.75 G,146.79 K,778.50 K
2019-06-08 17:36:53,3.26 G,42.75 G,70.17 K,381.20 K
2019-06-08 17:36:55,3.26 G,42.75 G,185.27 K,881.98 K
2019-06-08 17:36:57,3.26 G,42.76 G,158.01 K,758.01 K
2019-06-08 17:36:59,3.26 G,42.76 G,144.33 K,632.00 K
2019-06-08 17:37:01,3.26 G,42.76 G,46.73 K,212.32 K
2019-06-08 17:37:04,3.26 G,42.76 G,81.55 K,434.07 K
2019-06-08 17:37:06,3.26 G,42.76 G,73.48 K,374.55 K
2019-06-08 17:37:08,3.26 G,42.76 G,70.72 K,351.34 K
2019-06-08 17:37:10,3.26 G,42.76 G,78.48 K,425.55 K
2019-06-08 17:37:12,3.26 G,42.76 G,79.79 K,386.06 K
2019-06-08 17:37:14,3.26 G,42.76 G,90.28 K,466.64 K
2019-06-08 17:37:16,3.26 G,42.76 G,80.59 K,400.47 K
2019-06-08 17:37:18,3.26 G,42.76 G,97.72 K,485.32 K
2019-06-08 17:37:20,3.26 G,42.76 G,63.41 K,326.22 K
2019-06-08 17:37:22,3.26 G,42.77 G,80.53 K,441.02 K
2019-06-08 17:37:24,3.26 G,42.77 G,81.07 K,432.00 K
2019-06-08 17:37:26,3.26 G,42.77 G,79.56 K,397.26 K
2019-06-08 17:37:29,3.26 G,42.77 G,32.93 K,158.50 K
2019-06-08 17:37:31,3.26 G,42.77 G,31.84 K,154.87 K
2019-06-08 17:37:33,3.26 G,42.77 G,28.79 K,142.24 K
2019-06-08 17:37:35,3.26 G,42.77 G,30.55 K,159.15 K
2019-06-08 17:37:37,3.26 G,42.77 G,32.16 K,170.26 K
2019-06-08 17:37:39,3.26 G,42.77 G,37.15 K,184.85 K
2019-06-08 17:37:41,3.26 G,42.77 G,35.02 K,168.02 K
2019-06-08 17:37:44,3.26 G,42.77 G,31.27 K,162.38 K
2019-06-08 17:37:46,3.26 G,42.77 G,29.57 K,146.88 K
2019-06-08 17:37:48,3.26 G,42.77 G,32.14 K,158.18 K
2019-06-08 17:37:50,3.26 G,42.77 G,36.63 K,184.34 K
2019-06-08 17:37:52,3.26 G,42.77 G,35.42 K,175.35 K
2019-06-08 17:37:54,3.26 G,42.77 G,31.05 K,161.65 K
2019-06-08 17:37:56,3.26 G,42.77 G,29.91 K,156.70 K
2019-06-08 17:37:58,3.26 G,42.77 G,33.63 K,157.53 K
2019-06-08 17:38:00,3.26 G,42.77 G,36.44 K,181.37 K
2019-06-08 17:38:02,3.26 G,42.77 G,31.39 K,167.69 K
2019-06-08 17:38:04,3.26 G,42.77 G,22.52 K,110.69 K
2019-06-08 17:38:06,3.26 G,42.77 G,28.68 K,141.24 K
2019-06-08 17:38:08,3.26 G,42.77 G,31.39 K,154.96 K
2019-06-08 17:38:10,3.26 G,42.77 G,35.93 K,181.04 K
2019-06-08 17:38:12,3.26 G,42.77 G,35.99 K,187.58 K
2019-06-08 17:38:14,3.26 G,42.77 G,30.56 K,158.76 K
2019-06-08 17:38:16,3.26 G,42.77 G,32.04 K,164.66 K
2019-06-08 17:38:18,3.26 G,42.78 G,33.15 K,173.00 K
2019-06-08 17:38:20,3.26 G,42.78 G,37.74 K,189.53 K
2019-06-08 17:38:22,3.26 G,42.78 G,34.09 K,173.64 K
2019-06-08 17:38:24,3.26 G,42.78 G,38.06 K,192.75 K
2019-06-08 17:38:26,3.26 G,42.78 G,31.27 K,161.61 K
2019-06-08 17:38:28,3.26 G,42.78 G,31.65 K,159.49 K
2019-06-08 17:38:30,3.26 G,42.78 G,29.51 K,147.27 K
2019-06-08 17:38:32,3.26 G,42.78 G,38.12 K,186.76 K
2019-06-08 17:38:34,3.26 G,42.78 G,30.68 K,152.03 K
2019-06-08 17:38:36,3.26 G,42.78 G,33.27 K,169.10 K
2019-06-08 17:38:38,3.26 G,42.78 G,35.29 K,178.22 K
2019-06-08 17:38:40,3.26 G,42.78 G,26.53 K,130.98 K
2019-06-08 17:38:42,3.26 G,42.78 G,25.90 K,130.46 K
2019-06-08 17:38:44,3.26 G,42.78 G,31.06 K,152.66 K
2019-06-08 17:38:46,3.26 G,42.78 G,24.28 K,125.13 K
2019-06-08 17:38:48,3.26 G,42.78 G,23.38 K,117.29 K
2019-06-08 17:38:50,3.26 G,42.78 G,26.35 K,130.50 K
2019-06-08 17:38:52,3.26 G,42.78 G,31.02 K,158.69 K
2019-06-08 17:38:54,3.26 G,42.78 G,32.83 K,171.25 K
2019-06-08 17:38:56,3.26 G,42.78 G,27.49 K,139.26 K
2019-06-08 17:38:58,3.26 G,42.78 G,27.14 K,136.26 K
2019-06-08 17:39:00,3.26 G,42.78 G,27.83 K,141.25 K
2019-06-08 17:39:02,3.26 G,42.78 G,33.41 K,179.14 K
2019-06-08 17:39:04,3.26 G,42.78 G,25.64 K,129.30 K
2019-06-08 17:39:06,3.26 G,42.78 G,27.57 K,135.47 K
2019-06-08 17:39:08,3.26 G,42.78 G,31.15 K,158.49 K
2019-06-08 17:39:10,3.26 G,42.78 G,28.23 K,142.40 K
2019-06-08 17:39:12,3.26 G,42.78 G,32.74 K,169.58 K
2019-06-08 17:39:14,3.26 G,42.78 G,40.92 K,207.15 K
2019-06-08 17:39:16,3.26 G,42.78 G,35.53 K,180.98 K
2019-06-08 17:39:18,3.26 G,42.78 G,33.71 K,164.23 K
2019-06-08 17:39:20,3.26 G,42.78 G,40.85 K,207.89 K
2019-06-08 17:39:22,3.26 G,42.78 G,30.81 K,152.16 K
2019-06-08 17:39:24,3.26 G,42.79 G,29.58 K,153.56 K
2019-06-08 17:39:26,3.26 G,42.79 G,31.35 K,162.27 K
2019-06-08 17:39:28,3.26 G,42.79 G,35.97 K,183.87 K
2019-06-08 17:39:30,3.26 G,42.79 G,30.11 K,159.29 K
2019-06-08 17:39:32,3.26 G,42.79 G,34.62 K,165.73 K
2019-06-08 17:39:34,3.26 G,42.79 G,27.77 K,138.04 K
2019-06-08 17:39:36,3.26 G,42.79 G,27.90 K,139.16 K
2019-06-08 17:39:38,3.26 G,42.79 G,28.68 K,142.23 K
2019-06-08 17:39:40,3.26 G,42.79 G,29.28 K,154.04 K
2019-06-08 17:39:42,3.26 G,42.79 G,32.62 K,160.68 K
2019-06-08 17:39:44,3.26 G,42.79 G,33.47 K,170.65 K
2019-06-08 17:39:46,3.26 G,42.79 G,30.03 K,149.76 K
2019-06-08 17:39:48,3.26 G,42.79 G,28.23 K,144.18 K
2019-06-08 17:39:50,3.26 G,42.79 G,30.22 K,146.97 K
2019-06-08 17:39:52,3.26 G,42.79 G,32.30 K,161.86 K
2019-06-08 17:39:54,3.26 G,42.79 G,30.88 K,148.92 K
2019-06-08 17:39:56,3.26 G,42.79 G,30.14 K,146.34 K
2019-06-08 17:39:58,3.26 G,42.79 G,28.42 K,144.99 K
2019-06-08 17:40:00,3.26 G,42.79 G,29.44 K,147.52 K
2019-06-08 17:40:02,3.26 G,42.79 G,24.79 K,124.83 K
2019-06-08 17:40:04,3.26 G,42.79 G,29.38 K,152.98 K
2019-06-08 17:40:06,3.26 G,42.79 G,47.38 K,236.86 K
2019-06-08 17:40:08,3.26 G,42.79 G,40.97 K,203.17 K
2019-06-08 17:40:10,3.26 G,42.79 G,31.01 K,152.37 K
2019-06-08 17:40:12,3.26 G,42.79 G,53.74 K,270.87 K
2019-06-08 17:40:14,3.26 G,42.79 G,40.42 K,194.64 K
2019-06-08 17:40:16,3.26 G,42.79 G,13.55 K,66.55 K
2019-06-08 17:40:18,3.26 G,42.79 G,23.55 K,122.06 K
2019-06-08 17:40:20,3.26 G,42.79 G,8.73 K,38.49 K
2019-06-08 17:40:22,3.26 G,42.79 G,19.42 K,100.86 K
2019-06-08 17:40:24,3.26 G,42.79 G,17.88 K,88.50 K
2019-06-08 17:40:26,3.26 G,42.79 G,9.25 K,42.51 K
2019-06-08 17:40:28,3.26 G,42.79 G,8.08 K,40.35 K
2019-06-08 17:40:31,3.26 G,42.79 G,39.99 K,197.62 K
2019-06-08 17:40:33,3.26 G,42.79 G,29.13 K,153.56 K
2019-06-08 17:40:35,3.26 G,42.79 G,34.57 K,185.80 K
2019-06-08 17:40:37,3.26 G,42.80 G,33.01 K,160.86 K
2019-06-08 17:40:39,3.26 G,42.80 G,39.50 K,194.78 K
2019-06-08 17:40:41,3.26 G,42.80 G,32.56 K,157.89 K
2019-06-08 17:40:43,3.26 G,42.80 G,36.44 K,183.90 K
2019-06-08 17:40:45,3.26 G,42.80 G,35.22 K,178.09 K
2019-06-08 17:40:47,3.26 G,42.80 G,20.26 K,106.39 K
2019-06-08 17:40:49,3.26 G,42.80 G,31.39 K,154.48 K
2019-06-08 17:40:51,3.26 G,42.80 G,35.74 K,178.44 K
2019-06-08 17:40:53,3.26 G,42.80 G,29.38 K,147.15 K
2019-06-08 17:40:55,3.26 G,42.80 G,30.35 K,147.89 K
2019-06-08 17:40:57,3.26 G,42.80 G,30.30 K,156.91 K
2019-06-08 17:40:59,3.26 G,42.80 G,29.99 K,148.69 K
2019-06-08 17:41:01,3.26 G,42.80 G,34.08 K,177.09 K
2019-06-08 17:41:03,3.26 G,42.80 G,27.32 K,126.18 K
2019-06-08 17:41:05,3.26 G,42.80 G,28.74 K,141.39 K
2019-06-08 17:41:07,3.26 G,42.80 G,32.57 K,167.21 K
2019-06-08 17:41:09,3.26 G,42.80 G,30.17 K,150.34 K
2019-06-08 17:41:11,3.26 G,42.80 G,31.52 K,162.63 K
2019-06-08 17:41:13,3.26 G,42.80 G,28.93 K,143.71 K
2019-06-08 17:41:15,3.26 G,42.80 G,27.00 K,142.79 K
2019-06-08 17:41:17,3.26 G,42.80 G,30.03 K,147.31 K
2019-06-08 17:41:19,3.26 G,42.80 G,28.88 K,140.93 K
2019-06-08 17:41:21,3.27 G,42.80 G,26.22 K,121.72 K
2019-06-08 17:41:23,3.27 G,42.80 G,24.41 K,123.05 K
2019-06-08 17:41:25,3.27 G,42.80 G,24.72 K,118.46 K
2019-06-08 17:41:27,3.27 G,42.80 G,20.08 K,104.16 K
2019-06-08 17:41:29,3.27 G,42.80 G,27.57 K,132.89 K
2019-06-08 17:41:31,3.27 G,42.80 G,29.61 K,146.53 K
2019-06-08 17:41:33,3.27 G,42.80 G,31.13 K,155.46 K
2019-06-08 17:41:35,3.27 G,42.80 G,39.56 K,201.86 K
2019-06-08 17:41:37,3.27 G,42.80 G,26.74 K,133.86 K
2019-06-08 17:41:39,3.27 G,42.80 G,29.45 K,148.40 K
2019-06-08 17:41:41,3.27 G,42.80 G,30.12 K,150.70 K
2019-06-08 17:41:43,3.27 G,42.80 G,26.88 K,130.60 K
2019-06-08 17:41:45,3.27 G,42.80 G,29.58 K,151.15 K
2019-06-08 17:41:47,3.27 G,42.81 G,25.36 K,130.15 K
2019-06-08 17:41:49,3.27 G,42.81 G,30.18 K,149.77 K
2019-06-08 17:41:51,3.27 G,42.81 G,30.09 K,149.52 K
2019-06-08 17:41:53,3.27 G,42.81 G,30.82 K,155.95 K
2019-06-08 17:41:55,3.27 G,42.81 G,25.62 K,121.17 K
2019-06-08 17:41:57,3.27 G,42.81 G,27.07 K,130.52 K
2019-06-08 17:41:59,3.27 G,42.81 G,30.57 K,159.01 K
2019-06-08 17:42:01,3.27 G,42.81 G,29.62 K,159.90 K
2019-06-08 17:42:03,3.27 G,42.81 G,34.09 K,170.42 K
2019-06-08 17:42:05,3.27 G,42.81 G,31.73 K,155.00 K
2019-06-08 17:42:07,3.27 G,42.81 G,32.44 K,158.48 K
2019-06-08 17:42:09,3.27 G,42.81 G,26.73 K,131.08 K
2019-06-08 17:42:11,3.27 G,42.81 G,24.60 K,125.31 K
2019-06-08 17:42:13,3.27 G,42.81 G,28.68 K,141.97 K
2019-06-08 17:42:15,3.27 G,42.81 G,26.16 K,124.57 K
2019-06-08 17:42:17,3.27 G,42.81 G,23.50 K,112.72 K
2019-06-08 17:42:19,3.27 G,42.81 G,34.62 K,165.55 K
2019-06-08 17:42:21,3.27 G,42.81 G,32.37 K,165.82 K
2019-06-08 17:42:23,3.27 G,42.81 G,30.42 K,152.56 K
2019-06-08 17:42:25,3.27 G,42.81 G,32.93 K,169.78 K
2019-06-08 17:42:27,3.27 G,42.81 G,30.50 K,149.88 K
2019-06-08 17:42:30,3.27 G,42.81 G,74.61 K,347.52 K
2019-06-08 17:42:32,3.27 G,42.81 G,81.26 K,386.85 K
2019-06-08 17:42:34,3.27 G,42.81 G,75.57 K,350.64 K
2019-06-08 17:42:36,3.27 G,42.81 G,100.00 K,473.30 K
2019-06-08 17:42:38,3.27 G,42.81 G,84.45 K,399.70 K
2019-06-08 17:42:40,3.27 G,42.81 G,74.74 K,341.73 K
2019-06-08 17:42:42,3.27 G,42.82 G,72.33 K,351.75 K
2019-06-08 17:42:44,3.27 G,42.82 G,82.31 K,399.61 K
2019-06-08 17:42:46,3.27 G,42.82 G,78.46 K,359.73 K
2019-06-08 17:42:48,3.27 G,42.82 G,74.50 K,361.58 K
2019-06-08 17:42:50,3.27 G,42.82 G,89.61 K,421.60 K
2019-06-08 17:42:52,3.27 G,42.82 G,70.56 K,329.85 K
2019-06-08 17:42:54,3.27 G,42.82 G,65.96 K,313.57 K
2019-06-08 17:42:56,3.27 G,42.82 G,82.96 K,381.97 K
2019-06-08 17:42:58,3.27 G,42.82 G,88.03 K,410.80 K
2019-06-08 17:43:00,3.27 G,42.82 G,77.31 K,359.07 K
2019-06-08 17:43:02,3.27 G,42.82 G,99.85 K,477.63 K
2019-06-08 17:43:04,3.27 G,42.82 G,88.97 K,423.84 K
2019-06-08 17:43:06,3.27 G,42.82 G,55.16 K,269.88 K
2019-06-08 17:43:08,3.27 G,42.82 G,86.36 K,396.22 K
2019-06-08 17:43:12,3.27 G,42.83 G,87.65 K,404.60 K
2019-06-08 17:43:14,3.27 G,42.83 G,73.08 K,335.77 K
2019-06-08 17:43:16,3.27 G,42.83 G,80.27 K,387.05 K
2019-06-08 17:43:18,3.27 G,42.83 G,95.16 K,446.18 K
2019-06-08 17:43:20,3.27 G,42.83 G,80.85 K,393.18 K
2019-06-08 17:43:22,3.27 G,42.83 G,68.51 K,317.02 K
2019-06-08 17:43:24,3.27 G,42.83 G,83.49 K,387.73 K
2019-06-08 17:43:26,3.27 G,42.83 G,92.91 K,419.84 K
2019-06-08 17:43:28,3.27 G,42.83 G,105.51 K,497.43 K
2019-06-08 17:43:30,3.27 G,42.83 G,114.24 K,532.02 K
2019-06-08 17:43:32,3.27 G,42.83 G,96.77 K,458.68 K
2019-06-08 17:43:34,3.27 G,42.83 G,87.50 K,427.75 K
2019-06-08 17:43:36,3.27 G,42.84 G,79.88 K,374.51 K
2019-06-08 17:43:38,3.27 G,42.84 G,85.08 K,387.63 K
2019-06-08 17:43:40,3.27 G,42.84 G,86.89 K,398.50 K
2019-06-08 17:43:42,3.27 G,42.84 G,91.44 K,438.08 K
2019-06-08 17:43:44,3.27 G,42.84 G,77.25 K,379.56 K
2019-06-08 17:43:46,3.27 G,42.84 G,80.34 K,367.97 K
2019-06-08 17:43:48,3.27 G,42.84 G,104.22 K,494.14 K
2019-06-08 17:43:50,3.27 G,42.84 G,80.92 K,369.71 K
2019-06-08 17:43:52,3.27 G,42.84 G,55.49 K,260.41 K
2019-06-08 17:43:54,3.27 G,42.84 G,90.86 K,417.07 K
2019-06-08 17:43:56,3.27 G,42.84 G,94.59 K,454.54 K
2019-06-08 17:43:58,3.27 G,42.84 G,84.19 K,408.17 K
2019-06-08 17:44:00,3.27 G,42.84 G,83.68 K,398.88 K
2019-06-08 17:44:02,3.27 G,42.85 G,89.52 K,427.71 K
2019-06-08 17:44:04,3.27 G,42.85 G,109.37 K,512.86 K
2019-06-08 17:44:06,3.27 G,42.85 G,86.29 K,402.54 K
2019-06-08 17:44:08,3.27 G,42.85 G,85.22 K,390.31 K
2019-06-08 17:44:10,3.27 G,42.85 G,78.47 K,382.87 K
2019-06-08 17:44:12,3.28 G,42.85 G,89.72 K,416.91 K
2019-06-08 17:44:14,3.28 G,42.85 G,79.63 K,372.27 K
2019-06-08 17:44:16,3.28 G,42.85 G,80.72 K,373.99 K
2019-06-08 17:44:18,3.28 G,42.85 G,75.47 K,351.02 K
2019-06-08 17:44:20,3.28 G,42.85 G,86.82 K,415.24 K
2019-06-08 17:44:22,3.28 G,42.85 G,90.94 K,433.75 K
2019-06-08 17:44:24,3.28 G,42.85 G,84.07 K,378.88 K
2019-06-08 17:44:26,3.28 G,42.85 G,87.66 K,421.16 K
2019-06-08 17:44:28,3.28 G,42.86 G,91.39 K,438.55 K
2019-06-08 17:44:30,3.28 G,42.86 G,81.05 K,373.29 K
2019-06-08 17:44:32,3.28 G,42.86 G,63.00 K,301.91 K
2019-06-08 17:44:34,3.28 G,42.86 G,78.84 K,383.17 K
2019-06-08 17:44:36,3.28 G,42.86 G,88.88 K,425.95 K
2019-06-08 17:44:38,3.28 G,42.86 G,83.93 K,407.68 K
2019-06-08 17:44:40,3.28 G,42.86 G,81.94 K,373.41 K
2019-06-08 17:44:42,3.28 G,42.86 G,84.96 K,384.25 K
2019-06-08 17:44:44,3.28 G,42.86 G,85.79 K,394.02 K
2019-06-08 17:44:46,3.28 G,42.86 G,77.95 K,382.97 K
2019-06-08 17:44:48,3.28 G,42.86 G,87.97 K,427.60 K
2019-06-08 17:44:50,3.28 G,42.86 G,64.09 K,302.18 K
2019-06-08 17:44:52,3.28 G,42.86 G,73.07 K,337.35 K
2019-06-08 17:44:54,3.28 G,42.86 G,85.39 K,388.32 K
2019-06-08 17:44:56,3.28 G,42.87 G,84.89 K,404.93 K
2019-06-08 17:44:58,3.28 G,42.87 G,77.29 K,375.12 K
2019-06-08 17:45:00,3.28 G,42.87 G,78.45 K,379.07 K
2019-06-08 17:45:02,3.28 G,42.87 G,72.74 K,336.75 K
2019-06-08 17:45:04,3.28 G,42.87 G,99.35 K,464.50 K
2019-06-08 17:45:06,3.28 G,42.87 G,76.27 K,360.41 K
2019-06-08 17:45:08,3.28 G,42.87 G,95.09 K,441.84 K
2019-06-08 17:45:10,3.28 G,42.87 G,77.45 K,354.53 K
2019-06-08 17:45:12,3.28 G,42.87 G,102.19 K,480.56 K
2019-06-08 17:45:14,3.28 G,42.87 G,84.53 K,402.27 K
2019-06-08 17:45:16,3.28 G,42.87 G,90.64 K,438.83 K
2019-06-08 17:45:18,3.28 G,42.87 G,81.81 K,398.08 K
2019-06-08 17:45:20,3.28 G,42.88 G,102.07 K,465.21 K
2019-06-08 17:45:22,3.28 G,42.88 G,81.19 K,368.88 K
2019-06-08 17:45:24,3.28 G,42.88 G,73.74 K,339.65 K
2019-06-08 17:45:26,3.28 G,42.88 G,77.28 K,360.82 K
2019-06-08 17:45:28,3.28 G,42.88 G,70.15 K,329.11 K
2019-06-08 17:45:30,3.28 G,42.88 G,92.88 K,443.03 K
2019-06-08 17:45:32,3.28 G,42.88 G,84.86 K,391.39 K
2019-06-08 17:45:34,3.28 G,42.88 G,99.56 K,457.69 K
2019-06-08 17:45:36,3.28 G,42.88 G,93.72 K,436.12 K
2019-06-08 17:45:38,3.28 G,42.88 G,78.94 K,366.11 K
2019-06-08 17:45:40,3.28 G,42.88 G,100.59 K,477.96 K
2019-06-08 17:45:42,3.28 G,42.88 G,77.79 K,365.50 K
2019-06-08 17:45:44,3.28 G,42.88 G,72.84 K,337.16 K
2019-06-08 17:45:46,3.28 G,42.89 G,71.24 K,329.27 K
2019-06-08 17:45:48,3.28 G,42.89 G,84.72 K,409.94 K
2019-06-08 17:45:50,3.28 G,42.89 G,65.71 K,306.60 K
2019-06-08 17:45:52,3.28 G,42.89 G,90.83 K,419.97 K
2019-06-08 17:45:54,3.28 G,42.89 G,83.12 K,404.14 K
2019-06-08 17:45:56,3.28 G,42.89 G,84.14 K,407.28 K
2019-06-08 17:45:58,3.28 G,42.89 G,99.31 K,450.99 K
2019-06-08 17:46:00,3.28 G,42.89 G,103.41 K,480.48 K
2019-06-08 17:46:02,3.28 G,42.89 G,79.26 K,368.11 K
2019-06-08 17:46:04,3.28 G,42.89 G,92.75 K,445.04 K
2019-06-08 17:46:06,3.28 G,42.89 G,102.13 K,468.47 K
2019-06-08 17:46:09,3.28 G,42.89 G,83.00 K,377.75 K
2019-06-08 17:46:11,3.28 G,42.89 G,84.53 K,393.80 K
2019-06-08 17:46:13,3.28 G,42.90 G,89.54 K,428.05 K
2019-06-08 17:46:15,3.28 G,42.90 G,97.12 K,458.54 K
2019-06-08 17:46:17,3.29 G,42.90 G,88.19 K,404.99 K
2019-06-08 17:46:19,3.29 G,42.90 G,84.86 K,395.48 K
2019-06-08 17:46:21,3.29 G,42.90 G,98.08 K,463.26 K
2019-06-08 17:46:23,3.29 G,42.90 G,86.65 K,406.14 K
2019-06-08 17:46:25,3.29 G,42.90 G,75.67 K,351.33 K
2019-06-08 17:46:27,3.29 G,42.90 G,72.26 K,341.35 K
2019-06-08 17:46:29,3.29 G,42.90 G,96.02 K,442.54 K
2019-06-08 17:46:31,3.29 G,42.90 G,99.05 K,472.68 K
2019-06-08 17:46:33,3.29 G,42.90 G,87.03 K,420.38 K
2019-06-08 17:46:35,3.29 G,42.90 G,77.91 K,357.82 K
2019-06-08 17:46:37,3.29 G,42.90 G,83.50 K,400.79 K
2019-06-08 17:46:39,3.29 G,42.91 G,82.20 K,385.03 K
2019-06-08 17:46:41,3.29 G,42.91 G,70.46 K,326.64 K
2019-06-08 17:46:43,3.29 G,42.91 G,96.73 K,458.80 K
2019-06-08 17:46:45,3.29 G,42.91 G,97.06 K,467.05 K
2019-06-08 17:46:47,3.29 G,42.91 G,73.80 K,335.34 K
2019-06-08 17:46:49,3.29 G,42.91 G,95.25 K,455.21 K
2019-06-08 17:46:51,3.29 G,42.91 G,84.79 K,396.73 K
2019-06-08 17:46:53,3.29 G,42.91 G,103.54 K,475.39 K
2019-06-08 17:46:55,3.29 G,42.91 G,58.00 K,271.06 K
2019-06-08 17:46:57,3.29 G,42.91 G,96.22 K,453.42 K
2019-06-08 17:46:59,3.29 G,42.91 G,89.35 K,421.43 K
2019-06-08 17:47:01,3.29 G,42.91 G,96.42 K,456.13 K
2019-06-08 17:47:03,3.29 G,42.91 G,89.28 K,412.38 K
2019-06-08 17:47:05,3.29 G,42.92 G,99.70 K,482.35 K
2019-06-08 17:47:07,3.29 G,42.92 G,79.52 K,386.54 K
2019-06-08 17:47:09,3.29 G,42.92 G,93.33 K,447.17 K
2019-06-08 17:47:11,3.29 G,42.92 G,97.72 K,462.81 K
2019-06-08 17:47:14,3.29 G,42.92 G,2.93 K,14.05 K
2019-06-08 17:47:16,3.29 G,42.92 G,99.39 K,466.07 K
2019-06-08 17:47:18,3.29 G,42.92 G,84.97 K,405.25 K
2019-06-08 17:47:20,3.29 G,42.92 G,92.31 K,440.29 K
2019-06-08 17:47:22,3.29 G,42.92 G,95.19 K,456.61 K
2019-06-08 17:47:24,3.29 G,42.92 G,64.09 K,307.12 K
2019-06-08 17:47:26,3.29 G,42.92 G,87.59 K,407.89 K
2019-06-08 17:47:28,3.29 G,42.92 G,78.95 K,364.65 K
2019-06-08 17:47:30,3.29 G,42.92 G,84.15 K,373.30 K
2019-06-08 17:47:32,3.29 G,42.93 G,81.66 K,360.73 K
2019-06-08 17:47:34,3.29 G,42.93 G,81.54 K,359.08 K
2019-06-08 17:47:36,3.29 G,42.93 G,73.77 K,333.27 K
2019-06-08 17:47:38,3.29 G,42.93 G,86.85 K,387.69 K
2019-06-08 17:47:40,3.29 G,42.93 G,81.76 K,369.98 K
2019-06-08 17:47:42,3.29 G,42.93 G,86.98 K,403.69 K
2019-06-08 17:47:44,3.29 G,42.93 G,93.93 K,440.36 K
2019-06-08 17:47:46,3.29 G,42.93 G,101.50 K,471.54 K
2019-06-08 17:47:48,3.29 G,42.93 G,80.56 K,374.02 K
2019-06-08 17:47:50,3.29 G,42.93 G,76.37 K,363.29 K
2019-06-08 17:47:52,3.29 G,42.93 G,82.49 K,394.34 K
2019-06-08 17:47:54,3.29 G,42.93 G,76.44 K,363.67 K
2019-06-08 17:47:56,3.29 G,42.93 G,79.65 K,357.46 K
2019-06-08 17:47:58,3.29 G,42.93 G,76.72 K,349.69 K
2019-06-08 17:48:00,3.29 G,42.94 G,82.96 K,372.31 K
2019-06-08 17:48:02,3.29 G,42.94 G,80.75 K,367.69 K
2019-06-08 17:48:04,3.29 G,42.94 G,96.53 K,429.22 K
2019-06-08 17:48:06,3.29 G,42.94 G,84.72 K,375.07 K
2019-06-08 17:48:08,3.29 G,42.94 G,91.04 K,431.86 K
2019-06-08 17:48:10,3.29 G,42.94 G,72.03 K,337.41 K
2019-06-08 17:48:12,3.29 G,42.94 G,91.21 K,424.22 K
2019-06-08 17:48:14,3.29 G,42.94 G,85.36 K,404.83 K
2019-06-08 17:48:16,3.29 G,42.94 G,103.26 K,488.01 K
2019-06-08 17:48:18,3.29 G,42.94 G,80.62 K,364.44 K
2019-06-08 17:48:20,3.30 G,42.94 G,76.51 K,347.84 K
2019-06-08 17:48:22,3.30 G,42.94 G,74.57 K,335.09 K
2019-06-08 17:48:24,3.30 G,42.94 G,90.90 K,410.64 K
2019-06-08 17:48:26,3.30 G,42.95 G,95.07 K,426.75 K
2019-06-08 17:48:28,3.30 G,42.95 G,86.75 K,411.39 K
2019-06-08 17:48:30,3.30 G,42.95 G,89.80 K,418.75 K
2019-06-08 17:48:32,3.30 G,42.95 G,71.63 K,337.59 K
2019-06-08 17:48:34,3.30 G,42.95 G,89.83 K,426.25 K
2019-06-08 17:48:36,3.30 G,42.95 G,87.46 K,397.09 K
2019-06-08 17:48:38,3.30 G,42.95 G,82.46 K,376.86 K
2019-06-08 17:48:40,3.30 G,42.95 G,108.81 K,507.45 K
2019-06-08 17:48:42,3.30 G,42.95 G,75.66 K,360.48 K
2019-06-08 17:48:44,3.30 G,42.95 G,88.25 K,411.40 K
2019-06-08 17:48:46,3.30 G,42.95 G,90.93 K,425.14 K
2019-06-08 17:48:48,3.30 G,42.95 G,81.44 K,371.87 K
2019-06-08 17:48:51,3.30 G,42.95 G,76.77 K,346.51 K
2019-06-08 17:48:53,3.30 G,42.96 G,67.80 K,299.86 K
2019-06-08 17:48:55,3.30 G,42.96 G,101.97 K,454.34 K
2019-06-08 17:48:57,3.30 G,42.96 G,92.00 K,406.50 K
2019-06-08 17:48:59,3.30 G,42.96 G,84.10 K,396.41 K
2019-06-08 17:49:01,3.30 G,42.96 G,94.52 K,452.04 K
2019-06-08 17:49:03,3.30 G,42.96 G,101.37 K,473.82 K
2019-06-08 17:49:05,3.30 G,42.96 G,95.02 K,444.24 K
2019-06-08 17:49:07,3.30 G,42.96 G,76.82 K,351.25 K
2019-06-08 17:49:09,3.30 G,42.96 G,102.39 K,462.16 K
2019-06-08 17:49:11,3.30 G,42.96 G,89.64 K,418.86 K
2019-06-08 17:49:13,3.30 G,42.96 G,95.03 K,441.11 K
2019-06-08 17:49:15,3.30 G,42.96 G,103.97 K,484.94 K
2019-06-08 17:49:17,3.30 G,42.96 G,79.67 K,358.50 K
2019-06-08 17:49:19,3.30 G,42.97 G,67.54 K,304.72 K
2019-06-08 17:49:21,3.30 G,42.97 G,71.53 K,321.78 K
2019-06-08 17:49:23,3.30 G,42.97 G,86.26 K,389.84 K
2019-06-08 17:49:25,3.30 G,42.97 G,96.58 K,437.26 K
2019-06-08 17:49:27,3.30 G,42.97 G,103.03 K,474.12 K
2019-06-08 17:49:29,3.30 G,42.97 G,83.07 K,386.78 K
2019-06-08 17:49:31,3.30 G,42.97 G,98.85 K,466.24 K
2019-06-08 17:49:33,3.30 G,42.97 G,68.92 K,333.08 K
2019-06-08 17:49:35,3.30 G,42.97 G,86.97 K,409.69 K
2019-06-08 17:49:37,3.30 G,42.97 G,77.06 K,346.35 K
2019-06-08 17:49:39,3.30 G,42.97 G,84.42 K,377.33 K
2019-06-08 17:49:41,3.30 G,42.97 G,98.42 K,448.22 K
2019-06-08 17:49:43,3.30 G,42.97 G,97.12 K,463.63 K
2019-06-08 17:49:45,3.30 G,42.98 G,88.81 K,412.39 K
2019-06-08 17:49:47,3.30 G,42.98 G,88.93 K,421.66 K
2019-06-08 17:49:49,3.30 G,42.98 G,85.82 K,404.81 K
2019-06-08 17:49:51,3.30 G,42.98 G,102.93 K,474.73 K
2019-06-08 17:49:53,3.30 G,42.98 G,82.94 K,394.46 K
2019-06-08 17:49:55,3.30 G,42.98 G,97.79 K,440.82 K
2019-06-08 17:49:57,3.30 G,42.98 G,93.18 K,418.96 K
2019-06-08 17:49:59,3.30 G,42.98 G,78.97 K,360.94 K
2019-06-08 17:50:01,3.30 G,42.98 G,86.79 K,424.24 K
2019-06-08 17:50:03,3.30 G,42.98 G,93.22 K,445.05 K
2019-06-08 17:50:05,3.30 G,42.98 G,78.32 K,371.51 K
2019-06-08 17:50:07,3.30 G,42.98 G,88.15 K,398.18 K
2019-06-08 17:50:09,3.30 G,42.98 G,83.58 K,377.00 K
2019-06-08 17:50:11,3.30 G,42.99 G,77.39 K,356.50 K
2019-06-08 17:50:13,3.30 G,42.99 G,139.28 K,647.19 K
2019-06-08 17:50:15,3.31 G,42.99 G,376.05 K,1.70 M
2019-06-08 17:50:17,3.31 G,42.99 G,130.63 K,603.55 K
2019-06-08 17:50:19,3.31 G,42.99 G,99.67 K,465.54 K
2019-06-08 17:50:21,3.31 G,42.99 G,87.53 K,395.09 K
2019-06-08 17:50:23,3.31 G,42.99 G,130.55 K,604.60 K
2019-06-08 17:50:25,3.31 G,43.00 G,9.74 K,23.98 K
2019-06-08 17:50:27,3.31 G,43.00 G,34.00 K,152.78 K
2019-06-08 17:50:29,3.31 G,43.00 G,30.49 K,158.29 K
2019-06-08 17:50:31,3.31 G,43.00 G,84.04 K,389.28 K
2019-06-08 17:50:33,3.31 G,43.00 G,93.31 K,432.27 K
2019-06-08 17:50:35,3.31 G,43.00 G,90.14 K,400.72 K
2019-06-08 17:50:37,3.31 G,43.00 G,76.80 K,350.85 K
2019-06-08 17:50:39,3.31 G,43.00 G,85.80 K,387.52 K
2019-06-08 17:50:41,3.31 G,43.00 G,86.37 K,388.62 K
2019-06-08 17:50:43,3.31 G,43.00 G,83.80 K,379.22 K
2019-06-08 17:50:45,3.31 G,43.00 G,86.18 K,394.50 K
2019-06-08 17:50:47,3.31 G,43.00 G,96.93 K,453.35 K
2019-06-08 17:50:49,3.31 G,43.00 G,78.33 K,371.24 K
2019-06-08 17:50:51,3.31 G,43.00 G,82.95 K,387.78 K
2019-06-08 17:50:53,3.31 G,43.00 G,92.48 K,434.63 K
2019-06-08 17:50:55,3.31 G,43.01 G,79.75 K,367.50 K
2019-06-08 17:50:57,3.31 G,43.01 G,76.74 K,346.13 K
2019-06-08 17:50:59,3.31 G,43.01 G,61.21 K,281.35 K
2019-06-08 17:51:01,3.31 G,43.01 G,87.78 K,410.15 K
2019-06-08 17:51:03,3.31 G,43.01 G,85.79 K,387.28 K
2019-06-08 17:51:05,3.31 G,43.01 G,73.43 K,323.66 K
2019-06-08 17:51:07,3.31 G,43.01 G,89.44 K,425.27 K
2019-06-08 17:51:09,3.31 G,43.01 G,79.01 K,367.83 K
2019-06-08 17:51:11,3.31 G,43.01 G,88.62 K,418.62 K
2019-06-08 17:51:13,3.31 G,43.01 G,79.71 K,376.39 K
2019-06-08 17:51:15,3.31 G,43.01 G,94.66 K,442.48 K
2019-06-08 17:51:17,3.31 G,43.01 G,82.84 K,369.03 K
2019-06-08 17:51:19,3.31 G,43.01 G,89.17 K,404.50 K
2019-06-08 17:51:21,3.31 G,43.02 G,75.37 K,343.75 K
2019-06-08 17:51:23,3.31 G,43.02 G,79.62 K,358.04 K
2019-06-08 17:51:25,3.31 G,43.02 G,64.76 K,291.52 K
2019-06-08 17:51:27,3.31 G,43.02 G,76.88 K,351.32 K
2019-06-08 17:51:29,3.31 G,43.02 G,79.54 K,361.22 K
2019-06-08 17:51:31,3.31 G,43.02 G,82.25 K,392.35 K
2019-06-08 17:51:33,3.31 G,43.02 G,90.42 K,419.67 K
2019-06-08 17:51:35,3.31 G,43.02 G,83.57 K,396.10 K
2019-06-08 17:51:37,3.31 G,43.02 G,82.49 K,385.79 K
2019-06-08 17:51:39,3.31 G,43.02 G,58.80 K,266.84 K
2019-06-08 17:51:42,3.31 G,43.02 G,68.55 K,344.14 K
2019-06-08 17:51:44,3.31 G,43.02 G,68.42 K,321.89 K
2019-06-08 17:51:46,3.31 G,43.02 G,81.80 K,388.98 K
2019-06-08 17:51:48,3.31 G,43.02 G,81.62 K,403.01 K
2019-06-08 17:51:50,3.31 G,43.03 G,87.14 K,418.29 K
2019-06-08 17:51:52,3.31 G,43.03 G,85.10 K,405.57 K
2019-06-08 17:51:54,3.31 G,43.03 G,79.78 K,381.85 K
2019-06-08 17:51:56,3.31 G,43.03 G,78.84 K,388.30 K
2019-06-08 17:51:58,3.31 G,43.03 G,81.93 K,389.59 K
2019-06-08 17:52:00,3.31 G,43.03 G,65.39 K,330.86 K
2019-06-08 17:52:02,3.31 G,43.03 G,86.37 K,423.03 K
2019-06-08 17:52:04,3.31 G,43.03 G,78.56 K,375.63 K
2019-06-08 17:52:06,3.31 G,43.03 G,72.34 K,345.58 K
2019-06-08 17:52:08,3.31 G,43.03 G,71.05 K,335.73 K
2019-06-08 17:52:10,3.31 G,43.03 G,67.84 K,321.75 K
2019-06-08 17:52:12,3.31 G,43.03 G,63.10 K,301.27 K
2019-06-08 17:52:14,3.31 G,43.03 G,70.10 K,332.54 K
2019-06-08 17:52:16,3.31 G,43.03 G,75.71 K,355.62 K
2019-06-08 17:52:18,3.31 G,43.03 G,73.88 K,358.75 K
2019-06-08 17:52:20,3.31 G,43.04 G,82.70 K,411.04 K
2019-06-08 17:52:22,3.32 G,43.04 G,63.92 K,314.80 K
2019-06-08 17:52:24,3.32 G,43.04 G,88.92 K,439.31 K
2019-06-08 17:52:26,3.32 G,43.04 G,75.53 K,353.06 K
2019-06-08 17:52:28,3.32 G,43.04 G,68.16 K,324.82 K
2019-06-08 17:52:30,3.32 G,43.04 G,64.55 K,315.13 K
2019-06-08 17:52:32,3.32 G,43.04 G,76.93 K,385.49 K
2019-06-08 17:52:34,3.32 G,43.04 G,72.86 K,353.26 K
2019-06-08 17:52:36,3.32 G,43.04 G,63.53 K,306.25 K
2019-06-08 17:52:38,3.32 G,43.04 G,74.65 K,372.31 K
2019-06-08 17:52:40,3.32 G,43.04 G,64.83 K,306.80 K
2019-06-08 17:52:42,3.32 G,43.04 G,81.00 K,382.37 K
2019-06-08 17:52:44,3.32 G,43.04 G,63.48 K,307.03 K
2019-06-08 17:52:46,3.32 G,43.04 G,96.83 K,473.96 K
2019-06-08 17:52:48,3.32 G,43.05 G,73.31 K,345.52 K
2019-06-08 17:52:50,3.32 G,43.05 G,72.87 K,355.96 K
2019-06-08 17:52:52,3.32 G,43.05 G,77.70 K,392.98 K
2019-06-08 17:52:54,3.32 G,43.05 G,83.03 K,395.81 K
2019-06-08 17:52:56,3.32 G,43.05 G,74.20 K,347.71 K
2019-06-08 17:52:58,3.32 G,43.05 G,63.23 K,307.76 K
2019-06-08 17:53:00,3.32 G,43.05 G,70.64 K,357.81 K
2019-06-08 17:53:02,3.32 G,43.05 G,94.38 K,460.57 K
2019-06-08 17:53:04,3.32 G,43.05 G,72.10 K,343.51 K
2019-06-08 17:53:06,3.32 G,43.05 G,77.38 K,387.29 K
2019-06-08 17:53:08,3.32 G,43.05 G,58.47 K,287.91 K
2019-06-08 17:53:10,3.32 G,43.05 G,83.67 K,399.09 K
2019-06-08 17:53:12,3.32 G,43.05 G,78.07 K,368.80 K
2019-06-08 17:53:14,3.32 G,43.05 G,75.27 K,363.59 K
2019-06-08 17:53:16,3.32 G,43.05 G,85.47 K,421.68 K
2019-06-08 17:53:18,3.32 G,43.06 G,81.25 K,384.23 K
2019-06-08 17:53:20,3.32 G,43.06 G,72.80 K,348.80 K
2019-06-08 17:53:22,3.32 G,43.06 G,80.62 K,378.95 K
2019-06-08 17:53:24,3.32 G,43.06 G,68.94 K,337.69 K
2019-06-08 17:53:26,3.32 G,43.06 G,80.21 K,382.00 K
2019-06-08 17:53:28,3.32 G,43.06 G,58.26 K,280.89 K
2019-06-08 17:53:30,3.32 G,43.06 G,74.94 K,351.14 K
2019-06-08 17:53:32,3.32 G,43.06 G,81.81 K,378.87 K
2019-06-08 17:53:34,3.32 G,43.06 G,73.99 K,356.26 K
2019-06-08 17:53:36,3.32 G,43.06 G,79.57 K,379.80 K
2019-06-08 17:53:38,3.32 G,43.06 G,81.29 K,386.37 K
2019-06-08 17:53:40,3.32 G,43.06 G,75.14 K,372.27 K
2019-06-08 17:53:42,3.32 G,43.06 G,69.49 K,332.62 K
2019-06-08 17:53:44,3.32 G,43.06 G,60.21 K,293.90 K
2019-06-08 17:53:46,3.32 G,43.07 G,85.16 K,418.75 K
2019-06-08 17:53:48,3.32 G,43.07 G,71.80 K,344.90 K
2019-06-08 17:53:50,3.32 G,43.07 G,84.20 K,421.48 K
2019-06-08 17:53:52,3.32 G,43.07 G,83.07 K,414.16 K
2019-06-08 17:53:54,3.32 G,43.07 G,81.69 K,383.63 K
2019-06-08 17:53:56,3.32 G,43.07 G,73.93 K,345.32 K
2019-06-08 17:53:58,3.32 G,43.07 G,74.41 K,373.20 K
2019-06-08 17:54:00,3.32 G,43.07 G,85.76 K,402.37 K
2019-06-08 17:54:02,3.32 G,43.07 G,66.03 K,319.63 K
2019-06-08 17:54:04,3.32 G,43.07 G,74.97 K,355.47 K
2019-06-08 17:54:06,3.32 G,43.07 G,74.86 K,375.73 K
2019-06-08 17:54:08,3.32 G,43.07 G,85.71 K,416.89 K
2019-06-08 17:54:10,3.32 G,43.07 G,83.04 K,389.92 K
2019-06-08 17:54:12,3.32 G,43.07 G,70.98 K,340.64 K
2019-06-08 17:54:14,3.32 G,43.08 G,60.77 K,291.91 K
2019-06-08 17:54:16,3.32 G,43.08 G,65.14 K,319.95 K
2019-06-08 17:54:18,3.32 G,43.08 G,68.25 K,320.49 K
2019-06-08 17:54:20,3.32 G,43.08 G,75.43 K,374.82 K
2019-06-08 17:54:22,3.32 G,43.08 G,81.45 K,386.70 K
2019-06-08 17:54:24,3.32 G,43.08 G,64.58 K,328.56 K
2019-06-08 17:54:26,3.32 G,43.08 G,58.92 K,283.27 K
2019-06-08 17:54:28,3.32 G,43.08 G,69.71 K,335.19 K
2019-06-08 17:54:31,3.32 G,43.08 G,83.29 K,395.44 K
2019-06-08 17:54:33,3.32 G,43.08 G,82.90 K,394.61 K
2019-06-08 17:54:35,3.32 G,43.08 G,62.85 K,329.57 K
2019-06-08 17:54:37,3.32 G,43.08 G,64.69 K,306.19 K
2019-06-08 17:54:39,3.32 G,43.08 G,65.77 K,309.31 K
2019-06-08 17:54:41,3.32 G,43.08 G,80.81 K,384.68 K
2019-06-08 17:54:43,3.33 G,43.08 G,81.46 K,403.79 K
2019-06-08 17:54:45,3.33 G,43.09 G,71.04 K,340.93 K
2019-06-08 17:54:47,3.33 G,43.09 G,82.02 K,397.62 K
2019-06-08 17:54:49,3.33 G,43.09 G,72.24 K,364.78 K
2019-06-08 17:54:51,3.33 G,43.09 G,80.69 K,382.29 K
2019-06-08 17:54:53,3.33 G,43.09 G,80.80 K,385.13 K
2019-06-08 17:54:55,3.33 G,43.09 G,78.02 K,376.63 K
2019-06-08 17:54:57,3.33 G,43.09 G,83.16 K,400.36 K
2019-06-08 17:54:59,3.33 G,43.09 G,67.80 K,327.16 K
2019-06-08 17:55:01,3.33 G,43.09 G,77.51 K,382.84 K
2019-06-08 17:55:03,3.33 G,43.09 G,86.21 K,410.87 K
2019-06-08 17:55:05,3.33 G,43.09 G,79.55 K,376.62 K
2019-06-08 17:55:07,3.33 G,43.09 G,69.01 K,349.11 K
2019-06-08 17:55:09,3.33 G,43.09 G,74.97 K,354.12 K
2019-06-08 17:55:11,3.33 G,43.09 G,66.85 K,327.30 K
2019-06-08 17:55:13,3.33 G,43.10 G,83.23 K,414.24 K
2019-06-08 17:55:15,3.33 G,43.10 G,69.07 K,332.98 K
2019-06-08 17:55:17,3.33 G,43.10 G,92.98 K,444.55 K
2019-06-08 17:55:19,3.33 G,43.10 G,85.58 K,425.02 K
2019-06-08 17:55:21,3.33 G,43.10 G,84.08 K,413.75 K
2019-06-08 17:55:23,3.33 G,43.10 G,73.83 K,345.34 K
2019-06-08 17:55:25,3.33 G,43.10 G,67.04 K,319.74 K
2019-06-08 17:55:27,3.33 G,43.10 G,71.49 K,357.34 K
2019-06-08 17:55:29,3.33 G,43.10 G,83.73 K,397.85 K
2019-06-08 17:55:31,3.33 G,43.10 G,83.10 K,394.63 K
2019-06-08 17:55:33,3.33 G,43.10 G,51.18 K,247.37 K
2019-06-08 17:55:35,3.33 G,43.10 G,73.51 K,350.89 K
2019-06-08 17:55:37,3.33 G,43.10 G,76.13 K,379.89 K
2019-06-08 17:55:39,3.33 G,43.10 G,72.81 K,348.64 K
2019-06-08 17:55:41,3.33 G,43.11 G,62.85 K,298.89 K
2019-06-08 17:55:43,3.33 G,43.11 G,77.38 K,366.41 K
2019-06-08 17:55:45,3.33 G,43.11 G,78.28 K,376.91 K
2019-06-08 17:55:47,3.33 G,43.11 G,85.20 K,407.85 K
2019-06-08 17:55:49,3.33 G,43.11 G,74.60 K,367.66 K
2019-06-08 17:55:51,3.33 G,43.11 G,84.76 K,418.94 K
2019-06-08 17:55:53,3.33 G,43.11 G,88.81 K,423.38 K
2019-06-08 17:55:55,3.33 G,43.11 G,84.43 K,407.66 K
2019-06-08 17:55:57,3.33 G,43.11 G,91.03 K,426.09 K
2019-06-08 17:55:59,3.33 G,43.11 G,78.78 K,366.60 K
2019-06-08 17:56:01,3.33 G,43.11 G,87.74 K,439.22 K
2019-06-08 17:56:03,3.33 G,43.11 G,84.94 K,402.73 K
2019-06-08 17:56:05,3.33 G,43.11 G,71.91 K,359.52 K
2019-06-08 17:56:07,3.33 G,43.11 G,74.44 K,356.83 K
2019-06-08 17:56:09,3.33 G,43.12 G,88.61 K,410.71 K
2019-06-08 17:56:11,3.33 G,43.12 G,69.99 K,330.13 K
2019-06-08 17:56:14,3.33 G,43.12 G,74.82 K,336.78 K
2019-06-08 17:56:16,3.33 G,43.12 G,61.64 K,271.40 K
2019-06-08 17:56:18,3.33 G,43.12 G,72.54 K,312.33 K
2019-06-08 17:56:20,3.33 G,43.12 G,72.32 K,315.19 K
2019-06-08 17:56:22,3.33 G,43.12 G,84.24 K,371.06 K
2019-06-08 17:56:24,3.33 G,43.12 G,71.52 K,308.90 K
2019-06-08 17:56:26,3.33 G,43.12 G,70.81 K,312.46 K
2019-06-08 17:56:28,3.33 G,43.12 G,90.45 K,391.18 K
2019-06-08 17:56:30,3.33 G,43.12 G,65.26 K,292.27 K
2019-06-08 17:56:33,3.33 G,43.12 G,31.39 K,142.71 K
2019-06-08 17:56:35,3.33 G,43.12 G,64.92 K,313.46 K
2019-06-08 17:56:37,3.33 G,43.12 G,64.46 K,311.35 K
2019-06-08 17:56:39,3.33 G,43.12 G,92.43 K,472.69 K
2019-06-08 17:56:41,3.33 G,43.12 G,70.03 K,331.78 K
2019-06-08 17:56:43,3.33 G,43.13 G,73.99 K,358.58 K
2019-06-08 17:56:45,3.33 G,43.13 G,75.70 K,358.62 K
2019-06-08 17:56:47,3.33 G,43.13 G,86.43 K,416.37 K
2019-06-08 17:56:50,3.33 G,43.13 G,76.02 K,380.90 K
2019-06-08 17:56:52,3.33 G,43.13 G,75.33 K,354.14 K
2019-06-08 17:56:54,3.33 G,43.13 G,68.01 K,329.87 K
2019-06-08 17:56:56,3.33 G,43.13 G,72.61 K,360.67 K
2019-06-08 17:56:58,3.33 G,43.13 G,71.24 K,346.85 K
2019-06-08 17:57:00,3.33 G,43.13 G,84.86 K,415.29 K
2019-06-08 17:57:02,3.33 G,43.13 G,62.38 K,313.69 K
2019-06-08 17:57:04,3.33 G,43.13 G,6.32 K,27.19 K
2019-06-08 17:57:09,3.34 G,43.13 G,75.48 K,367.87 K
2019-06-08 17:57:11,3.34 G,43.13 G,74.49 K,363.06 K
2019-06-08 17:57:13,3.34 G,43.13 G,77.22 K,359.76 K
2019-06-08 17:57:15,3.34 G,43.13 G,71.99 K,349.37 K
2019-06-08 17:57:17,3.34 G,43.14 G,74.00 K,355.46 K
2019-06-08 17:57:19,3.34 G,43.14 G,76.77 K,370.50 K
2019-06-08 17:57:21,3.34 G,43.14 G,75.93 K,365.55 K
2019-06-08 17:57:23,3.34 G,43.14 G,81.30 K,383.28 K
2019-06-08 17:57:25,3.34 G,43.14 G,79.57 K,381.71 K
2019-06-08 17:57:27,3.34 G,43.14 G,59.68 K,289.10 K
2019-06-08 17:57:29,3.34 G,43.14 G,74.12 K,356.69 K
2019-06-08 17:57:31,3.34 G,43.14 G,83.57 K,398.52 K
2019-06-08 17:57:33,3.34 G,43.14 G,2.46 K,14.42 K
2019-06-08 17:57:35,3.34 G,43.14 G,57.71 K,269.07 K
2019-06-08 17:57:37,3.34 G,43.14 G,56.93 K,258.39 K
2019-06-08 17:57:39,3.34 G,43.14 G,70.53 K,326.09 K
2019-06-08 17:57:41,3.34 G,43.14 G,68.69 K,309.90 K
2019-06-08 17:57:43,3.34 G,43.14 G,57.69 K,270.00 K
2019-06-08 17:57:45,3.34 G,43.14 G,72.85 K,333.35 K
2019-06-08 17:57:47,3.34 G,43.14 G,65.83 K,306.83 K
2019-06-08 17:57:49,3.34 G,43.15 G,73.97 K,335.32 K
2019-06-08 17:57:51,3.34 G,43.15 G,59.76 K,265.61 K
2019-06-08 17:57:53,3.34 G,43.15 G,70.64 K,327.11 K
2019-06-08 17:57:55,3.34 G,43.15 G,98.10 K,452.26 K
2019-06-08 17:57:57,3.34 G,43.15 G,72.42 K,321.44 K
2019-06-08 17:57:59,3.34 G,43.15 G,94.40 K,427.52 K
2019-06-08 17:58:01,3.34 G,43.15 G,90.80 K,503.64 K
2019-06-08 17:58:04,3.34 G,43.15 G,81.76 K,412.46 K
2019-06-08 17:58:06,3.34 G,43.15 G,81.09 K,405.74 K
2019-06-08 17:58:08,3.34 G,43.15 G,84.03 K,413.44 K
2019-06-08 17:58:10,3.34 G,43.15 G,80.18 K,400.41 K
2019-06-08 17:58:12,3.34 G,43.15 G,73.88 K,360.86 K
2019-06-08 17:58:14,3.34 G,43.15 G,69.34 K,335.61 K
2019-06-08 17:58:16,3.34 G,43.15 G,76.05 K,379.63 K
2019-06-08 17:58:18,3.34 G,43.15 G,77.20 K,395.54 K
2019-06-08 17:58:20,3.34 G,43.16 G,76.50 K,366.71 K
2019-06-08 17:58:22,3.34 G,43.16 G,89.22 K,442.78 K
2019-06-08 17:58:24,3.34 G,43.16 G,87.83 K,440.71 K
2019-06-08 17:58:26,3.34 G,43.16 G,75.12 K,376.41 K
2019-06-08 17:58:31,3.34 G,43.16 G,80.23 K,381.60 K
2019-06-08 17:58:33,3.34 G,43.16 G,70.78 K,346.41 K
2019-06-08 17:58:35,3.34 G,43.16 G,58.99 K,269.01 K
2019-06-08 17:58:38,3.34 G,43.16 G,52.49 K,233.86 K
2019-06-08 17:58:41,3.34 G,43.16 G,81.36 K,377.59 K
2019-06-08 17:58:43,3.34 G,43.16 G,60.43 K,268.62 K
2019-06-08 17:58:46,3.34 G,43.16 G,204.03 K,867.25 K
2019-06-08 17:58:48,3.34 G,43.17 G,207.99 K,933.42 K
2019-06-08 17:58:50,3.34 G,43.17 G,189.40 K,877.92 K
2019-06-08 17:58:52,3.34 G,43.17 G,180.88 K,867.44 K
2019-06-08 17:58:54,3.34 G,43.17 G,191.14 K,892.36 K
2019-06-08 17:58:56,3.34 G,43.17 G,187.01 K,844.65 K
2019-06-08 17:58:58,3.34 G,43.17 G,178.79 K,797.24 K
2019-06-08 17:59:00,3.34 G,43.18 G,180.75 K,825.91 K
2019-06-08 17:59:02,3.34 G,43.18 G,174.23 K,773.79 K
2019-06-08 17:59:04,3.34 G,43.18 G,166.00 K,771.06 K
2019-06-08 17:59:06,3.35 G,43.18 G,187.76 K,856.65 K
2019-06-08 17:59:08,3.35 G,43.18 G,175.15 K,742.57 K
2019-06-08 17:59:10,3.35 G,43.18 G,165.47 K,724.14 K
2019-06-08 17:59:12,3.35 G,43.18 G,125.37 K,545.67 K
2019-06-08 17:59:14,3.35 G,43.19 G,81.97 K,373.53 K
2019-06-08 17:59:16,3.35 G,43.19 G,149.51 K,753.26 K
2019-06-08 17:59:18,3.35 G,43.19 G,81.38 K,364.76 K
2019-06-08 17:59:20,3.35 G,43.19 G,57.60 K,246.69 K
2019-06-08 17:59:22,3.35 G,43.19 G,8.65 K,43.31 K
2019-06-08 17:59:24,3.35 G,43.19 G,99.36 K,433.15 K
2019-06-08 17:59:26,3.35 G,43.19 G,94.73 K,416.58 K
2019-06-08 17:59:28,3.35 G,43.19 G,78.90 K,340.49 K
2019-06-08 17:59:30,3.35 G,43.19 G,89.88 K,386.21 K
2019-06-08 17:59:32,3.35 G,43.19 G,78.96 K,345.66 K
2019-06-08 17:59:34,3.35 G,43.19 G,83.18 K,357.66 K
2019-06-08 17:59:36,3.35 G,43.19 G,102.68 K,434.60 K
2019-06-08 17:59:38,3.35 G,43.19 G,89.22 K,386.31 K
2019-06-08 17:59:40,3.35 G,43.20 G,85.95 K,364.16 K
2019-06-08 17:59:42,3.35 G,43.20 G,89.69 K,394.05 K
2019-06-08 17:59:44,3.35 G,43.20 G,96.21 K,426.40 K
2019-06-08 17:59:46,3.35 G,43.20 G,80.84 K,354.17 K
2019-06-08 17:59:48,3.35 G,43.20 G,95.06 K,418.24 K
2019-06-08 17:59:50,3.35 G,43.20 G,81.40 K,371.93 K
2019-06-08 17:59:52,3.35 G,43.20 G,106.61 K,451.95 K
2019-06-08 17:59:54,3.35 G,43.20 G,91.18 K,394.33 K
2019-06-08 17:59:56,3.35 G,43.20 G,85.48 K,380.99 K
2019-06-08 17:59:58,3.35 G,43.20 G,81.48 K,364.12 K
2019-06-08 18:00:00,3.35 G,43.20 G,84.90 K,380.64 K
2019-06-08 18:00:02,3.35 G,43.20 G,97.83 K,415.32 K
2019-06-08 18:00:04,3.35 G,43.20 G,98.61 K,434.55 K
2019-06-08 18:00:06,3.35 G,43.21 G,111.73 K,491.88 K
2019-06-08 18:00:08,3.35 G,43.21 G,101.04 K,445.16 K
2019-06-08 18:00:11,3.35 G,43.21 G,122.70 K,531.91 K
2019-06-08 18:00:13,3.35 G,43.21 G,120.23 K,528.93 K
2019-06-08 18:00:15,3.35 G,43.21 G,156.62 K,683.95 K
2019-06-08 18:00:17,3.35 G,43.21 G,205.47 K,1.20 M
2019-06-08 18:00:19,3.35 G,43.21 G,56.39 K,240.22 K
2019-06-08 18:00:21,3.35 G,43.21 G,53.46 K,213.40 K
2019-06-08 18:00:23,3.35 G,43.21 G,56.81 K,242.80 K
2019-06-08 18:00:25,3.35 G,43.21 G,83.98 K,364.97 K
2019-06-08 18:00:27,3.35 G,43.22 G,248.21 K,1.06 M
2019-06-08 18:00:29,3.35 G,43.22 G,99.72 K,427.08 K
2019-06-08 18:00:31,3.35 G,43.22 G,107.29 K,466.82 K
2019-06-08 18:00:33,3.35 G,43.22 G,87.94 K,388.70 K
2019-06-08 18:00:35,3.35 G,43.22 G,103.13 K,437.48 K
2019-06-08 18:00:37,3.35 G,43.22 G,89.04 K,386.17 K
2019-06-08 18:00:39,3.35 G,43.22 G,76.33 K,340.15 K
2019-06-08 18:00:41,3.35 G,43.22 G,107.33 K,456.71 K
2019-06-08 18:00:43,3.35 G,43.22 G,82.65 K,359.10 K
2019-06-08 18:00:45,3.35 G,43.22 G,79.22 K,352.86 K
2019-06-08 18:00:47,3.35 G,43.22 G,105.07 K,456.39 K
2019-06-08 18:00:49,3.36 G,43.22 G,70.95 K,310.17 K
2019-06-08 18:00:51,3.36 G,43.23 G,60.87 K,272.10 K
2019-06-08 18:00:53,3.36 G,43.23 G,94.85 K,412.68 K
2019-06-08 18:00:55,3.36 G,43.23 G,100.81 K,429.83 K
2019-06-08 18:00:57,3.36 G,43.23 G,95.70 K,408.45 K
2019-06-08 18:00:59,3.36 G,43.23 G,84.26 K,375.57 K
2019-06-08 18:01:01,3.36 G,43.23 G,97.06 K,421.39 K
2019-06-08 18:01:03,3.36 G,43.23 G,98.28 K,423.82 K
2019-06-08 18:01:05,3.36 G,43.23 G,64.16 K,272.94 K
2019-06-08 18:01:07,3.36 G,43.23 G,92.54 K,397.23 K
2019-06-08 18:01:09,3.36 G,43.23 G,99.80 K,425.26 K
2019-06-08 18:01:11,3.36 G,43.23 G,83.80 K,358.73 K
2019-06-08 18:01:13,3.36 G,43.23 G,75.93 K,323.70 K
2019-06-08 18:01:15,3.36 G,43.23 G,67.40 K,289.19 K
2019-06-08 18:01:17,3.36 G,43.23 G,78.19 K,340.37 K
2019-06-08 18:01:19,3.36 G,43.24 G,85.88 K,370.15 K
2019-06-08 18:01:21,3.36 G,43.24 G,83.75 K,359.54 K
2019-06-08 18:01:23,3.36 G,43.24 G,96.27 K,421.88 K
2019-06-08 18:01:25,3.36 G,43.24 G,82.19 K,356.25 K
2019-06-08 18:01:27,3.36 G,43.24 G,79.89 K,343.61 K
2019-06-08 18:01:29,3.36 G,43.24 G,96.29 K,421.08 K
2019-06-08 18:01:31,3.36 G,43.24 G,84.90 K,364.85 K
2019-06-08 18:01:33,3.36 G,43.24 G,92.28 K,409.93 K
2019-06-08 18:01:35,3.36 G,43.24 G,72.31 K,310.52 K
2019-06-08 18:01:37,3.36 G,43.24 G,69.21 K,304.92 K
2019-06-08 18:01:39,3.36 G,43.24 G,63.52 K,280.29 K
2019-06-08 18:01:41,3.36 G,43.24 G,75.92 K,334.53 K
2019-06-08 18:01:43,3.36 G,43.24 G,71.79 K,332.19 K
2019-06-08 18:01:46,3.36 G,43.24 G,99.66 K,430.15 K
2019-06-08 18:01:48,3.36 G,43.24 G,62.68 K,281.74 K
2019-06-08 18:01:50,3.36 G,43.25 G,74.88 K,324.10 K
2019-06-08 18:01:52,3.36 G,43.25 G,91.90 K,396.98 K
2019-06-08 18:01:54,3.36 G,43.25 G,79.42 K,342.78 K
2019-06-08 18:01:59,3.36 G,43.25 G,85.32 K,376.10 K
2019-06-08 18:02:01,3.36 G,43.25 G,75.68 K,345.39 K
2019-06-08 18:02:03,3.36 G,43.25 G,71.59 K,314.80 K
2019-06-08 18:02:05,3.36 G,43.25 G,72.40 K,322.49 K
2019-06-08 18:02:07,3.36 G,43.25 G,60.43 K,277.27 K
2019-06-08 18:02:09,3.36 G,43.25 G,71.86 K,314.93 K
2019-06-08 18:02:11,3.36 G,43.25 G,81.10 K,348.31 K
2019-06-08 18:02:13,3.36 G,43.25 G,65.58 K,301.63 K
2019-06-08 18:02:15,3.36 G,43.25 G,80.10 K,356.14 K
2019-06-08 18:02:17,3.36 G,43.25 G,48.66 K,214.51 K
2019-06-08 18:02:19,3.36 G,43.25 G,88.06 K,383.95 K
2019-06-08 18:02:21,3.36 G,43.26 G,79.61 K,359.24 K
2019-06-08 18:02:23,3.36 G,43.26 G,79.69 K,359.75 K
2019-06-08 18:02:25,3.36 G,43.26 G,76.80 K,342.83 K
2019-06-08 18:02:27,3.36 G,43.26 G,66.38 K,297.66 K
2019-06-08 18:02:29,3.36 G,43.26 G,78.54 K,344.04 K
2019-06-08 18:02:31,3.36 G,43.26 G,57.44 K,251.72 K
2019-06-08 18:02:33,3.36 G,43.26 G,80.47 K,345.60 K
2019-06-08 18:02:35,3.36 G,43.26 G,726.00 B,3.73 K
2019-06-08 18:02:39,3.36 G,43.26 G,67.12 K,314.63 K
2019-06-08 18:02:41,3.36 G,43.26 G,74.48 K,353.58 K
2019-06-08 18:02:43,3.36 G,43.26 G,86.33 K,397.86 K
2019-06-08 18:02:45,3.36 G,43.26 G,71.64 K,317.17 K
2019-06-08 18:02:47,3.36 G,43.26 G,88.07 K,406.65 K
2019-06-08 18:02:49,3.36 G,43.26 G,78.70 K,366.37 K
2019-06-08 18:02:51,3.36 G,43.26 G,80.37 K,353.02 K
2019-06-08 18:02:53,3.36 G,43.26 G,77.82 K,358.67 K
2019-06-08 18:02:55,3.36 G,43.27 G,71.14 K,332.91 K
2019-06-08 18:02:57,3.36 G,43.27 G,77.66 K,347.42 K
2019-06-08 18:02:59,3.36 G,43.27 G,75.21 K,331.44 K
2019-06-08 18:03:01,3.36 G,43.27 G,62.03 K,303.31 K
2019-06-08 18:03:03,3.36 G,43.27 G,82.17 K,379.47 K
2019-06-08 18:03:05,3.37 G,43.27 G,61.03 K,273.06 K
2019-06-08 18:03:07,3.37 G,43.27 G,63.25 K,277.38 K
2019-06-08 18:03:09,3.37 G,43.27 G,81.96 K,379.96 K
2019-06-08 18:03:11,3.37 G,43.27 G,71.77 K,333.71 K
2019-06-08 18:03:13,3.37 G,43.27 G,80.34 K,350.25 K
2019-06-08 18:03:15,3.37 G,43.27 G,76.72 K,352.83 K
2019-06-08 18:03:17,3.37 G,43.27 G,80.43 K,377.13 K
2019-06-08 18:03:19,3.37 G,43.27 G,97.48 K,426.20 K
2019-06-08 18:03:21,3.37 G,43.27 G,75.43 K,345.30 K
2019-06-08 18:03:23,3.37 G,43.27 G,90.34 K,414.39 K
2019-06-08 18:03:25,3.37 G,43.28 G,105.58 K,485.71 K
2019-06-08 18:03:27,3.37 G,43.28 G,87.28 K,405.15 K
2019-06-08 18:03:29,3.37 G,43.28 G,78.66 K,347.83 K
2019-06-08 18:03:31,3.37 G,43.28 G,68.25 K,322.54 K
2019-06-08 18:03:33,3.37 G,43.28 G,76.31 K,357.24 K
2019-06-08 18:03:35,3.37 G,43.28 G,89.12 K,391.71 K
2019-06-08 18:03:37,3.37 G,43.28 G,76.95 K,360.05 K
2019-06-08 18:03:39,3.37 G,43.28 G,74.42 K,335.16 K
2019-06-08 18:03:41,3.37 G,43.28 G,68.79 K,307.82 K
2019-06-08 18:03:43,3.37 G,43.28 G,85.66 K,383.75 K
2019-06-08 18:03:45,3.37 G,43.28 G,73.85 K,323.53 K
2019-06-08 18:03:47,3.37 G,43.28 G,76.77 K,340.59 K
2019-06-08 18:03:49,3.37 G,43.28 G,80.51 K,370.96 K
2019-06-08 18:03:51,3.37 G,43.28 G,73.36 K,344.29 K
2019-06-08 18:03:53,3.37 G,43.29 G,71.74 K,334.21 K
2019-06-08 18:03:55,3.37 G,43.29 G,82.18 K,371.45 K
2019-06-08 18:03:57,3.37 G,43.29 G,71.20 K,331.10 K
2019-06-08 18:03:59,3.37 G,43.29 G,97.80 K,455.74 K
2019-06-08 18:04:01,3.37 G,43.29 G,80.17 K,359.88 K
2019-06-08 18:04:03,3.37 G,43.29 G,76.56 K,349.49 K
2019-06-08 18:04:05,3.37 G,43.29 G,80.07 K,370.31 K
2019-06-08 18:04:07,3.37 G,43.29 G,82.44 K,361.57 K
2019-06-08 18:04:09,3.37 G,43.29 G,60.27 K,266.23 K
2019-06-08 18:04:11,3.37 G,43.29 G,76.97 K,346.98 K
2019-06-08 18:04:13,3.37 G,43.29 G,65.65 K,310.29 K
2019-06-08 18:04:15,3.37 G,43.29 G,67.08 K,313.96 K
2019-06-08 18:04:17,3.37 G,43.29 G,86.48 K,403.46 K
2019-06-08 18:04:19,3.37 G,43.29 G,79.46 K,368.76 K
2019-06-08 18:04:21,3.37 G,43.29 G,82.74 K,367.25 K
2019-06-08 18:04:23,3.37 G,43.30 G,65.53 K,300.12 K
2019-06-08 18:04:25,3.37 G,43.30 G,75.44 K,346.96 K
2019-06-08 18:04:27,3.37 G,43.30 G,80.62 K,361.70 K
2019-06-08 18:04:29,3.37 G,43.30 G,70.48 K,331.77 K
2019-06-08 18:04:31,3.37 G,43.30 G,83.68 K,385.26 K
2019-06-08 18:04:33,3.37 G,43.30 G,73.20 K,336.57 K
2019-06-08 18:04:35,3.37 G,43.30 G,91.64 K,425.37 K
2019-06-08 18:04:37,3.37 G,43.30 G,68.77 K,326.11 K
2019-06-08 18:04:39,3.37 G,43.30 G,83.82 K,386.33 K
2019-06-08 18:04:41,3.37 G,43.30 G,81.87 K,366.52 K
2019-06-08 18:04:43,3.37 G,43.30 G,77.69 K,360.94 K
2019-06-08 18:04:45,3.37 G,43.30 G,76.56 K,356.46 K
2019-06-08 18:04:47,3.37 G,43.30 G,82.10 K,360.10 K
2019-06-08 18:04:49,3.37 G,43.30 G,58.89 K,263.49 K
2019-06-08 18:04:51,3.37 G,43.31 G,88.70 K,407.29 K
2019-06-08 18:04:53,3.37 G,43.31 G,74.08 K,340.97 K
2019-06-08 18:04:55,3.37 G,43.31 G,75.09 K,325.98 K
2019-06-08 18:04:57,3.37 G,43.31 G,75.93 K,352.22 K
2019-06-08 18:04:59,3.37 G,43.31 G,99.42 K,465.79 K
2019-06-08 18:05:01,3.37 G,43.31 G,66.54 K,314.23 K
2019-06-08 18:05:03,3.37 G,43.31 G,73.24 K,324.45 K
2019-06-08 18:05:05,3.37 G,43.31 G,80.73 K,369.21 K
2019-06-08 18:05:07,3.37 G,43.31 G,61.86 K,297.60 K
2019-06-08 18:05:09,3.37 G,43.31 G,74.66 K,332.24 K
2019-06-08 18:05:11,3.37 G,43.31 G,85.21 K,389.86 K
2019-06-08 18:05:13,3.37 G,43.31 G,78.20 K,360.73 K
2019-06-08 18:05:16,3.37 G,43.31 G,88.15 K,398.21 K
2019-06-08 18:05:18,3.37 G,43.31 G,91.38 K,427.75 K
2019-06-08 18:05:20,3.38 G,43.31 G,88.53 K,386.69 K
2019-06-08 18:05:22,3.38 G,43.32 G,78.06 K,366.12 K
2019-06-08 18:05:24,3.38 G,43.32 G,79.71 K,367.93 K
2019-06-08 18:05:26,3.38 G,43.32 G,84.05 K,367.33 K
2019-06-08 18:05:28,3.38 G,43.32 G,78.38 K,373.38 K
2019-06-08 18:05:30,3.38 G,43.32 G,72.54 K,343.71 K
2019-06-08 18:05:32,3.38 G,43.32 G,87.53 K,390.92 K
2019-06-08 18:05:34,3.38 G,43.32 G,77.10 K,361.54 K
2019-06-08 18:05:36,3.38 G,43.32 G,63.22 K,293.04 K
2019-06-08 18:05:38,3.38 G,43.32 G,80.17 K,374.85 K
2019-06-08 18:05:40,3.38 G,43.32 G,73.99 K,324.99 K
2019-06-08 18:05:42,3.38 G,43.32 G,76.02 K,353.74 K
2019-06-08 18:05:44,3.38 G,43.32 G,77.97 K,361.45 K
2019-06-08 18:05:46,3.38 G,43.32 G,78.73 K,360.94 K
2019-06-08 18:05:48,3.38 G,43.32 G,69.17 K,326.06 K
2019-06-08 18:05:50,3.38 G,43.32 G,76.40 K,347.18 K
2019-06-08 18:05:52,3.38 G,43.33 G,66.29 K,290.90 K
2019-06-08 18:05:54,3.38 G,43.33 G,50.59 K,223.61 K
2019-06-08 18:05:56,3.38 G,43.33 G,79.12 K,366.46 K
2019-06-08 18:05:58,3.38 G,43.33 G,65.71 K,308.39 K
2019-06-08 18:06:00,3.38 G,43.33 G,64.74 K,310.26 K
2019-06-08 18:06:02,3.38 G,43.33 G,68.52 K,326.09 K
2019-06-08 18:06:04,3.38 G,43.33 G,71.58 K,307.83 K
2019-06-08 18:06:06,3.38 G,43.33 G,76.60 K,353.99 K
2019-06-08 18:06:08,3.38 G,43.33 G,70.82 K,311.32 K
2019-06-08 18:06:10,3.38 G,43.33 G,95.01 K,434.10 K
2019-06-08 18:06:12,3.38 G,43.33 G,72.69 K,336.71 K
2019-06-08 18:06:14,3.38 G,43.33 G,81.30 K,359.04 K
2019-06-08 18:06:16,3.38 G,43.33 G,86.32 K,396.55 K
2019-06-08 18:06:18,3.38 G,43.33 G,87.47 K,404.18 K
2019-06-08 18:06:20,3.38 G,43.33 G,68.34 K,308.33 K
2019-06-08 18:06:22,3.38 G,43.34 G,76.30 K,356.13 K
2019-06-08 18:06:24,3.38 G,43.34 G,91.14 K,418.05 K
2019-06-08 18:06:26,3.38 G,43.34 G,74.33 K,329.63 K
2019-06-08 18:06:28,3.38 G,43.34 G,86.98 K,392.66 K
2019-06-08 18:06:30,3.38 G,43.34 G,80.18 K,369.44 K
2019-06-08 18:06:32,3.38 G,43.34 G,65.38 K,292.60 K
2019-06-08 18:06:34,3.38 G,43.34 G,90.31 K,426.02 K
2019-06-08 18:06:36,3.38 G,43.34 G,81.01 K,373.80 K
2019-06-08 18:06:38,3.38 G,43.34 G,75.34 K,331.31 K
2019-06-08 18:06:40,3.38 G,43.34 G,89.30 K,409.18 K
2019-06-08 18:06:42,3.38 G,43.34 G,72.79 K,312.49 K
2019-06-08 18:06:44,3.38 G,43.34 G,86.50 K,379.80 K
2019-06-08 18:06:46,3.38 G,43.34 G,92.24 K,422.74 K
2019-06-08 18:06:48,3.38 G,43.34 G,86.35 K,377.83 K
2019-06-08 18:06:50,3.38 G,43.35 G,97.98 K,450.43 K
2019-06-08 18:06:52,3.38 G,43.35 G,68.92 K,309.71 K
2019-06-08 18:06:54,3.38 G,43.35 G,84.40 K,392.81 K
2019-06-08 18:06:56,3.38 G,43.35 G,77.57 K,355.64 K
2019-06-08 18:06:58,3.38 G,43.35 G,75.68 K,340.92 K
2019-06-08 18:07:00,3.38 G,43.35 G,80.93 K,363.62 K
2019-06-08 18:07:02,3.38 G,43.35 G,91.72 K,422.75 K
2019-06-08 18:07:04,3.38 G,43.35 G,72.71 K,317.78 K
2019-06-08 18:07:06,3.38 G,43.35 G,84.29 K,390.70 K
2019-06-08 18:07:08,3.38 G,43.35 G,75.91 K,344.90 K
2019-06-08 18:07:10,3.38 G,43.35 G,87.99 K,406.17 K
2019-06-08 18:07:12,3.38 G,43.35 G,81.13 K,372.16 K
2019-06-08 18:07:14,3.38 G,43.35 G,87.95 K,397.31 K
2019-06-08 18:07:16,3.38 G,43.35 G,80.83 K,371.65 K
2019-06-08 18:07:18,3.38 G,43.36 G,67.36 K,315.20 K
2019-06-08 18:07:20,3.38 G,43.36 G,86.80 K,388.45 K
2019-06-08 18:07:22,3.38 G,43.36 G,84.61 K,371.50 K
2019-06-08 18:07:24,3.38 G,43.36 G,67.70 K,318.17 K
2019-06-08 18:07:26,3.38 G,43.36 G,83.85 K,385.76 K
2019-06-08 18:07:28,3.38 G,43.36 G,86.84 K,399.72 K
2019-06-08 18:07:30,3.39 G,43.36 G,79.68 K,365.69 K
2019-06-08 18:07:32,3.39 G,43.36 G,78.46 K,339.90 K
2019-06-08 18:07:34,3.39 G,43.36 G,87.43 K,404.76 K
2019-06-08 18:07:36,3.39 G,43.36 G,79.37 K,363.34 K
2019-06-08 18:07:40,3.39 G,43.36 G,84.86 K,373.64 K
2019-06-08 18:07:42,3.39 G,43.36 G,87.93 K,384.64 K
2019-06-08 18:07:44,3.39 G,43.36 G,82.78 K,368.94 K
2019-06-08 18:07:46,3.39 G,43.37 G,95.83 K,422.27 K
2019-06-08 18:07:48,3.39 G,43.37 G,69.15 K,294.97 K
2019-06-08 18:07:50,3.39 G,43.37 G,89.44 K,392.50 K
2019-06-08 18:07:52,3.39 G,43.37 G,96.87 K,422.30 K
2019-06-08 18:07:54,3.39 G,43.37 G,92.86 K,407.00 K
2019-06-08 18:07:56,3.39 G,43.37 G,95.09 K,419.76 K
2019-06-08 18:07:58,3.39 G,43.37 G,88.78 K,388.29 K
2019-06-08 18:08:01,3.39 G,43.37 G,85.89 K,374.64 K
2019-06-08 18:08:03,3.39 G,43.37 G,76.48 K,337.26 K
2019-06-08 18:08:05,3.39 G,43.37 G,64.06 K,280.62 K
2019-06-08 18:08:07,3.39 G,43.37 G,88.03 K,376.43 K
2019-06-08 18:08:09,3.39 G,43.37 G,65.86 K,281.63 K
2019-06-08 18:08:11,3.39 G,43.37 G,77.46 K,343.11 K
2019-06-08 18:08:13,3.39 G,43.37 G,87.44 K,376.98 K
2019-06-08 18:08:15,3.39 G,43.37 G,74.43 K,322.29 K
2019-06-08 18:08:17,3.39 G,43.38 G,68.33 K,300.18 K
2019-06-08 18:08:19,3.39 G,43.38 G,81.53 K,361.50 K
2019-06-08 18:08:21,3.39 G,43.38 G,70.94 K,307.77 K
2019-06-08 18:08:23,3.39 G,43.38 G,84.16 K,367.44 K
2019-06-08 18:08:25,3.39 G,43.38 G,87.34 K,383.25 K
2019-06-08 18:08:27,3.39 G,43.38 G,87.76 K,379.98 K
2019-06-08 18:08:29,3.39 G,43.38 G,75.39 K,331.90 K
2019-06-08 18:08:31,3.39 G,43.38 G,90.58 K,397.99 K
2019-06-08 18:08:33,3.39 G,43.38 G,84.53 K,362.42 K
2019-06-08 18:08:35,3.39 G,43.38 G,78.20 K,328.75 K
2019-06-08 18:08:37,3.39 G,43.38 G,76.88 K,340.59 K
2019-06-08 18:08:39,3.39 G,43.38 G,80.64 K,350.82 K
2019-06-08 18:08:41,3.39 G,43.38 G,80.46 K,337.22 K
2019-06-08 18:08:43,3.39 G,43.38 G,92.10 K,390.94 K
2019-06-08 18:08:45,3.39 G,43.38 G,95.41 K,408.61 K
2019-06-08 18:08:47,3.39 G,43.39 G,88.08 K,380.10 K
2019-06-08 18:08:49,3.39 G,43.39 G,83.49 K,360.97 K
2019-06-08 18:08:51,3.39 G,43.39 G,83.41 K,365.16 K
2019-06-08 18:08:53,3.39 G,43.39 G,77.48 K,345.09 K
2019-06-08 18:08:55,3.39 G,43.39 G,89.66 K,384.87 K
2019-06-08 18:08:57,3.39 G,43.39 G,80.73 K,348.20 K
2019-06-08 18:08:59,3.39 G,43.39 G,80.95 K,348.31 K
2019-06-08 18:09:01,3.39 G,43.39 G,93.37 K,400.94 K
2019-06-08 18:09:03,3.39 G,43.39 G,62.56 K,272.06 K
2019-06-08 18:09:05,3.39 G,43.39 G,68.54 K,294.68 K
2019-06-08 18:09:07,3.39 G,43.39 G,76.24 K,331.54 K
2019-06-08 18:09:09,3.39 G,43.39 G,97.72 K,427.27 K
2019-06-08 18:09:11,3.39 G,43.39 G,88.10 K,385.52 K
2019-06-08 18:09:13,3.39 G,43.39 G,65.87 K,286.37 K
2019-06-08 18:09:15,3.39 G,43.40 G,84.12 K,369.08 K
2019-06-08 18:09:17,3.39 G,43.40 G,88.77 K,382.81 K
2019-06-08 18:09:19,3.39 G,43.40 G,92.87 K,395.24 K
2019-06-08 18:09:21,3.39 G,43.40 G,83.40 K,369.72 K
2019-06-08 18:09:23,3.39 G,43.40 G,76.93 K,339.14 K
2019-06-08 18:09:25,3.39 G,43.40 G,76.55 K,333.03 K
2019-06-08 18:09:27,3.39 G,43.40 G,97.84 K,414.64 K
2019-06-08 18:09:29,3.39 G,43.40 G,91.57 K,411.97 K
2019-06-08 18:09:31,3.39 G,43.40 G,88.20 K,395.40 K
2019-06-08 18:09:33,3.39 G,43.40 G,90.09 K,397.66 K
2019-06-08 18:09:35,3.39 G,43.40 G,82.63 K,361.65 K
2019-06-08 18:09:37,3.39 G,43.40 G,104.01 K,450.98 K
2019-06-08 18:09:39,3.40 G,43.40 G,86.44 K,366.10 K
2019-06-08 18:09:41,3.40 G,43.40 G,80.93 K,362.02 K
2019-06-08 18:09:43,3.40 G,43.41 G,73.54 K,312.71 K
2019-06-08 18:09:45,3.40 G,43.41 G,79.00 K,335.04 K
2019-06-08 18:09:47,3.40 G,43.41 G,71.36 K,310.31 K
2019-06-08 18:09:49,3.40 G,43.41 G,74.05 K,323.11 K
2019-06-08 18:09:51,3.40 G,43.41 G,63.35 K,275.71 K
2019-06-08 18:09:53,3.40 G,43.41 G,74.02 K,326.81 K
2019-06-08 18:09:55,3.40 G,43.41 G,78.07 K,336.53 K
2019-06-08 18:09:57,3.40 G,43.41 G,84.18 K,364.26 K
2019-06-08 18:09:59,3.40 G,43.41 G,77.87 K,329.38 K
2019-06-08 18:10:01,3.40 G,43.41 G,80.63 K,360.35 K
2019-06-08 18:10:03,3.40 G,43.41 G,93.86 K,403.32 K
2019-06-08 18:10:05,3.40 G,43.41 G,87.19 K,382.45 K
2019-06-08 18:10:07,3.40 G,43.41 G,127.20 K,555.03 K
2019-06-08 18:10:09,3.40 G,43.41 G,109.10 K,475.01 K
2019-06-08 18:10:11,3.40 G,43.42 G,90.83 K,388.82 K
2019-06-08 18:10:13,3.40 G,43.42 G,185.70 K,802.09 K
2019-06-08 18:10:15,3.40 G,43.42 G,72.40 K,302.05 K
2019-06-08 18:10:17,3.40 G,43.42 G,22.13 K,96.91 K
2019-06-08 18:10:19,3.40 G,43.42 G,54.26 K,237.55 K
2019-06-08 18:10:21,3.40 G,43.42 G,78.71 K,353.11 K
2019-06-08 18:10:23,3.40 G,43.42 G,172.08 K,752.14 K
2019-06-08 18:10:25,3.40 G,43.42 G,62.77 K,259.94 K
2019-06-08 18:10:27,3.40 G,43.42 G,54.19 K,238.61 K
2019-06-08 18:10:29,3.40 G,43.42 G,65.59 K,284.05 K
2019-06-08 18:10:31,3.40 G,43.42 G,82.30 K,355.39 K
2019-06-08 18:10:33,3.40 G,43.42 G,82.49 K,374.08 K
2019-06-08 18:10:35,3.40 G,43.42 G,64.36 K,281.55 K
2019-06-08 18:10:37,3.40 G,43.42 G,78.60 K,337.52 K
2019-06-08 18:10:39,3.40 G,43.43 G,81.00 K,351.28 K
2019-06-08 18:10:41,3.40 G,43.43 G,78.47 K,350.35 K
2019-06-08 18:10:43,3.40 G,43.43 G,68.31 K,296.90 K
2019-06-08 18:10:45,3.40 G,43.43 G,87.43 K,379.54 K
2019-06-08 18:10:47,3.40 G,43.43 G,69.66 K,302.86 K
2019-06-08 18:10:49,3.40 G,43.43 G,90.09 K,387.30 K
2019-06-08 18:10:51,3.40 G,43.43 G,75.30 K,329.12 K
2019-06-08 18:10:53,3.40 G,43.43 G,84.21 K,371.50 K
2019-06-08 18:10:55,3.40 G,43.43 G,76.55 K,334.29 K
2019-06-08 18:10:58,3.40 G,43.43 G,64.13 K,276.00 K
2019-06-08 18:11:00,3.40 G,43.43 G,69.42 K,299.87 K
2019-06-08 18:11:02,3.40 G,43.43 G,86.29 K,380.89 K
2019-06-08 18:11:04,3.40 G,43.43 G,67.10 K,289.80 K
2019-06-08 18:11:06,3.40 G,43.43 G,91.08 K,390.73 K
2019-06-08 18:11:08,3.40 G,43.43 G,69.31 K,304.60 K
2019-06-08 18:11:10,3.40 G,43.44 G,83.85 K,364.87 K
2019-06-08 18:11:12,3.40 G,43.44 G,72.56 K,315.40 K
2019-06-08 18:11:14,3.40 G,43.44 G,58.80 K,254.72 K
2019-06-08 18:11:16,3.40 G,43.44 G,71.46 K,310.75 K
2019-06-08 18:11:18,3.40 G,43.44 G,82.40 K,358.55 K
2019-06-08 18:11:20,3.40 G,43.44 G,85.16 K,366.05 K
2019-06-08 18:11:22,3.40 G,43.44 G,70.84 K,297.04 K
2019-06-08 18:11:24,3.40 G,43.44 G,66.20 K,294.55 K
2019-06-08 18:11:26,3.40 G,43.44 G,78.88 K,346.05 K
2019-06-08 18:11:28,3.40 G,43.44 G,82.10 K,347.28 K
2019-06-08 18:11:30,3.40 G,43.44 G,90.80 K,392.60 K
2019-06-08 18:11:32,3.40 G,43.44 G,73.44 K,326.78 K
2019-06-08 18:11:34,3.40 G,43.44 G,92.80 K,406.32 K
2019-06-08 18:11:36,3.40 G,43.44 G,100.31 K,430.48 K
2019-06-08 18:11:38,3.40 G,43.44 G,95.19 K,414.70 K
2019-06-08 18:11:40,3.40 G,43.45 G,78.21 K,339.95 K
2019-06-08 18:11:42,3.40 G,43.45 G,80.50 K,345.20 K
2019-06-08 18:11:44,3.40 G,43.45 G,76.69 K,328.79 K
2019-06-08 18:11:46,3.41 G,43.45 G,73.04 K,320.46 K
2019-06-08 18:11:48,3.41 G,43.45 G,79.49 K,345.03 K
2019-06-08 18:11:50,3.41 G,43.45 G,75.15 K,331.16 K
2019-06-08 18:11:52,3.41 G,43.45 G,93.94 K,397.04 K
2019-06-08 18:11:54,3.41 G,43.45 G,82.17 K,352.84 K
2019-06-08 18:11:56,3.41 G,43.45 G,92.84 K,400.90 K
2019-06-08 18:11:58,3.41 G,43.45 G,88.00 K,375.44 K
2019-06-08 18:12:00,3.41 G,43.45 G,83.37 K,358.77 K
2019-06-08 18:12:02,3.41 G,43.45 G,105.52 K,466.70 K
2019-06-08 18:12:04,3.41 G,43.45 G,75.89 K,337.45 K
2019-06-08 18:12:06,3.41 G,43.45 G,75.00 K,326.35 K
2019-06-08 18:12:08,3.41 G,43.46 G,88.91 K,387.93 K
2019-06-08 18:12:10,3.41 G,43.46 G,75.78 K,333.25 K
2019-06-08 18:12:12,3.41 G,43.46 G,86.09 K,374.68 K
2019-06-08 18:12:14,3.41 G,43.46 G,84.70 K,366.61 K
2019-06-08 18:12:16,3.41 G,43.46 G,68.46 K,299.02 K
2019-06-08 18:12:18,3.41 G,43.46 G,75.15 K,325.80 K
2019-06-08 18:12:20,3.41 G,43.46 G,72.71 K,320.13 K
2019-06-08 18:12:22,3.41 G,43.46 G,57.03 K,256.61 K
2019-06-08 18:12:24,3.41 G,43.46 G,70.27 K,300.82 K
2019-06-08 18:12:26,3.41 G,43.46 G,93.73 K,414.48 K
2019-06-08 18:12:28,3.41 G,43.46 G,95.44 K,403.89 K
2019-06-08 18:12:30,3.41 G,43.46 G,86.29 K,369.96 K
2019-06-08 18:12:32,3.41 G,43.46 G,96.22 K,421.60 K
2019-06-08 18:12:34,3.41 G,43.46 G,73.22 K,313.76 K
2019-06-08 18:12:36,3.41 G,43.46 G,76.81 K,337.19 K
2019-06-08 18:12:38,3.41 G,43.47 G,84.49 K,360.12 K
2019-06-08 18:12:41,3.41 G,43.47 G,119.70 K,651.90 K
2019-06-08 18:12:43,3.41 G,43.47 G,85.60 K,455.48 K
2019-06-08 18:12:45,3.41 G,43.47 G,94.52 K,494.13 K
2019-06-08 18:12:47,3.41 G,43.47 G,90.01 K,455.38 K
2019-06-08 18:12:49,3.41 G,43.47 G,88.26 K,458.20 K
2019-06-08 18:12:51,3.41 G,43.47 G,85.39 K,420.44 K
2019-06-08 18:12:53,3.41 G,43.47 G,726.00 B,3.26 K
2019-06-08 18:12:55,3.41 G,43.47 G,66.72 K,349.10 K
2019-06-08 18:12:57,3.41 G,43.47 G,64.10 K,307.83 K
2019-06-08 18:12:59,3.41 G,43.47 G,60.44 K,288.26 K
2019-06-08 18:13:01,3.41 G,43.47 G,71.45 K,346.91 K
2019-06-08 18:13:03,3.41 G,43.47 G,24.58 K,115.85 K
2019-06-08 18:13:05,3.41 G,43.48 G,74.63 K,374.38 K
2019-06-08 18:13:07,3.41 G,43.48 G,82.24 K,410.65 K
2019-06-08 18:13:09,3.41 G,43.48 G,81.53 K,393.34 K
2019-06-08 18:13:11,3.41 G,43.48 G,73.98 K,373.34 K
2019-06-08 18:13:13,3.41 G,43.48 G,92.44 K,455.33 K
2019-06-08 18:13:15,3.41 G,43.48 G,65.72 K,322.15 K
2019-06-08 18:13:17,3.41 G,43.48 G,75.93 K,384.03 K
2019-06-08 18:13:19,3.41 G,43.48 G,78.81 K,399.57 K
2019-06-08 18:13:21,3.41 G,43.48 G,80.70 K,396.05 K
2019-06-08 18:13:23,3.41 G,43.48 G,73.61 K,373.07 K
2019-06-08 18:13:25,3.41 G,43.48 G,84.34 K,402.27 K
2019-06-08 18:13:28,3.41 G,43.48 G,78.91 K,396.90 K
2019-06-08 18:13:32,3.41 G,43.48 G,35.28 K,159.70 K
2019-06-08 18:13:34,3.41 G,43.49 G,84.97 K,425.30 K
2019-06-08 18:13:36,3.41 G,43.49 G,67.33 K,331.10 K
2019-06-08 18:13:38,3.41 G,43.49 G,86.68 K,426.49 K
2019-06-08 18:13:40,3.41 G,43.49 G,85.60 K,437.29 K
2019-06-08 18:13:42,3.41 G,43.49 G,77.64 K,401.08 K
2019-06-08 18:13:44,3.41 G,43.49 G,43.03 K,230.13 K
2019-06-08 18:13:46,3.41 G,43.49 G,81.09 K,382.17 K
2019-06-08 18:13:48,3.41 G,43.49 G,95.19 K,440.83 K
2019-06-08 18:13:50,3.41 G,43.49 G,81.63 K,385.22 K
2019-06-08 18:13:52,3.41 G,43.49 G,90.68 K,425.63 K
2019-06-08 18:13:54,3.41 G,43.49 G,84.75 K,399.05 K
2019-06-08 18:13:56,3.41 G,43.49 G,79.94 K,374.31 K
2019-06-08 18:13:58,3.41 G,43.49 G,74.83 K,354.77 K
2019-06-08 18:14:00,3.42 G,43.49 G,73.42 K,334.03 K
2019-06-08 18:14:02,3.42 G,43.50 G,76.05 K,340.73 K
2019-06-08 18:14:04,3.42 G,43.50 G,71.31 K,323.34 K
2019-06-08 18:14:06,3.42 G,43.50 G,80.46 K,377.52 K
2019-06-08 18:14:08,3.42 G,43.50 G,76.27 K,358.63 K
2019-06-08 18:14:10,3.42 G,43.50 G,95.41 K,439.47 K
2019-06-08 18:14:12,3.42 G,43.50 G,77.94 K,347.60 K
2019-06-08 18:14:14,3.42 G,43.50 G,76.66 K,342.28 K
2019-06-08 18:14:16,3.42 G,43.50 G,90.08 K,406.68 K
2019-06-08 18:14:18,3.42 G,43.50 G,100.96 K,459.31 K
2019-06-08 18:14:20,3.42 G,43.50 G,84.44 K,399.94 K
2019-06-08 18:14:22,3.42 G,43.50 G,84.82 K,395.00 K
2019-06-08 18:14:24,3.42 G,43.50 G,84.90 K,402.12 K
2019-06-08 18:14:26,3.42 G,43.50 G,79.14 K,371.00 K
2019-06-08 18:14:28,3.42 G,43.50 G,78.10 K,372.35 K
2019-06-08 18:14:30,3.42 G,43.51 G,85.03 K,405.15 K
2019-06-08 18:14:32,3.42 G,43.51 G,87.78 K,411.99 K
2019-06-08 18:14:34,3.42 G,43.51 G,86.55 K,405.04 K
2019-06-08 18:14:36,3.42 G,43.51 G,81.84 K,378.63 K
2019-06-08 18:14:38,3.42 G,43.51 G,70.23 K,334.21 K
2019-06-08 18:14:40,3.42 G,43.51 G,83.78 K,383.86 K
2019-06-08 18:14:42,3.42 G,43.51 G,92.68 K,416.28 K
2019-06-08 18:14:44,3.42 G,43.51 G,78.19 K,351.25 K
2019-06-08 18:14:46,3.42 G,43.51 G,81.07 K,369.69 K
2019-06-08 18:14:48,3.42 G,43.51 G,78.78 K,354.59 K
2019-06-08 18:14:50,3.42 G,43.51 G,84.84 K,379.96 K
2019-06-08 18:14:52,3.42 G,43.51 G,58.56 K,263.69 K
2019-06-08 18:14:54,3.42 G,43.51 G,76.26 K,344.02 K
2019-06-08 18:14:56,3.42 G,43.52 G,95.18 K,427.09 K
2019-06-08 18:14:59,3.42 G,43.52 G,64.67 K,320.67 K
2019-06-08 18:15:01,3.42 G,43.52 G,71.54 K,361.75 K
2019-06-08 18:15:03,3.42 G,43.52 G,86.04 K,414.52 K
2019-06-08 18:15:05,3.42 G,43.52 G,75.78 K,372.20 K
2019-06-08 18:15:07,3.42 G,43.52 G,87.04 K,444.64 K
2019-06-08 18:15:09,3.42 G,43.52 G,88.31 K,429.86 K
2019-06-08 18:15:11,3.42 G,43.52 G,92.66 K,454.53 K
2019-06-08 18:15:13,3.42 G,43.52 G,54.82 K,255.97 K
2019-06-08 18:15:15,3.42 G,43.52 G,68.86 K,308.69 K
2019-06-08 18:15:17,3.42 G,43.52 G,85.58 K,388.73 K
2019-06-08 18:15:19,3.42 G,43.52 G,96.53 K,455.18 K
2019-06-08 18:15:21,3.42 G,43.52 G,75.04 K,349.69 K
2019-06-08 18:15:23,3.42 G,43.53 G,89.99 K,420.63 K
2019-06-08 18:15:25,3.42 G,43.53 G,87.46 K,419.86 K
2019-06-08 18:15:27,3.42 G,43.53 G,76.44 K,358.75 K
2019-06-08 18:15:30,3.42 G,43.53 G,61.10 K,290.30 K
2019-06-08 18:15:32,3.42 G,43.53 G,77.96 K,353.86 K
2019-06-08 18:15:34,3.42 G,43.53 G,69.59 K,320.19 K
2019-06-08 18:15:36,3.42 G,43.53 G,91.64 K,418.24 K
2019-06-08 18:15:38,3.42 G,43.53 G,80.56 K,373.87 K
2019-06-08 18:15:40,3.42 G,43.53 G,82.52 K,379.53 K
2019-06-08 18:15:42,3.42 G,43.53 G,71.74 K,334.20 K
2019-06-08 18:15:44,3.42 G,43.53 G,108.60 K,509.70 K
2019-06-08 18:15:46,3.42 G,43.53 G,82.62 K,380.28 K
2019-06-08 18:15:48,3.42 G,43.53 G,69.28 K,321.42 K
2019-06-08 18:15:50,3.42 G,43.53 G,62.47 K,293.54 K
2019-06-08 18:15:52,3.42 G,43.53 G,58.07 K,274.95 K
2019-06-08 18:15:54,3.42 G,43.54 G,75.38 K,365.99 K
2019-06-08 18:15:56,3.42 G,43.54 G,84.50 K,389.17 K
2019-06-08 18:15:58,3.42 G,43.54 G,79.38 K,366.07 K
2019-06-08 18:16:00,3.42 G,43.54 G,76.64 K,356.91 K
2019-06-08 18:16:02,3.42 G,43.54 G,82.98 K,385.60 K
2019-06-08 18:16:04,3.42 G,43.54 G,82.34 K,380.67 K
2019-06-08 18:16:06,3.42 G,43.54 G,73.48 K,344.28 K
2019-06-08 18:16:08,3.42 G,43.54 G,90.84 K,411.22 K
2019-06-08 18:16:10,3.42 G,43.54 G,70.05 K,319.66 K
2019-06-08 18:16:12,3.43 G,43.54 G,88.93 K,407.59 K
2019-06-08 18:16:14,3.43 G,43.54 G,75.07 K,369.89 K
2019-06-08 18:16:16,3.43 G,43.54 G,74.16 K,338.60 K
2019-06-08 18:16:18,3.43 G,43.54 G,77.90 K,361.79 K
2019-06-08 18:16:20,3.43 G,43.54 G,86.79 K,423.20 K
2019-06-08 18:16:22,3.43 G,43.55 G,73.54 K,351.46 K
2019-06-08 18:16:24,3.43 G,43.55 G,81.97 K,386.15 K
2019-06-08 18:16:27,3.43 G,43.55 G,123.88 K,573.30 K
2019-06-08 18:16:29,3.43 G,43.55 G,123.80 K,575.81 K
2019-06-08 18:16:31,3.43 G,43.55 G,126.88 K,588.95 K
2019-06-08 18:16:33,3.43 G,43.55 G,151.47 K,704.91 K
2019-06-08 18:16:35,3.43 G,43.55 G,110.04 K,506.63 K
2019-06-08 18:16:37,3.43 G,43.55 G,142.86 K,667.44 K
2019-06-08 18:16:39,3.43 G,43.55 G,144.89 K,665.50 K
2019-06-08 18:16:41,3.43 G,43.56 G,89.78 K,418.08 K
2019-06-08 18:16:43,3.43 G,43.56 G,7.23 K,37.06 K
2019-06-08 18:16:45,3.43 G,43.56 G,89.15 K,420.95 K
2019-06-08 18:16:47,3.43 G,43.56 G,66.65 K,310.65 K
2019-06-08 18:16:49,3.43 G,43.56 G,59.59 K,273.74 K
2019-06-08 18:16:51,3.43 G,43.56 G,62.85 K,290.21 K
2019-06-08 18:16:53,3.43 G,43.56 G,62.78 K,291.45 K
2019-06-08 18:16:57,3.43 G,43.56 G,166.44 K,798.36 K
2019-06-08 18:16:59,3.43 G,43.56 G,189.11 K,883.69 K
2019-06-08 18:17:01,3.43 G,43.56 G,183.79 K,869.97 K
2019-06-08 18:17:03,3.43 G,43.57 G,181.02 K,913.38 K
2019-06-08 18:17:05,3.43 G,43.57 G,65.36 K,311.77 K
2019-06-08 18:17:07,3.43 G,43.57 G,135.45 K,734.25 K
2019-06-08 18:17:09,3.43 G,43.57 G,179.32 K,902.99 K
2019-06-08 18:17:11,3.43 G,43.57 G,117.01 K,547.75 K
2019-06-08 18:17:13,3.43 G,43.57 G,142.93 K,670.72 K
2019-06-08 18:17:15,3.43 G,43.57 G,142.90 K,650.07 K
2019-06-08 18:17:17,3.43 G,43.57 G,139.69 K,666.86 K
2019-06-08 18:17:19,3.43 G,43.58 G,139.02 K,645.40 K
2019-06-08 18:17:21,3.43 G,43.58 G,147.40 K,693.24 K
2019-06-08 18:17:23,3.43 G,43.58 G,125.54 K,598.97 K
2019-06-08 18:17:25,3.43 G,43.58 G,69.52 K,327.44 K
2019-06-08 18:17:27,3.43 G,43.58 G,73.61 K,327.20 K
2019-06-08 18:17:29,3.43 G,43.58 G,55.14 K,249.62 K
2019-06-08 18:17:32,3.43 G,43.58 G,77.49 K,352.83 K
2019-06-08 18:17:34,3.43 G,43.58 G,78.35 K,350.19 K
2019-06-08 18:17:36,3.43 G,43.58 G,85.84 K,373.99 K
2019-06-08 18:17:38,3.43 G,43.58 G,75.65 K,353.58 K
2019-06-08 18:17:40,3.43 G,43.58 G,94.51 K,409.86 K
2019-06-08 18:17:42,3.43 G,43.58 G,68.26 K,303.57 K
2019-06-08 18:17:44,3.43 G,43.59 G,96.76 K,439.97 K
2019-06-08 18:17:46,3.43 G,43.59 G,103.86 K,451.86 K
2019-06-08 18:17:49,3.43 G,43.59 G,76.08 K,344.44 K
2019-06-08 18:17:51,3.43 G,43.59 G,73.49 K,328.33 K
2019-06-08 18:17:53,3.44 G,43.59 G,87.83 K,390.89 K
2019-06-08 18:17:55,3.44 G,43.59 G,65.04 K,278.78 K
2019-06-08 18:17:57,3.44 G,43.59 G,88.34 K,395.89 K
2019-06-08 18:17:59,3.44 G,43.59 G,103.10 K,469.93 K
2019-06-08 18:18:01,3.44 G,43.59 G,96.43 K,425.16 K
2019-06-08 18:18:03,3.44 G,43.59 G,80.21 K,352.88 K
2019-06-08 18:18:05,3.44 G,43.59 G,89.98 K,400.86 K
2019-06-08 18:18:07,3.44 G,43.59 G,93.96 K,406.65 K
2019-06-08 18:18:09,3.44 G,43.59 G,75.62 K,341.57 K
2019-06-08 18:18:11,3.44 G,43.60 G,87.89 K,382.17 K
2019-06-08 18:18:13,3.44 G,43.60 G,93.78 K,409.28 K
2019-06-08 18:18:15,3.44 G,43.60 G,89.33 K,407.45 K
2019-06-08 18:18:17,3.44 G,43.60 G,81.63 K,365.91 K
2019-06-08 18:18:19,3.44 G,43.60 G,104.50 K,455.50 K
2019-06-08 18:18:21,3.44 G,43.60 G,103.61 K,475.57 K
2019-06-08 18:18:23,3.44 G,43.60 G,96.17 K,442.21 K
2019-06-08 18:18:25,3.44 G,43.60 G,88.88 K,387.98 K
2019-06-08 18:18:27,3.44 G,43.60 G,89.51 K,410.32 K
2019-06-08 18:18:29,3.44 G,43.60 G,99.45 K,449.38 K
2019-06-08 18:18:31,3.44 G,43.60 G,100.25 K,436.62 K
2019-06-08 18:18:33,3.44 G,43.60 G,100.20 K,448.07 K
2019-06-08 18:18:35,3.44 G,43.60 G,78.09 K,353.12 K
2019-06-08 18:18:37,3.44 G,43.61 G,96.94 K,422.47 K
2019-06-08 18:18:39,3.44 G,43.61 G,111.88 K,487.81 K
2019-06-08 18:18:41,3.44 G,43.61 G,77.62 K,349.93 K
2019-06-08 18:18:43,3.44 G,43.61 G,73.89 K,342.38 K
2019-06-08 18:18:45,3.44 G,43.61 G,72.07 K,325.65 K
2019-06-08 18:18:47,3.44 G,43.61 G,74.85 K,345.90 K
2019-06-08 18:18:49,3.44 G,43.61 G,91.00 K,398.20 K
2019-06-08 18:18:51,3.44 G,43.61 G,90.16 K,396.09 K
2019-06-08 18:18:53,3.44 G,43.61 G,70.98 K,315.45 K
2019-06-08 18:18:55,3.44 G,43.61 G,81.82 K,362.39 K
2019-06-08 18:18:57,3.44 G,43.61 G,79.18 K,366.85 K
2019-06-08 18:18:59,3.44 G,43.61 G,95.85 K,414.73 K
2019-06-08 18:19:01,3.44 G,43.61 G,90.94 K,410.55 K
2019-06-08 18:19:03,3.44 G,43.61 G,75.82 K,336.45 K
2019-06-08 18:19:05,3.44 G,43.62 G,100.46 K,453.82 K
2019-06-08 18:19:07,3.44 G,43.62 G,81.77 K,360.67 K
2019-06-08 18:19:09,3.44 G,43.62 G,85.25 K,369.11 K
2019-06-08 18:19:11,3.44 G,43.62 G,98.19 K,447.74 K
2019-06-08 18:19:13,3.44 G,43.62 G,89.71 K,398.86 K
2019-06-08 18:19:15,3.44 G,43.62 G,104.20 K,458.16 K
2019-06-08 18:19:17,3.44 G,43.62 G,84.61 K,374.36 K
2019-06-08 18:19:19,3.44 G,43.62 G,79.96 K,369.84 K
2019-06-08 18:19:21,3.44 G,43.62 G,107.93 K,478.01 K
2019-06-08 18:19:23,3.44 G,43.62 G,42.80 K,184.15 K
2019-06-08 18:19:25,3.44 G,43.62 G,78.36 K,388.16 K
2019-06-08 18:19:27,3.44 G,43.62 G,71.92 K,331.72 K
2019-06-08 18:19:29,3.44 G,43.62 G,61.90 K,283.61 K
2019-06-08 18:19:31,3.44 G,43.63 G,61.26 K,281.95 K
2019-06-08 18:19:33,3.44 G,43.63 G,77.25 K,371.69 K
2019-06-08 18:19:35,3.44 G,43.63 G,74.42 K,338.20 K
2019-06-08 18:19:37,3.44 G,43.63 G,94.33 K,436.00 K
2019-06-08 18:19:39,3.44 G,43.63 G,79.95 K,370.78 K
2019-06-08 18:19:41,3.44 G,43.63 G,94.21 K,442.90 K
2019-06-08 18:19:43,3.44 G,43.63 G,63.07 K,294.09 K
2019-06-08 18:19:45,3.44 G,43.63 G,59.72 K,305.29 K
2019-06-08 18:19:47,3.44 G,43.63 G,94.21 K,431.97 K
2019-06-08 18:19:49,3.44 G,43.63 G,51.44 K,222.66 K
2019-06-08 18:19:51,3.44 G,43.63 G,89.14 K,401.92 K
2019-06-08 18:19:53,3.44 G,43.63 G,66.24 K,301.81 K
2019-06-08 18:19:55,3.44 G,43.63 G,70.23 K,333.19 K
2019-06-08 18:19:57,3.45 G,43.63 G,70.31 K,327.94 K
2019-06-08 18:19:59,3.45 G,43.63 G,81.88 K,377.04 K
2019-06-08 18:20:01,3.45 G,43.64 G,85.62 K,425.33 K
2019-06-08 18:20:03,3.45 G,43.64 G,73.06 K,338.67 K
2019-06-08 18:20:05,3.45 G,43.64 G,91.69 K,431.79 K
2019-06-08 18:20:07,3.45 G,43.64 G,101.76 K,487.80 K
2019-06-08 18:20:09,3.45 G,43.64 G,93.22 K,445.88 K
2019-06-08 18:20:11,3.45 G,43.64 G,94.77 K,448.46 K
2019-06-08 18:20:13,3.45 G,43.64 G,90.23 K,414.84 K
2019-06-08 18:20:15,3.45 G,43.64 G,19.66 K,105.54 K
2019-06-08 18:20:17,3.45 G,43.64 G,27.62 K,137.58 K
2019-06-08 18:20:19,3.45 G,43.64 G,48.56 K,232.91 K
2019-06-08 18:20:21,3.45 G,43.64 G,83.93 K,378.33 K
2019-06-08 18:20:23,3.45 G,43.64 G,122.43 K,592.40 K
2019-06-08 18:20:25,3.45 G,43.64 G,182.87 K,883.07 K
2019-06-08 18:20:27,3.45 G,43.65 G,20.81 K,86.01 K
2019-06-08 18:20:29,3.45 G,43.65 G,68.86 K,325.00 K
2019-06-08 18:20:31,3.45 G,43.65 G,79.97 K,385.31 K
2019-06-08 18:20:33,3.45 G,43.65 G,78.81 K,368.78 K
2019-06-08 18:20:35,3.45 G,43.65 G,88.51 K,420.31 K
2019-06-08 18:20:37,3.45 G,43.65 G,83.44 K,401.55 K
2019-06-08 18:20:40,3.45 G,43.65 G,83.24 K,394.45 K
2019-06-08 18:20:42,3.45 G,43.65 G,79.52 K,362.39 K
2019-06-08 18:20:44,3.45 G,43.65 G,57.62 K,273.34 K
2019-06-08 18:20:46,3.45 G,43.65 G,73.73 K,342.47 K
2019-06-08 18:20:48,3.45 G,43.65 G,54.47 K,254.24 K
2019-06-08 18:20:50,3.45 G,43.65 G,74.96 K,348.39 K
2019-06-08 18:20:52,3.45 G,43.65 G,89.35 K,410.11 K
2019-06-08 18:20:54,3.45 G,43.65 G,80.16 K,368.45 K
2019-06-08 18:20:56,3.45 G,43.65 G,65.97 K,321.77 K
2019-06-08 18:20:58,3.45 G,43.66 G,68.17 K,317.29 K
2019-06-08 18:21:00,3.45 G,43.66 G,86.26 K,407.30 K
2019-06-08 18:21:02,3.45 G,43.66 G,57.63 K,266.78 K
2019-06-08 18:21:05,3.45 G,43.66 G,103.72 K,476.69 K
2019-06-08 18:21:07,3.45 G,43.66 G,83.50 K,392.35 K
2019-06-08 18:21:09,3.45 G,43.66 G,109.91 K,524.32 K
2019-06-08 18:21:11,3.45 G,43.66 G,80.41 K,383.55 K
2019-06-08 18:21:13,3.45 G,43.66 G,109.02 K,493.32 K
2019-06-08 18:21:15,3.45 G,43.66 G,79.81 K,376.22 K
2019-06-08 18:21:17,3.45 G,43.66 G,106.79 K,508.46 K
2019-06-08 18:21:19,3.45 G,43.66 G,99.70 K,476.34 K
2019-06-08 18:21:21,3.45 G,43.66 G,98.46 K,463.97 K
2019-06-08 18:21:23,3.45 G,43.67 G,107.26 K,513.85 K
2019-06-08 18:21:25,3.45 G,43.67 G,96.78 K,465.99 K
2019-06-08 18:21:27,3.45 G,43.67 G,101.71 K,484.46 K
2019-06-08 18:21:29,3.45 G,43.67 G,264.00 B,1.57 K
2019-06-08 18:21:31,3.45 G,43.67 G,77.04 K,334.75 K
2019-06-08 18:21:33,3.45 G,43.67 G,70.45 K,311.03 K
2019-06-08 18:21:35,3.45 G,43.67 G,73.46 K,316.09 K
2019-06-08 18:21:37,3.45 G,43.67 G,78.97 K,349.09 K
2019-06-08 18:21:39,3.45 G,43.67 G,70.27 K,305.33 K
2019-06-08 18:21:41,3.45 G,43.67 G,74.51 K,324.07 K
2019-06-08 18:21:43,3.45 G,43.67 G,74.15 K,314.25 K
2019-06-08 18:21:45,3.45 G,43.67 G,82.68 K,348.72 K
2019-06-08 18:21:47,3.45 G,43.67 G,66.35 K,288.24 K
2019-06-08 18:21:49,3.45 G,43.67 G,77.01 K,332.99 K
2019-06-08 18:21:51,3.45 G,43.67 G,63.12 K,273.98 K
2019-06-08 18:21:53,3.45 G,43.68 G,70.41 K,299.70 K
2019-06-08 18:21:55,3.45 G,43.68 G,63.88 K,284.66 K
2019-06-08 18:21:57,3.45 G,43.68 G,78.25 K,342.88 K
2019-06-08 18:21:59,3.45 G,43.68 G,67.48 K,292.55 K
2019-06-08 18:22:01,3.45 G,43.68 G,74.83 K,342.96 K
2019-06-08 18:22:03,3.45 G,43.68 G,75.05 K,316.52 K
2019-06-08 18:22:05,3.45 G,43.68 G,92.18 K,400.92 K
2019-06-08 18:22:07,3.45 G,43.68 G,90.20 K,390.62 K
2019-06-08 18:22:09,3.46 G,43.68 G,61.20 K,273.63 K
2019-06-08 18:22:11,3.46 G,43.68 G,70.87 K,318.95 K
2019-06-08 18:22:13,3.46 G,43.68 G,69.16 K,308.22 K
2019-06-08 18:22:15,3.46 G,43.68 G,69.74 K,302.93 K
2019-06-08 18:22:17,3.46 G,43.68 G,90.30 K,399.20 K
2019-06-08 18:22:19,3.46 G,43.68 G,70.16 K,311.54 K
2019-06-08 18:22:21,3.46 G,43.68 G,82.36 K,359.16 K
2019-06-08 18:22:23,3.46 G,43.68 G,62.73 K,267.69 K
2019-06-08 18:22:25,3.46 G,43.68 G,69.80 K,297.56 K
2019-06-08 18:22:27,3.46 G,43.69 G,58.89 K,260.78 K
2019-06-08 18:22:29,3.46 G,43.69 G,71.78 K,301.05 K
2019-06-08 18:22:31,3.46 G,43.69 G,74.79 K,328.98 K
2019-06-08 18:22:33,3.46 G,43.69 G,76.80 K,327.55 K
2019-06-08 18:22:35,3.46 G,43.69 G,74.59 K,329.76 K
2019-06-08 18:22:37,3.46 G,43.69 G,94.89 K,406.04 K
2019-06-08 18:22:39,3.46 G,43.69 G,63.41 K,274.30 K
2019-06-08 18:22:41,3.46 G,43.69 G,69.49 K,297.24 K
2019-06-08 18:22:43,3.46 G,43.69 G,74.72 K,330.02 K
2019-06-08 18:22:45,3.46 G,43.69 G,77.33 K,343.71 K
2019-06-08 18:22:47,3.46 G,43.69 G,71.37 K,317.07 K
2019-06-08 18:22:49,3.46 G,43.69 G,61.85 K,268.12 K
2019-06-08 18:22:51,3.46 G,43.69 G,77.89 K,348.33 K
2019-06-08 18:22:53,3.46 G,43.69 G,87.51 K,374.87 K
2019-06-08 18:22:55,3.46 G,43.69 G,68.49 K,295.47 K
2019-06-08 18:22:57,3.46 G,43.69 G,84.92 K,366.54 K
2019-06-08 18:22:59,3.46 G,43.70 G,69.94 K,307.98 K
2019-06-08 18:23:01,3.46 G,43.70 G,83.73 K,384.70 K
2019-06-08 18:23:03,3.46 G,43.70 G,73.74 K,321.58 K
2019-06-08 18:23:06,3.46 G,43.70 G,69.02 K,303.49 K
2019-06-08 18:23:08,3.46 G,43.70 G,53.80 K,242.63 K
2019-06-08 18:23:10,3.46 G,43.70 G,74.62 K,327.31 K
2019-06-08 18:23:12,3.46 G,43.70 G,73.22 K,324.69 K
2019-06-08 18:23:14,3.46 G,43.70 G,68.55 K,297.79 K
2019-06-08 18:23:16,3.46 G,43.70 G,77.43 K,331.83 K
2019-06-08 18:23:18,3.46 G,43.70 G,83.04 K,354.35 K
2019-06-08 18:23:20,3.46 G,43.70 G,81.27 K,354.23 K
2019-06-08 18:23:22,3.46 G,43.70 G,74.91 K,324.66 K
2019-06-08 18:23:24,3.46 G,43.70 G,107.11 K,470.79 K
2019-06-08 18:23:26,3.46 G,43.70 G,63.19 K,276.73 K
2019-06-08 18:23:28,3.46 G,43.70 G,88.59 K,380.39 K
2019-06-08 18:23:30,3.46 G,43.71 G,88.18 K,382.13 K
2019-06-08 18:23:32,3.46 G,43.71 G,72.75 K,324.10 K
2019-06-08 18:23:34,3.46 G,43.71 G,73.79 K,316.86 K
2019-06-08 18:23:36,3.46 G,43.71 G,82.65 K,353.98 K
2019-06-08 18:23:38,3.46 G,43.71 G,80.19 K,348.78 K
2019-06-08 18:23:40,3.46 G,43.71 G,87.70 K,372.79 K
2019-06-08 18:23:42,3.46 G,43.71 G,67.94 K,297.75 K
2019-06-08 18:23:44,3.46 G,43.71 G,70.57 K,311.40 K
2019-06-08 18:23:46,3.46 G,43.71 G,106.80 K,462.29 K
2019-06-08 18:23:48,3.46 G,43.71 G,71.74 K,308.47 K
2019-06-08 18:23:50,3.46 G,43.71 G,74.45 K,321.41 K
2019-06-08 18:23:52,3.46 G,43.71 G,73.29 K,311.43 K
2019-06-08 18:23:54,3.46 G,43.71 G,74.24 K,321.19 K
2019-06-08 18:23:56,3.46 G,43.71 G,83.78 K,375.09 K
2019-06-08 18:23:58,3.46 G,43.71 G,91.20 K,388.44 K
2019-06-08 18:24:00,3.46 G,43.71 G,73.34 K,311.57 K
2019-06-08 18:24:02,3.46 G,43.72 G,80.63 K,353.16 K
2019-06-08 18:24:04,3.46 G,43.72 G,75.49 K,327.43 K
2019-06-08 18:24:06,3.46 G,43.72 G,83.48 K,369.60 K
2019-06-08 18:24:08,3.46 G,43.72 G,91.19 K,393.16 K
2019-06-08 18:24:10,3.46 G,43.72 G,74.78 K,328.28 K
2019-06-08 18:24:12,3.46 G,43.72 G,68.38 K,295.87 K
2019-06-08 18:24:14,3.46 G,43.72 G,66.61 K,280.75 K
2019-06-08 18:24:16,3.46 G,43.72 G,67.15 K,284.72 K
2019-06-08 18:24:18,3.46 G,43.72 G,70.59 K,305.93 K
2019-06-08 18:24:20,3.46 G,43.72 G,75.22 K,330.41 K
2019-06-08 18:24:22,3.46 G,43.72 G,88.10 K,390.94 K
2019-06-08 18:24:24,3.46 G,43.72 G,78.76 K,335.51 K
2019-06-08 18:24:26,3.47 G,43.72 G,68.54 K,292.22 K
2019-06-08 18:24:28,3.47 G,43.72 G,80.36 K,347.60 K
2019-06-08 18:24:30,3.47 G,43.72 G,75.49 K,334.93 K
2019-06-08 18:24:32,3.47 G,43.73 G,91.69 K,399.29 K
2019-06-08 18:24:34,3.47 G,43.73 G,72.80 K,310.87 K
2019-06-08 18:24:36,3.47 G,43.73 G,82.16 K,356.49 K
2019-06-08 18:24:38,3.47 G,43.73 G,69.59 K,302.47 K
2019-06-08 18:24:40,3.47 G,43.73 G,71.22 K,305.12 K
2019-06-08 18:24:42,3.47 G,43.73 G,78.00 K,339.85 K
2019-06-08 18:24:44,3.47 G,43.73 G,55.40 K,238.63 K
2019-06-08 18:24:46,3.47 G,43.73 G,62.71 K,271.38 K
2019-06-08 18:24:48,3.47 G,43.73 G,83.04 K,366.23 K
2019-06-08 18:24:50,3.47 G,43.73 G,92.48 K,391.00 K
2019-06-08 18:24:52,3.47 G,43.73 G,78.43 K,337.54 K
2019-06-08 18:24:54,3.47 G,43.73 G,75.49 K,329.03 K
2019-06-08 18:24:56,3.47 G,43.73 G,71.03 K,302.37 K
2019-06-08 18:24:58,3.47 G,43.73 G,80.10 K,353.99 K
2019-06-08 18:25:00,3.47 G,43.73 G,72.50 K,315.33 K
2019-06-08 18:25:02,3.47 G,43.73 G,75.59 K,325.78 K
2019-06-08 18:25:04,3.47 G,43.74 G,67.34 K,294.50 K
2019-06-08 18:25:06,3.47 G,43.74 G,76.11 K,321.97 K
2019-06-08 18:25:08,3.47 G,43.74 G,75.76 K,332.43 K
2019-06-08 18:25:10,3.47 G,43.74 G,71.52 K,311.41 K
2019-06-08 18:25:12,3.47 G,43.74 G,87.01 K,384.92 K
2019-06-08 18:25:14,3.47 G,43.74 G,90.69 K,396.32 K
2019-06-08 18:25:16,3.47 G,43.74 G,70.96 K,308.30 K
2019-06-08 18:25:18,3.47 G,43.74 G,85.43 K,364.24 K
2019-06-08 18:25:20,3.47 G,43.74 G,70.20 K,304.97 K
2019-06-08 18:25:22,3.47 G,43.74 G,90.92 K,391.42 K
2019-06-08 18:25:24,3.47 G,43.74 G,93.65 K,404.26 K
2019-06-08 18:25:26,3.47 G,43.74 G,77.79 K,336.87 K
2019-06-08 18:25:28,3.47 G,43.74 G,78.78 K,335.08 K
2019-06-08 18:25:30,3.47 G,43.74 G,84.53 K,365.00 K
2019-06-08 18:25:32,3.47 G,43.74 G,74.92 K,322.22 K
2019-06-08 18:25:34,3.47 G,43.75 G,95.85 K,414.88 K
2019-06-08 18:25:36,3.47 G,43.75 G,78.35 K,334.70 K
2019-06-08 18:25:38,3.47 G,43.75 G,81.83 K,358.63 K
2019-06-08 18:25:40,3.47 G,43.75 G,75.63 K,324.59 K
2019-06-08 18:25:42,3.47 G,43.75 G,78.42 K,346.53 K
2019-06-08 18:25:44,3.47 G,43.75 G,69.62 K,303.74 K
2019-06-08 18:25:46,3.47 G,43.75 G,71.45 K,302.52 K
2019-06-08 18:25:48,3.47 G,43.75 G,89.77 K,378.33 K
2019-06-08 18:25:50,3.47 G,43.75 G,89.05 K,385.34 K
2019-06-08 18:25:52,3.47 G,43.75 G,86.12 K,374.42 K
2019-06-08 18:25:55,3.47 G,43.75 G,84.21 K,366.54 K
2019-06-08 18:25:57,3.47 G,43.75 G,84.54 K,357.07 K
2019-06-08 18:25:59,3.47 G,43.75 G,80.81 K,350.84 K
2019-06-08 18:26:01,3.47 G,43.75 G,74.21 K,316.55 K
2019-06-08 18:26:03,3.47 G,43.75 G,74.51 K,324.34 K
2019-06-08 18:26:05,3.47 G,43.76 G,61.02 K,264.96 K
2019-06-08 18:26:07,3.47 G,43.76 G,81.72 K,351.21 K
2019-06-08 18:26:09,3.47 G,43.76 G,87.03 K,380.70 K
2019-06-08 18:26:11,3.47 G,43.76 G,64.73 K,281.35 K
2019-06-08 18:26:13,3.47 G,43.76 G,59.69 K,262.80 K
2019-06-08 18:26:15,3.47 G,43.76 G,77.02 K,338.46 K
2019-06-08 18:26:17,3.47 G,43.76 G,61.25 K,265.91 K
2019-06-08 18:26:19,3.47 G,43.76 G,82.97 K,358.51 K
2019-06-08 18:26:21,3.47 G,43.76 G,73.97 K,322.88 K
2019-06-08 18:26:23,3.47 G,43.76 G,74.86 K,326.65 K
2019-06-08 18:26:25,3.47 G,43.76 G,98.08 K,420.68 K
2019-06-08 18:26:27,3.47 G,43.76 G,75.65 K,324.29 K
2019-06-08 18:26:29,3.47 G,43.76 G,80.04 K,345.19 K
2019-06-08 18:26:34,3.47 G,43.76 G,73.46 K,324.83 K
2019-06-08 18:26:36,3.47 G,43.76 G,78.56 K,343.15 K
2019-06-08 18:26:38,3.47 G,43.76 G,63.86 K,281.37 K
2019-06-08 18:26:40,3.47 G,43.77 G,74.85 K,317.28 K
2019-06-08 18:26:42,3.47 G,43.77 G,80.04 K,357.58 K
2019-06-08 18:26:44,3.47 G,43.77 G,63.59 K,276.29 K
2019-06-08 18:26:46,3.48 G,43.77 G,61.41 K,289.50 K
2019-06-08 18:26:48,3.48 G,43.77 G,48.19 K,217.74 K
2019-06-08 18:26:50,3.48 G,43.77 G,72.16 K,333.31 K
2019-06-08 18:26:52,3.48 G,43.77 G,59.58 K,289.51 K
2019-06-08 18:26:55,3.48 G,43.77 G,81.05 K,358.91 K
2019-06-08 18:26:58,3.48 G,43.77 G,76.65 K,358.72 K
2019-06-08 18:27:00,3.48 G,43.77 G,64.99 K,290.48 K
2019-06-08 18:27:02,3.48 G,43.77 G,57.81 K,271.35 K
2019-06-08 18:27:04,3.48 G,43.77 G,60.67 K,267.62 K
2019-06-08 18:27:06,3.48 G,43.77 G,77.05 K,359.85 K
2019-06-08 18:27:08,3.48 G,43.77 G,76.75 K,369.83 K
2019-06-08 18:27:10,3.48 G,43.77 G,75.16 K,341.24 K
2019-06-08 18:27:12,3.48 G,43.77 G,89.21 K,401.49 K
2019-06-08 18:27:14,3.48 G,43.78 G,90.51 K,432.54 K
2019-06-08 18:27:16,3.48 G,43.78 G,1.37 K,6.42 K
2019-06-08 18:27:18,3.48 G,43.78 G,64.04 K,287.24 K
2019-06-08 18:27:20,3.48 G,43.78 G,65.79 K,310.64 K
2019-06-08 18:27:22,3.48 G,43.78 G,56.79 K,263.87 K
2019-06-08 18:27:25,3.48 G,43.78 G,85.29 K,426.29 K
2019-06-08 18:27:27,3.48 G,43.78 G,73.55 K,360.83 K
2019-06-08 18:27:29,3.48 G,43.78 G,88.51 K,442.25 K
2019-06-08 18:27:31,3.48 G,43.78 G,108.86 K,542.44 K
2019-06-08 18:27:33,3.48 G,43.78 G,99.88 K,483.08 K
2019-06-08 18:27:35,3.48 G,43.78 G,84.39 K,422.36 K
2019-06-08 18:27:38,3.48 G,43.78 G,94.29 K,467.91 K
2019-06-08 18:27:40,3.48 G,43.78 G,81.04 K,406.68 K
2019-06-08 18:27:42,3.48 G,43.79 G,82.77 K,421.44 K
2019-06-08 18:27:44,3.48 G,43.79 G,99.20 K,498.21 K
2019-06-08 18:27:47,3.48 G,43.79 G,75.34 K,374.77 K
2019-06-08 18:27:49,3.48 G,43.79 G,69.53 K,328.50 K
2019-06-08 18:27:51,3.48 G,43.79 G,84.33 K,415.79 K
2019-06-08 18:27:53,3.48 G,43.79 G,62.95 K,301.72 K
2019-06-08 18:27:55,3.48 G,43.79 G,68.73 K,322.84 K
2019-06-08 18:27:57,3.48 G,43.79 G,69.27 K,330.84 K
2019-06-08 18:27:59,3.48 G,43.79 G,72.31 K,362.29 K
2019-06-08 18:28:01,3.48 G,43.79 G,66.01 K,319.65 K
2019-06-08 18:28:03,3.48 G,43.79 G,74.08 K,349.95 K
2019-06-08 18:28:05,3.48 G,43.79 G,77.77 K,360.90 K
2019-06-08 18:28:07,3.48 G,43.79 G,67.76 K,331.52 K
2019-06-08 18:28:09,3.48 G,43.79 G,68.21 K,329.04 K
2019-06-08 18:28:11,3.48 G,43.80 G,77.04 K,362.96 K
2019-06-08 18:28:13,3.48 G,43.80 G,66.29 K,330.94 K
2019-06-08 18:28:15,3.48 G,43.80 G,74.47 K,346.73 K
2019-06-08 18:28:17,3.48 G,43.80 G,83.43 K,390.21 K
2019-06-08 18:28:19,3.48 G,43.80 G,80.78 K,378.39 K
2019-06-08 18:28:21,3.48 G,43.80 G,80.09 K,371.68 K
2019-06-08 18:28:23,3.48 G,43.80 G,77.29 K,364.28 K
2019-06-08 18:28:25,3.48 G,43.80 G,68.65 K,327.77 K
2019-06-08 18:28:27,3.48 G,43.80 G,80.35 K,375.40 K
2019-06-08 18:28:29,3.48 G,43.80 G,75.78 K,361.65 K
2019-06-08 18:28:31,3.48 G,43.80 G,65.01 K,306.75 K
2019-06-08 18:28:33,3.48 G,43.80 G,75.84 K,363.10 K
2019-06-08 18:28:35,3.48 G,43.80 G,96.19 K,453.65 K
2019-06-08 18:28:37,3.48 G,43.80 G,71.94 K,332.00 K
2019-06-08 18:28:39,3.48 G,43.80 G,64.77 K,315.95 K
2019-06-08 18:28:41,3.48 G,43.81 G,72.35 K,343.32 K
2019-06-08 18:28:43,3.48 G,43.81 G,85.01 K,422.46 K
2019-06-08 18:28:45,3.48 G,43.81 G,79.72 K,377.67 K
2019-06-08 18:28:47,3.48 G,43.81 G,83.26 K,412.82 K
2019-06-08 18:28:49,3.48 G,43.81 G,62.70 K,293.91 K
2019-06-08 18:28:51,3.48 G,43.81 G,69.53 K,332.34 K
2019-06-08 18:28:53,3.48 G,43.81 G,77.73 K,368.29 K
2019-06-08 18:28:55,3.48 G,43.81 G,73.05 K,364.55 K
2019-06-08 18:28:57,3.48 G,43.81 G,80.94 K,399.78 K
2019-06-08 18:28:59,3.48 G,43.81 G,72.89 K,342.29 K
2019-06-08 18:29:01,3.48 G,43.81 G,80.70 K,404.72 K
2019-06-08 18:29:03,3.48 G,43.81 G,91.08 K,442.50 K
2019-06-08 18:29:05,3.48 G,43.81 G,70.77 K,329.70 K
2019-06-08 18:29:07,3.49 G,43.81 G,86.02 K,405.54 K
2019-06-08 18:29:09,3.49 G,43.82 G,87.38 K,409.20 K
2019-06-08 18:29:11,3.49 G,43.82 G,86.75 K,408.56 K
2019-06-08 18:29:13,3.49 G,43.82 G,86.18 K,408.78 K
2019-06-08 18:29:15,3.49 G,43.82 G,74.11 K,355.40 K
2019-06-08 18:29:17,3.49 G,43.82 G,71.43 K,349.70 K
2019-06-08 18:29:19,3.49 G,43.82 G,70.64 K,334.14 K
2019-06-08 18:29:21,3.49 G,43.82 G,56.38 K,276.62 K
2019-06-08 18:29:23,3.49 G,43.82 G,75.48 K,352.04 K
2019-06-08 18:29:25,3.49 G,43.82 G,74.24 K,365.77 K
2019-06-08 18:29:27,3.49 G,43.82 G,62.26 K,296.46 K
2019-06-08 18:29:29,3.49 G,43.82 G,70.90 K,337.55 K
2019-06-08 18:29:31,3.49 G,43.82 G,75.34 K,355.55 K
2019-06-08 18:29:33,3.49 G,43.82 G,76.74 K,374.37 K
2019-06-08 18:29:35,3.49 G,43.82 G,63.08 K,299.73 K
2019-06-08 18:29:37,3.49 G,43.83 G,80.94 K,395.63 K
2019-06-08 18:29:39,3.49 G,43.83 G,81.28 K,383.15 K
2019-06-08 18:29:41,3.49 G,43.83 G,84.65 K,413.76 K
2019-06-08 18:29:43,3.49 G,43.83 G,60.36 K,289.77 K
2019-06-08 18:29:45,3.49 G,43.83 G,72.46 K,345.24 K
2019-06-08 18:29:47,3.49 G,43.83 G,81.48 K,380.02 K
2019-06-08 18:29:49,3.49 G,43.83 G,93.47 K,451.48 K
2019-06-08 18:29:51,3.49 G,43.83 G,78.64 K,368.22 K
2019-06-08 18:29:53,3.49 G,43.83 G,71.84 K,339.79 K
2019-06-08 18:29:55,3.49 G,43.83 G,59.34 K,298.86 K
2019-06-08 18:29:57,3.49 G,43.83 G,80.91 K,381.14 K
2019-06-08 18:29:59,3.49 G,43.83 G,69.15 K,333.53 K
2019-06-08 18:30:01,3.49 G,43.83 G,68.00 K,335.38 K
2019-06-08 18:30:03,3.49 G,43.83 G,74.32 K,367.19 K
2019-06-08 18:30:05,3.49 G,43.83 G,68.29 K,318.31 K
2019-06-08 18:30:07,3.49 G,43.84 G,100.70 K,485.54 K
2019-06-08 18:30:09,3.49 G,43.84 G,75.53 K,366.23 K
2019-06-08 18:30:11,3.49 G,43.84 G,80.28 K,378.45 K
2019-06-08 18:30:13,3.49 G,43.84 G,102.44 K,807.23 K
2019-06-08 18:30:15,3.49 G,43.84 G,197.31 K,956.52 K
2019-06-08 18:30:17,3.49 G,43.84 G,34.15 K,170.49 K
2019-06-08 18:30:19,3.49 G,43.84 G,54.50 K,259.31 K
2019-06-08 18:30:21,3.49 G,43.84 G,37.46 K,189.74 K
2019-06-08 18:30:23,3.49 G,43.84 G,55.15 K,259.65 K
2019-06-08 18:30:25,3.49 G,43.84 G,55.30 K,255.34 K
2019-06-08 18:30:27,3.49 G,43.84 G,20.39 K,106.63 K
2019-06-08 18:30:30,3.49 G,43.84 G,103.29 K,492.24 K
2019-06-08 18:30:32,3.49 G,43.84 G,83.25 K,408.36 K
2019-06-08 18:30:34,3.49 G,43.84 G,76.57 K,376.98 K
2019-06-08 18:30:36,3.49 G,43.85 G,68.14 K,322.27 K
2019-06-08 18:30:38,3.49 G,43.85 G,77.88 K,391.20 K
2019-06-08 18:30:40,3.49 G,43.85 G,75.28 K,358.91 K
2019-06-08 18:30:42,3.49 G,43.85 G,70.53 K,347.63 K
2019-06-08 18:30:44,3.49 G,43.85 G,85.16 K,398.23 K
2019-06-08 18:30:46,3.49 G,43.85 G,68.58 K,320.91 K
2019-06-08 18:30:48,3.49 G,43.85 G,72.59 K,347.18 K
2019-06-08 18:30:50,3.49 G,43.85 G,65.68 K,310.82 K
2019-06-08 18:30:52,3.49 G,43.85 G,59.37 K,283.98 K
2019-06-08 18:30:54,3.49 G,43.85 G,78.54 K,392.53 K
2019-06-08 18:30:56,3.49 G,43.85 G,74.74 K,358.43 K
2019-06-08 18:30:58,3.49 G,43.85 G,65.89 K,316.36 K
2019-06-08 18:31:00,3.49 G,43.85 G,95.43 K,441.79 K
2019-06-08 18:31:02,3.49 G,43.85 G,86.05 K,409.91 K
2019-06-08 18:31:04,3.49 G,43.85 G,68.31 K,351.04 K
2019-06-08 18:31:06,3.49 G,43.86 G,83.20 K,382.44 K
2019-06-08 18:31:08,3.49 G,43.86 G,55.93 K,263.03 K
2019-06-08 18:31:10,3.49 G,43.86 G,90.96 K,440.92 K
2019-06-08 18:31:12,3.49 G,43.86 G,78.99 K,370.22 K
2019-06-08 18:31:14,3.49 G,43.86 G,66.92 K,317.88 K
2019-06-08 18:31:16,3.49 G,43.86 G,67.33 K,316.45 K
2019-06-08 18:31:18,3.49 G,43.86 G,79.20 K,394.92 K
2019-06-08 18:31:20,3.49 G,43.86 G,91.15 K,439.07 K
2019-06-08 18:31:22,3.49 G,43.86 G,77.09 K,365.68 K
2019-06-08 18:31:24,3.49 G,43.86 G,66.83 K,315.20 K
2019-06-08 18:31:26,3.49 G,43.86 G,69.65 K,326.92 K
2019-06-08 18:31:28,3.49 G,43.86 G,85.95 K,424.93 K
2019-06-08 18:31:30,3.50 G,43.86 G,59.95 K,285.65 K
2019-06-08 18:31:32,3.50 G,43.86 G,81.34 K,400.78 K
2019-06-08 18:31:34,3.50 G,43.86 G,71.83 K,336.80 K
2019-06-08 18:31:36,3.50 G,43.87 G,74.90 K,357.72 K
2019-06-08 18:31:38,3.50 G,43.87 G,80.16 K,377.69 K
2019-06-08 18:31:40,3.50 G,43.87 G,69.04 K,325.12 K
2019-06-08 18:31:42,3.50 G,43.87 G,78.60 K,381.29 K
2019-06-08 18:31:44,3.50 G,43.87 G,61.02 K,295.69 K
2019-06-08 18:31:46,3.50 G,43.87 G,74.30 K,374.89 K
2019-06-08 18:31:48,3.50 G,43.87 G,90.52 K,438.21 K
2019-06-08 18:31:50,3.50 G,43.87 G,83.20 K,402.08 K
2019-06-08 18:31:52,3.50 G,43.87 G,79.42 K,371.37 K
2019-06-08 18:31:54,3.50 G,43.87 G,70.60 K,338.25 K
2019-06-08 18:31:56,3.50 G,43.87 G,79.98 K,381.63 K
2019-06-08 18:31:58,3.50 G,43.87 G,62.01 K,292.65 K
2019-06-08 18:32:00,3.50 G,43.87 G,80.67 K,377.74 K
2019-06-08 18:32:02,3.50 G,43.87 G,71.75 K,335.93 K
2019-06-08 18:32:04,3.50 G,43.88 G,81.54 K,388.57 K
2019-06-08 18:32:06,3.50 G,43.88 G,73.53 K,346.10 K
2019-06-08 18:32:08,3.50 G,43.88 G,70.10 K,330.20 K
2019-06-08 18:32:10,3.50 G,43.88 G,62.71 K,294.77 K
2019-06-08 18:32:12,3.50 G,43.88 G,68.15 K,324.00 K
2019-06-08 18:32:14,3.50 G,43.88 G,67.46 K,327.53 K
2019-06-08 18:32:16,3.50 G,43.88 G,82.89 K,407.52 K
2019-06-08 18:32:18,3.50 G,43.88 G,68.28 K,318.34 K
2019-06-08 18:32:20,3.50 G,43.88 G,77.12 K,379.05 K
2019-06-08 18:32:22,3.50 G,43.88 G,72.03 K,341.87 K
2019-06-08 18:32:24,3.50 G,43.88 G,85.10 K,392.52 K
2019-06-08 18:32:26,3.50 G,43.88 G,82.07 K,402.57 K
2019-06-08 18:32:28,3.50 G,43.88 G,74.21 K,346.19 K
2019-06-08 18:32:30,3.50 G,43.88 G,76.90 K,362.50 K
2019-06-08 18:32:32,3.50 G,43.88 G,60.63 K,308.45 K
2019-06-08 18:32:34,3.50 G,43.89 G,76.84 K,366.50 K
2019-06-08 18:32:36,3.50 G,43.89 G,88.17 K,409.34 K
2019-06-08 18:32:38,3.50 G,43.89 G,72.40 K,339.41 K
2019-06-08 18:32:40,3.50 G,43.89 G,60.83 K,290.31 K
2019-06-08 18:32:42,3.50 G,43.89 G,80.87 K,398.34 K
2019-06-08 18:32:44,3.50 G,43.89 G,71.33 K,337.34 K
2019-06-08 18:32:47,3.50 G,43.89 G,26.79 K,127.87 K
2019-06-08 18:32:49,3.50 G,43.89 G,28.15 K,139.28 K
2019-06-08 18:32:51,3.50 G,43.89 G,30.09 K,149.45 K
2019-06-08 18:32:53,3.50 G,43.89 G,26.21 K,132.93 K
2019-06-08 18:32:55,3.50 G,43.89 G,31.46 K,165.07 K
2019-06-08 18:32:57,3.50 G,43.89 G,24.93 K,128.68 K
2019-06-08 18:32:59,3.50 G,43.89 G,27.76 K,141.71 K
2019-06-08 18:33:01,3.50 G,43.89 G,31.27 K,174.08 K
2019-06-08 18:33:03,3.50 G,43.89 G,35.47 K,174.55 K
2019-06-08 18:33:05,3.50 G,43.89 G,29.45 K,144.82 K
2019-06-08 18:33:07,3.50 G,43.89 G,28.28 K,141.51 K
2019-06-08 18:33:09,3.50 G,43.89 G,31.94 K,152.49 K
2019-06-08 18:33:11,3.50 G,43.89 G,32.70 K,158.03 K
2019-06-08 18:33:13,3.50 G,43.89 G,28.41 K,150.54 K
2019-06-08 18:33:15,3.50 G,43.89 G,27.44 K,139.13 K
2019-06-08 18:33:18,3.50 G,43.89 G,36.43 K,183.77 K
2019-06-08 18:33:20,3.50 G,43.89 G,34.31 K,173.16 K
2019-06-08 18:33:22,3.50 G,43.89 G,31.21 K,162.34 K
2019-06-08 18:33:24,3.50 G,43.89 G,25.31 K,128.37 K
2019-06-08 18:33:26,3.50 G,43.89 G,27.00 K,138.40 K
2019-06-08 18:33:28,3.50 G,43.89 G,23.42 K,112.99 K
2019-06-08 18:33:30,3.50 G,43.90 G,29.21 K,144.63 K
2019-06-08 18:33:32,3.50 G,43.90 G,25.83 K,128.53 K
2019-06-08 18:33:34,3.50 G,43.90 G,30.16 K,147.12 K
2019-06-08 18:33:36,3.50 G,43.90 G,27.70 K,138.09 K
2019-06-08 18:33:38,3.50 G,43.90 G,20.39 K,109.16 K
2019-06-08 18:33:40,3.50 G,43.90 G,31.46 K,162.50 K
2019-06-08 18:33:42,3.50 G,43.90 G,31.97 K,157.77 K
2019-06-08 18:33:44,3.50 G,43.90 G,32.19 K,152.55 K
2019-06-08 18:33:46,3.50 G,43.90 G,44.91 K,220.14 K
2019-06-08 18:33:48,3.50 G,43.90 G,27.45 K,136.08 K
2019-06-08 18:33:50,3.50 G,43.90 G,24.99 K,125.04 K
2019-06-08 18:33:52,3.50 G,43.90 G,30.74 K,152.58 K
2019-06-08 18:33:54,3.50 G,43.90 G,32.04 K,164.20 K
2019-06-08 18:33:56,3.50 G,43.90 G,30.29 K,150.05 K
2019-06-08 18:33:58,3.50 G,43.90 G,28.81 K,144.30 K
2019-06-08 18:34:00,3.50 G,43.90 G,25.64 K,130.70 K
2019-06-08 18:34:02,3.50 G,43.90 G,33.99 K,181.93 K
2019-06-08 18:34:04,3.50 G,43.90 G,32.63 K,164.48 K
2019-06-08 18:34:06,3.50 G,43.90 G,27.57 K,138.63 K
2019-06-08 18:34:08,3.50 G,43.90 G,31.98 K,163.93 K
2019-06-08 18:34:10,3.50 G,43.90 G,27.00 K,136.12 K
2019-06-08 18:34:12,3.50 G,43.90 G,34.22 K,173.01 K
2019-06-08 18:34:14,3.50 G,43.90 G,31.99 K,154.94 K
2019-06-08 18:34:16,3.50 G,43.90 G,35.74 K,170.77 K
2019-06-08 18:34:18,3.50 G,43.90 G,32.18 K,161.68 K
2019-06-08 18:34:20,3.50 G,43.90 G,29.71 K,149.26 K
2019-06-08 18:34:22,3.50 G,43.90 G,27.64 K,139.04 K
2019-06-08 18:34:24,3.50 G,43.90 G,27.45 K,136.39 K
2019-06-08 18:34:26,3.50 G,43.90 G,32.70 K,170.03 K
2019-06-08 18:34:28,3.50 G,43.90 G,30.42 K,153.65 K
2019-06-08 18:34:30,3.50 G,43.90 G,30.94 K,152.26 K
2019-06-08 18:34:32,3.50 G,43.90 G,29.38 K,146.22 K
2019-06-08 18:34:34,3.50 G,43.90 G,31.72 K,157.68 K
2019-06-08 18:34:36,3.50 G,43.90 G,32.67 K,169.46 K
2019-06-08 18:34:38,3.50 G,43.91 G,29.51 K,146.85 K
2019-06-08 18:34:40,3.50 G,43.91 G,26.27 K,133.66 K
2019-06-08 18:34:42,3.50 G,43.91 G,30.10 K,152.99 K
2019-06-08 18:34:44,3.50 G,43.91 G,33.59 K,172.90 K
2019-06-08 18:34:46,3.50 G,43.91 G,29.52 K,143.44 K
2019-06-08 18:34:48,3.50 G,43.91 G,27.39 K,135.85 K
2019-06-08 18:34:50,3.50 G,43.91 G,30.83 K,159.44 K
2019-06-08 18:34:52,3.50 G,43.91 G,35.99 K,178.38 K
2019-06-08 18:34:54,3.50 G,43.91 G,28.22 K,141.35 K
2019-06-08 18:34:56,3.50 G,43.91 G,34.70 K,185.21 K
2019-06-08 18:34:58,3.50 G,43.91 G,33.99 K,166.10 K
2019-06-08 18:35:00,3.50 G,43.91 G,29.40 K,150.01 K
2019-06-08 18:35:02,3.50 G,43.91 G,31.71 K,164.82 K
2019-06-08 18:35:04,3.50 G,43.91 G,22.79 K,109.74 K
2019-06-08 18:35:06,3.50 G,43.91 G,28.48 K,144.17 K
2019-06-08 18:35:08,3.50 G,43.91 G,31.58 K,158.41 K
2019-06-08 18:35:10,3.50 G,43.91 G,33.92 K,172.71 K
2019-06-08 18:35:12,3.50 G,43.91 G,27.31 K,136.45 K
2019-06-08 18:35:14,3.50 G,43.91 G,35.95 K,178.62 K
2019-06-08 18:35:16,3.50 G,43.91 G,27.64 K,139.60 K
2019-06-08 18:35:18,3.50 G,43.91 G,29.40 K,155.86 K
2019-06-08 18:35:20,3.50 G,43.91 G,28.82 K,140.69 K
2019-06-08 18:35:22,3.50 G,43.91 G,28.22 K,140.27 K
2019-06-08 18:35:24,3.50 G,43.91 G,26.08 K,130.76 K
2019-06-08 18:35:26,3.50 G,43.91 G,21.23 K,117.17 K
2019-06-08 18:35:28,3.51 G,43.91 G,30.81 K,155.33 K
2019-06-08 18:35:30,3.51 G,43.91 G,28.04 K,139.26 K
2019-06-08 18:35:32,3.51 G,43.91 G,31.57 K,165.21 K
2019-06-08 18:35:34,3.51 G,43.91 G,26.61 K,133.67 K
2019-06-08 18:35:36,3.51 G,43.91 G,34.49 K,163.50 K
2019-06-08 18:35:38,3.51 G,43.91 G,36.00 K,180.59 K
2019-06-08 18:35:40,3.51 G,43.91 G,30.03 K,147.01 K
2019-06-08 18:35:42,3.51 G,43.91 G,27.57 K,141.35 K
2019-06-08 18:35:44,3.51 G,43.91 G,31.65 K,157.36 K
2019-06-08 18:35:46,3.51 G,43.91 G,27.58 K,140.87 K
2019-06-08 18:35:48,3.51 G,43.92 G,32.57 K,160.13 K
2019-06-08 18:35:50,3.51 G,43.92 G,30.50 K,149.74 K
2019-06-08 18:35:52,3.51 G,43.92 G,26.28 K,130.76 K
2019-06-08 18:35:54,3.51 G,43.92 G,19.76 K,99.61 K
2019-06-08 18:35:56,3.51 G,43.92 G,32.55 K,157.90 K
2019-06-08 18:35:58,3.51 G,43.92 G,34.04 K,166.51 K
2019-06-08 18:36:00,3.51 G,43.92 G,24.33 K,119.19 K
2019-06-08 18:36:02,3.51 G,43.92 G,30.50 K,146.53 K
2019-06-08 18:36:04,3.51 G,43.92 G,29.33 K,141.49 K
2019-06-08 18:36:07,3.51 G,43.92 G,31.52 K,154.86 K
2019-06-08 18:36:09,3.51 G,43.92 G,25.64 K,130.51 K
2019-06-08 18:36:11,3.51 G,43.92 G,32.09 K,167.60 K
2019-06-08 18:36:13,3.51 G,43.92 G,33.74 K,163.01 K
2019-06-08 18:36:15,3.51 G,43.92 G,24.28 K,124.86 K
2019-06-08 18:36:17,3.51 G,43.92 G,29.04 K,144.53 K
2019-06-08 18:36:19,3.51 G,43.92 G,28.81 K,141.69 K
2019-06-08 18:36:21,3.51 G,43.92 G,28.09 K,141.73 K
2019-06-08 18:36:23,3.51 G,43.92 G,22.54 K,110.64 K
2019-06-08 18:36:25,3.51 G,43.92 G,32.62 K,167.42 K
2019-06-08 18:36:27,3.51 G,43.92 G,33.42 K,159.84 K
2019-06-08 18:36:29,3.51 G,43.92 G,34.50 K,174.84 K
2019-06-08 18:36:31,3.51 G,43.92 G,24.48 K,124.64 K
2019-06-08 18:36:33,3.51 G,43.92 G,27.45 K,139.01 K
2019-06-08 18:36:35,3.51 G,43.92 G,25.04 K,121.34 K
2019-06-08 18:36:37,3.51 G,43.92 G,20.91 K,108.51 K
2019-06-08 18:36:39,3.51 G,43.92 G,26.22 K,133.50 K
2019-06-08 18:36:41,3.51 G,43.92 G,22.53 K,120.36 K
2019-06-08 18:36:43,3.51 G,43.92 G,26.28 K,133.05 K
2019-06-08 18:36:45,3.51 G,43.92 G,29.45 K,144.12 K
2019-06-08 18:36:47,3.51 G,43.92 G,32.70 K,163.78 K
2019-06-08 18:36:49,3.51 G,43.92 G,26.73 K,136.09 K
2019-06-08 18:36:51,3.51 G,43.92 G,30.03 K,149.58 K
2019-06-08 18:36:53,3.51 G,43.92 G,26.92 K,143.13 K
2019-06-08 18:36:55,3.51 G,43.92 G,28.03 K,139.26 K
2019-06-08 18:36:57,3.51 G,43.92 G,28.16 K,135.15 K
2019-06-08 18:36:59,3.51 G,43.92 G,24.16 K,112.84 K
2019-06-08 18:37:01,3.51 G,43.93 G,27.51 K,143.63 K
2019-06-08 18:37:03,3.51 G,43.93 G,28.81 K,144.30 K
2019-06-08 18:37:05,3.51 G,43.93 G,34.77 K,175.25 K
2019-06-08 18:37:07,3.51 G,43.93 G,31.07 K,161.33 K
2019-06-08 18:37:09,3.51 G,43.93 G,26.35 K,133.61 K
2019-06-08 18:37:11,3.51 G,43.93 G,32.63 K,167.74 K
2019-06-08 18:37:13,3.51 G,43.93 G,29.39 K,153.72 K
2019-06-08 18:37:15,3.51 G,43.93 G,26.03 K,127.94 K
2019-06-08 18:37:17,3.51 G,43.93 G,30.50 K,156.50 K
2019-06-08 18:37:19,3.51 G,43.93 G,34.44 K,173.62 K
2019-06-08 18:37:21,3.51 G,43.93 G,23.69 K,119.56 K
2019-06-08 18:37:23,3.51 G,43.93 G,35.67 K,181.45 K
2019-06-08 18:37:25,3.51 G,43.93 G,31.92 K,167.46 K
2019-06-08 18:37:27,3.51 G,43.93 G,26.86 K,138.24 K
2019-06-08 18:37:29,3.51 G,43.93 G,25.77 K,130.18 K
2019-06-08 18:37:31,3.51 G,43.93 G,33.72 K,165.85 K
2019-06-08 18:37:33,3.51 G,43.93 G,25.89 K,130.49 K
2019-06-08 18:37:35,3.51 G,43.93 G,31.52 K,167.31 K
2019-06-08 18:37:37,3.51 G,43.93 G,30.05 K,149.60 K
2019-06-08 18:37:39,3.51 G,43.93 G,28.29 K,144.22 K
2019-06-08 18:37:41,3.51 G,43.93 G,31.01 K,162.06 K
2019-06-08 18:37:43,3.51 G,43.93 G,26.99 K,135.62 K
2019-06-08 18:37:45,3.51 G,43.93 G,27.64 K,138.96 K
2019-06-08 18:37:48,3.51 G,43.93 G,65.10 K,307.98 K
2019-06-08 18:37:50,3.51 G,43.93 G,73.18 K,346.75 K
2019-06-08 18:37:52,3.51 G,43.93 G,65.50 K,306.80 K
2019-06-08 18:37:55,3.51 G,43.93 G,65.11 K,278.32 K
2019-06-08 18:37:57,3.51 G,43.93 G,94.10 K,411.25 K
2019-06-08 18:37:59,3.51 G,43.94 G,95.54 K,419.42 K
2019-06-08 18:38:01,3.51 G,43.94 G,70.44 K,319.75 K
2019-06-08 18:38:03,3.51 G,43.94 G,88.61 K,382.15 K
2019-06-08 18:38:05,3.51 G,43.94 G,67.44 K,292.35 K
2019-06-08 18:38:07,3.51 G,43.94 G,60.82 K,264.20 K
2019-06-08 18:38:09,3.51 G,43.94 G,82.62 K,361.42 K
2019-06-08 18:38:11,3.51 G,43.94 G,76.89 K,326.07 K
2019-06-08 18:38:13,3.51 G,43.94 G,71.28 K,308.24 K
2019-06-08 18:38:15,3.51 G,43.94 G,85.88 K,379.27 K
2019-06-08 18:38:17,3.51 G,43.94 G,73.37 K,318.44 K
2019-06-08 18:38:19,3.51 G,43.94 G,69.15 K,302.21 K
2019-06-08 18:38:21,3.51 G,43.94 G,82.92 K,354.00 K
2019-06-08 18:38:23,3.51 G,43.94 G,78.88 K,337.44 K
2019-06-08 18:38:25,3.51 G,43.94 G,44.70 K,199.51 K
2019-06-08 18:38:27,3.51 G,43.94 G,85.54 K,374.37 K
2019-06-08 18:38:29,3.51 G,43.95 G,79.68 K,342.13 K
2019-06-08 18:38:31,3.51 G,43.95 G,87.50 K,382.53 K
2019-06-08 18:38:33,3.51 G,43.95 G,89.11 K,379.25 K
2019-06-08 18:38:35,3.51 G,43.95 G,83.55 K,363.69 K
2019-06-08 18:38:37,3.51 G,43.95 G,90.63 K,395.32 K
2019-06-08 18:38:39,3.51 G,43.95 G,77.20 K,334.40 K
2019-06-08 18:38:41,3.51 G,43.95 G,92.99 K,400.75 K
2019-06-08 18:38:43,3.51 G,43.95 G,95.16 K,416.38 K
2019-06-08 18:38:45,3.51 G,43.95 G,83.58 K,355.87 K
2019-06-08 18:38:48,3.51 G,43.95 G,69.72 K,300.13 K
2019-06-08 18:38:50,3.51 G,43.95 G,80.27 K,342.71 K
2019-06-08 18:38:52,3.51 G,43.95 G,80.96 K,355.86 K
2019-06-08 18:38:54,3.51 G,43.95 G,77.50 K,342.86 K
2019-06-08 18:38:56,3.51 G,43.95 G,81.51 K,355.21 K
2019-06-08 18:38:58,3.51 G,43.95 G,85.14 K,368.71 K
2019-06-08 18:39:00,3.51 G,43.96 G,56.23 K,254.60 K
2019-06-08 18:39:02,3.51 G,43.96 G,85.80 K,368.60 K
2019-06-08 18:39:04,3.51 G,43.96 G,75.07 K,326.48 K
2019-06-08 18:39:06,3.51 G,43.96 G,85.06 K,369.31 K
2019-06-08 18:39:08,3.51 G,43.96 G,77.50 K,335.67 K
2019-06-08 18:39:10,3.51 G,43.96 G,86.70 K,365.85 K
2019-06-08 18:39:12,3.52 G,43.96 G,73.82 K,310.52 K
2019-06-08 18:39:14,3.52 G,43.96 G,76.31 K,339.51 K
2019-06-08 18:39:16,3.52 G,43.96 G,72.51 K,307.46 K
2019-06-08 18:39:18,3.52 G,43.96 G,92.82 K,408.73 K
2019-06-08 18:39:20,3.52 G,43.96 G,83.13 K,355.81 K
2019-06-08 18:39:22,3.52 G,43.96 G,86.50 K,380.08 K
2019-06-08 18:39:24,3.52 G,43.96 G,82.03 K,358.35 K
2019-06-08 18:39:26,3.52 G,43.96 G,88.71 K,386.74 K
2019-06-08 18:39:28,3.52 G,43.96 G,91.68 K,395.82 K
2019-06-08 18:39:30,3.52 G,43.97 G,80.43 K,348.30 K
2019-06-08 18:39:32,3.52 G,43.97 G,80.85 K,355.19 K
2019-06-08 18:39:34,3.52 G,43.97 G,68.33 K,291.73 K
2019-06-08 18:39:36,3.52 G,43.97 G,79.14 K,342.05 K
2019-06-08 18:39:38,3.52 G,43.97 G,83.39 K,369.15 K
2019-06-08 18:39:40,3.52 G,43.97 G,76.99 K,329.61 K
2019-06-08 18:39:42,3.52 G,43.97 G,84.96 K,368.80 K
2019-06-08 18:39:44,3.52 G,43.97 G,51.06 K,225.42 K
2019-06-08 18:39:46,3.52 G,43.97 G,87.56 K,385.15 K
2019-06-08 18:39:48,3.52 G,43.97 G,70.34 K,302.74 K
2019-06-08 18:39:50,3.52 G,43.97 G,75.12 K,329.55 K
2019-06-08 18:39:52,3.52 G,43.97 G,89.30 K,398.03 K
2019-06-08 18:39:54,3.52 G,43.97 G,70.03 K,313.97 K
2019-06-08 18:39:56,3.52 G,43.97 G,74.80 K,318.31 K
2019-06-08 18:39:58,3.52 G,43.97 G,85.77 K,369.27 K
2019-06-08 18:40:00,3.52 G,43.97 G,80.68 K,350.39 K
2019-06-08 18:40:02,3.52 G,43.98 G,74.14 K,318.07 K
2019-06-08 18:40:04,3.52 G,43.98 G,71.86 K,316.26 K
2019-06-08 18:40:06,3.52 G,43.98 G,89.42 K,390.72 K
2019-06-08 18:40:08,3.52 G,43.98 G,65.69 K,294.24 K
2019-06-08 18:40:10,3.52 G,43.98 G,63.36 K,281.32 K
2019-06-08 18:40:12,3.52 G,43.98 G,91.65 K,406.36 K
2019-06-08 18:40:14,3.52 G,43.98 G,142.66 K,615.70 K
2019-06-08 18:40:16,3.52 G,43.98 G,13.67 K,44.98 K
2019-06-08 18:40:18,3.52 G,43.98 G,46.63 K,200.87 K
2019-06-08 18:40:20,3.52 G,43.98 G,37.56 K,147.20 K
2019-06-08 18:40:22,3.52 G,43.98 G,42.14 K,181.54 K
2019-06-08 18:40:24,3.52 G,43.98 G,43.58 K,189.37 K
2019-06-08 18:40:26,3.52 G,43.98 G,23.91 K,102.54 K
2019-06-08 18:40:28,3.52 G,43.98 G,18.92 K,80.54 K
2019-06-08 18:40:30,3.52 G,43.98 G,93.04 K,397.06 K
2019-06-08 18:40:32,3.52 G,43.98 G,94.44 K,418.26 K
2019-06-08 18:40:34,3.52 G,43.98 G,89.53 K,384.24 K
2019-06-08 18:40:36,3.52 G,43.98 G,73.14 K,321.41 K
2019-06-08 18:40:38,3.52 G,43.99 G,73.34 K,315.82 K
2019-06-08 18:40:40,3.52 G,43.99 G,74.21 K,326.52 K
2019-06-08 18:40:42,3.52 G,43.99 G,86.70 K,366.97 K
2019-06-08 18:40:44,3.52 G,43.99 G,82.78 K,364.07 K
2019-06-08 18:40:46,3.52 G,43.99 G,84.05 K,359.16 K
2019-06-08 18:40:48,3.52 G,43.99 G,86.65 K,374.01 K
2019-06-08 18:40:50,3.52 G,43.99 G,86.82 K,377.68 K
2019-06-08 18:40:52,3.52 G,43.99 G,87.64 K,387.18 K
2019-06-08 18:40:54,3.52 G,43.99 G,73.82 K,315.25 K
2019-06-08 18:40:56,3.52 G,43.99 G,70.93 K,310.60 K
2019-06-08 18:40:58,3.52 G,43.99 G,79.10 K,344.69 K
2019-06-08 18:41:00,3.52 G,43.99 G,70.82 K,304.83 K
2019-06-08 18:41:02,3.52 G,43.99 G,80.95 K,355.80 K
2019-06-08 18:41:04,3.52 G,43.99 G,69.64 K,302.90 K
2019-06-08 18:41:06,3.52 G,43.99 G,78.88 K,352.92 K
2019-06-08 18:41:08,3.52 G,44.00 G,76.81 K,334.72 K
2019-06-08 18:41:10,3.52 G,44.00 G,79.92 K,353.40 K
2019-06-08 18:41:12,3.52 G,44.00 G,61.34 K,268.31 K
2019-06-08 18:41:14,3.52 G,44.00 G,76.79 K,327.28 K
2019-06-08 18:41:16,3.52 G,44.00 G,77.37 K,334.61 K
2019-06-08 18:41:18,3.52 G,44.00 G,82.12 K,353.61 K
2019-06-08 18:41:20,3.52 G,44.00 G,70.27 K,305.61 K
2019-06-08 18:41:22,3.52 G,44.00 G,71.82 K,307.97 K
2019-06-08 18:41:24,3.52 G,44.00 G,85.45 K,373.71 K
2019-06-08 18:41:26,3.52 G,44.00 G,82.27 K,360.71 K
2019-06-08 18:41:28,3.52 G,44.00 G,68.99 K,297.38 K
2019-06-08 18:41:30,3.52 G,44.00 G,64.67 K,286.02 K
2019-06-08 18:41:32,3.53 G,44.00 G,83.67 K,361.13 K
2019-06-08 18:41:34,3.53 G,44.00 G,74.50 K,316.35 K
2019-06-08 18:41:36,3.53 G,44.00 G,83.78 K,363.00 K
2019-06-08 18:41:38,3.53 G,44.00 G,70.73 K,310.17 K
2019-06-08 18:41:40,3.53 G,44.00 G,74.90 K,316.75 K
2019-06-08 18:41:42,3.53 G,44.01 G,72.96 K,316.20 K
2019-06-08 18:41:45,3.53 G,44.01 G,79.24 K,353.08 K
2019-06-08 18:41:47,3.53 G,44.01 G,73.68 K,326.55 K
2019-06-08 18:41:49,3.53 G,44.01 G,65.36 K,281.51 K
2019-06-08 18:41:51,3.53 G,44.01 G,80.60 K,354.92 K
2019-06-08 18:41:53,3.53 G,44.01 G,88.35 K,382.74 K
2019-06-08 18:41:55,3.53 G,44.01 G,85.67 K,376.80 K
2019-06-08 18:41:57,3.53 G,44.01 G,79.71 K,352.80 K
2019-06-08 18:41:59,3.53 G,44.01 G,78.96 K,342.05 K
2019-06-08 18:42:01,3.53 G,44.01 G,68.51 K,294.57 K
2019-06-08 18:42:03,3.53 G,44.01 G,74.83 K,320.94 K
2019-06-08 18:42:05,3.53 G,44.01 G,75.80 K,336.84 K
2019-06-08 18:42:07,3.53 G,44.01 G,89.62 K,377.17 K
2019-06-08 18:42:09,3.53 G,44.01 G,94.72 K,414.54 K
2019-06-08 18:42:11,3.53 G,44.01 G,85.83 K,374.24 K
2019-06-08 18:42:13,3.53 G,44.02 G,73.45 K,318.86 K
2019-06-08 18:42:15,3.53 G,44.02 G,67.36 K,300.65 K
2019-06-08 18:42:17,3.53 G,44.02 G,81.52 K,357.76 K
2019-06-08 18:42:19,3.53 G,44.02 G,98.09 K,429.89 K
2019-06-08 18:42:21,3.53 G,44.02 G,75.64 K,331.41 K
2019-06-08 18:42:23,3.53 G,44.02 G,81.48 K,349.80 K
2019-06-08 18:42:25,3.53 G,44.02 G,94.34 K,416.84 K
2019-06-08 18:42:27,3.53 G,44.02 G,80.72 K,353.03 K
2019-06-08 18:42:29,3.53 G,44.02 G,93.99 K,406.23 K
2019-06-08 18:42:31,3.53 G,44.02 G,70.63 K,309.97 K
2019-06-08 18:42:33,3.53 G,44.02 G,81.77 K,354.68 K
2019-06-08 18:42:35,3.53 G,44.02 G,75.50 K,331.21 K
2019-06-08 18:42:37,3.53 G,44.02 G,67.73 K,294.53 K
2019-06-08 18:42:39,3.53 G,44.02 G,69.95 K,303.35 K
2019-06-08 18:42:41,3.53 G,44.02 G,88.56 K,379.58 K
2019-06-08 18:42:43,3.53 G,44.03 G,79.23 K,344.85 K
2019-06-08 18:42:45,3.53 G,44.03 G,79.73 K,346.25 K
2019-06-08 18:42:47,3.53 G,44.03 G,81.31 K,350.45 K
2019-06-08 18:42:49,3.53 G,44.03 G,73.99 K,317.90 K
2019-06-08 18:42:51,3.53 G,44.03 G,67.42 K,296.54 K
2019-06-08 18:42:53,3.53 G,44.03 G,67.59 K,292.47 K
2019-06-08 18:42:56,3.53 G,44.03 G,32.00 K,155.72 K
2019-06-08 18:42:58,3.53 G,44.03 G,22.98 K,120.05 K
2019-06-08 18:43:00,3.53 G,44.03 G,29.57 K,149.78 K
2019-06-08 18:43:02,3.53 G,44.03 G,27.44 K,135.69 K
2019-06-08 18:43:04,3.53 G,44.03 G,26.60 K,134.01 K
2019-06-08 18:43:06,3.53 G,44.03 G,31.46 K,154.96 K
2019-06-08 18:43:08,3.53 G,44.03 G,31.25 K,152.50 K
2019-06-08 18:43:10,3.53 G,44.03 G,30.86 K,161.67 K
2019-06-08 18:43:12,3.53 G,44.03 G,33.39 K,158.25 K
2019-06-08 18:43:14,3.53 G,44.03 G,36.38 K,181.94 K
2019-06-08 18:43:16,3.53 G,44.03 G,30.67 K,152.01 K
2019-06-08 18:43:18,3.53 G,44.03 G,30.81 K,149.83 K
2019-06-08 18:43:20,3.53 G,44.03 G,24.93 K,127.95 K
2019-06-08 18:43:22,3.53 G,44.03 G,33.00 K,165.50 K
2019-06-08 18:43:24,3.53 G,44.03 G,26.74 K,136.08 K
2019-06-08 18:43:26,3.53 G,44.03 G,30.75 K,161.84 K
2019-06-08 18:43:28,3.53 G,44.03 G,32.87 K,161.13 K
2019-06-08 18:43:30,3.53 G,44.03 G,26.80 K,137.11 K
2019-06-08 18:43:32,3.53 G,44.03 G,29.65 K,147.08 K
2019-06-08 18:43:34,3.53 G,44.03 G,24.59 K,124.50 K
2019-06-08 18:43:36,3.53 G,44.03 G,34.06 K,170.14 K
2019-06-08 18:43:38,3.53 G,44.04 G,28.54 K,138.97 K
2019-06-08 18:43:40,3.53 G,44.04 G,29.39 K,144.35 K
2019-06-08 18:43:42,3.53 G,44.04 G,31.45 K,152.98 K
2019-06-08 18:43:44,3.53 G,44.04 G,34.57 K,173.24 K
2019-06-08 18:43:46,3.53 G,44.04 G,23.96 K,122.78 K
2019-06-08 18:43:48,3.53 G,44.04 G,26.90 K,136.51 K
2019-06-08 18:43:50,3.53 G,44.04 G,28.22 K,141.42 K
2019-06-08 18:43:52,3.53 G,44.04 G,25.77 K,127.65 K
2019-06-08 18:43:54,3.53 G,44.04 G,35.52 K,172.79 K
2019-06-08 18:43:56,3.53 G,44.04 G,28.89 K,144.49 K
2019-06-08 18:43:58,3.53 G,44.04 G,30.20 K,147.78 K
2019-06-08 18:44:00,3.53 G,44.04 G,32.50 K,152.13 K
2019-06-08 18:44:02,3.53 G,44.04 G,31.39 K,157.72 K
2019-06-08 18:44:04,3.53 G,44.04 G,29.66 K,146.25 K
2019-06-08 18:44:06,3.53 G,44.04 G,32.57 K,155.73 K
2019-06-08 18:44:08,3.53 G,44.04 G,31.91 K,165.10 K
2019-06-08 18:44:10,3.53 G,44.04 G,30.88 K,154.90 K
2019-06-08 18:44:12,3.53 G,44.04 G,32.82 K,157.45 K
2019-06-08 18:44:14,3.53 G,44.04 G,28.29 K,138.57 K
2019-06-08 18:44:16,3.53 G,44.04 G,23.81 K,112.97 K
2019-06-08 18:44:18,3.53 G,44.04 G,30.68 K,159.00 K
2019-06-08 18:44:20,3.53 G,44.04 G,29.58 K,147.11 K
2019-06-08 18:44:22,3.53 G,44.04 G,33.32 K,166.19 K
2019-06-08 18:44:24,3.53 G,44.04 G,28.35 K,134.85 K
2019-06-08 18:44:26,3.53 G,44.04 G,29.64 K,144.72 K
2019-06-08 18:44:28,3.53 G,44.04 G,27.00 K,136.35 K
2019-06-08 18:44:31,3.53 G,44.04 G,34.27 K,172.78 K
2019-06-08 18:44:33,3.53 G,44.04 G,38.71 K,192.11 K
2019-06-08 18:44:35,3.53 G,44.04 G,28.23 K,142.24 K
2019-06-08 18:44:37,3.53 G,44.04 G,31.45 K,152.24 K
2019-06-08 18:44:39,3.53 G,44.04 G,32.63 K,160.26 K
2019-06-08 18:44:41,3.53 G,44.04 G,30.16 K,150.44 K
2019-06-08 18:44:43,3.53 G,44.04 G,25.50 K,128.38 K
2019-06-08 18:44:45,3.53 G,44.04 G,33.86 K,170.25 K
2019-06-08 18:44:47,3.53 G,44.04 G,31.45 K,154.95 K
2019-06-08 18:44:49,3.53 G,44.05 G,32.63 K,167.97 K
2019-06-08 18:44:51,3.53 G,44.05 G,31.39 K,161.53 K
2019-06-08 18:44:53,3.53 G,44.05 G,28.09 K,141.55 K
2019-06-08 18:44:55,3.53 G,44.05 G,33.91 K,165.90 K
2019-06-08 18:44:57,3.53 G,44.05 G,31.21 K,161.41 K
2019-06-08 18:44:59,3.53 G,44.05 G,25.90 K,130.77 K
2019-06-08 18:45:01,3.53 G,44.05 G,36.27 K,185.45 K
2019-06-08 18:45:03,3.53 G,44.05 G,26.29 K,138.70 K
2019-06-08 18:45:05,3.53 G,44.05 G,30.89 K,154.17 K
2019-06-08 18:45:07,3.53 G,44.05 G,24.86 K,123.28 K
2019-06-08 18:45:09,3.54 G,44.05 G,36.57 K,186.59 K
2019-06-08 18:45:11,3.54 G,44.05 G,28.22 K,141.88 K
2019-06-08 18:45:13,3.54 G,44.05 G,40.63 K,545.39 K
2019-06-08 18:45:15,3.54 G,44.05 G,30.81 K,152.84 K
2019-06-08 18:45:17,3.54 G,44.05 G,35.22 K,168.71 K
2019-06-08 18:45:19,3.54 G,44.05 G,27.76 K,138.09 K
2019-06-08 18:45:21,3.54 G,44.05 G,26.87 K,136.66 K
2019-06-08 18:45:23,3.54 G,44.05 G,28.48 K,144.28 K
2019-06-08 18:45:25,3.54 G,44.05 G,25.05 K,127.84 K
2019-06-08 18:45:27,3.54 G,44.05 G,29.59 K,147.16 K
2019-06-08 18:45:29,3.54 G,44.05 G,26.58 K,135.57 K
2019-06-08 18:45:31,3.54 G,44.05 G,28.10 K,142.35 K
2019-06-08 18:45:33,3.54 G,44.05 G,30.16 K,159.59 K
2019-06-08 18:45:35,3.54 G,44.05 G,35.22 K,178.78 K
2019-06-08 18:45:37,3.54 G,44.05 G,25.58 K,128.69 K
2019-06-08 18:45:39,3.54 G,44.05 G,28.36 K,139.51 K
2019-06-08 18:45:41,3.54 G,44.05 G,24.98 K,122.91 K
2019-06-08 18:45:43,3.54 G,44.05 G,25.89 K,118.40 K
2019-06-08 18:45:45,3.54 G,44.05 G,30.29 K,149.64 K
2019-06-08 18:45:47,3.54 G,44.05 G,27.52 K,142.58 K
2019-06-08 18:45:49,3.54 G,44.05 G,35.80 K,180.83 K
2019-06-08 18:45:51,3.54 G,44.05 G,28.15 K,140.99 K
2019-06-08 18:45:53,3.54 G,44.05 G,28.74 K,151.47 K
2019-06-08 18:45:55,3.54 G,44.05 G,26.02 K,131.13 K
2019-06-08 18:45:57,3.54 G,44.06 G,26.67 K,121.28 K
2019-06-08 18:45:59,3.54 G,44.06 G,26.22 K,133.08 K
2019-06-08 18:46:01,3.54 G,44.06 G,28.84 K,156.72 K
2019-06-08 18:46:03,3.54 G,44.06 G,25.05 K,130.71 K
2019-06-08 18:46:05,3.54 G,44.06 G,29.47 K,144.25 K
2019-06-08 18:46:07,3.54 G,44.06 G,30.04 K,150.09 K
2019-06-08 18:46:09,3.54 G,44.06 G,27.71 K,139.46 K
2019-06-08 18:46:11,3.54 G,44.06 G,29.13 K,147.44 K
2019-06-08 18:46:13,3.54 G,44.06 G,25.64 K,130.81 K
2019-06-08 18:46:15,3.54 G,44.06 G,32.69 K,154.75 K
2019-06-08 18:46:17,3.54 G,44.06 G,23.36 K,112.94 K
2019-06-08 18:46:19,3.54 G,44.06 G,30.16 K,149.95 K
2019-06-08 18:46:21,3.54 G,44.06 G,26.86 K,135.51 K
2019-06-08 18:46:23,3.54 G,44.06 G,29.64 K,143.63 K
2019-06-08 18:46:25,3.54 G,44.06 G,30.36 K,162.53 K
2019-06-08 18:46:27,3.54 G,44.06 G,30.16 K,153.90 K
2019-06-08 18:46:29,3.54 G,44.06 G,25.31 K,128.64 K
2019-06-08 18:46:31,3.54 G,44.06 G,31.62 K,155.16 K
2019-06-08 18:46:33,3.54 G,44.06 G,23.89 K,110.82 K
2019-06-08 18:46:35,3.54 G,44.06 G,34.63 K,175.28 K
2019-06-08 18:46:37,3.54 G,44.06 G,28.94 K,144.18 K
2019-06-08 18:46:39,3.54 G,44.06 G,26.22 K,124.30 K
2019-06-08 18:46:41,3.54 G,44.06 G,26.47 K,135.31 K
2019-06-08 18:46:43,3.54 G,44.06 G,29.46 K,153.59 K
2019-06-08 18:46:45,3.54 G,44.06 G,30.68 K,159.30 K
2019-06-08 18:46:47,3.54 G,44.06 G,27.24 K,142.06 K
2019-06-08 18:46:49,3.54 G,44.06 G,27.83 K,139.15 K
2019-06-08 18:46:51,3.54 G,44.06 G,32.38 K,164.13 K
2019-06-08 18:46:53,3.54 G,44.06 G,22.15 K,107.31 K
2019-06-08 18:46:55,3.54 G,44.06 G,26.48 K,126.60 K
2019-06-08 18:46:57,3.54 G,44.06 G,24.22 K,122.20 K
2019-06-08 18:46:59,3.54 G,44.06 G,32.17 K,158.13 K
2019-06-08 18:47:01,3.54 G,44.06 G,24.93 K,137.60 K
2019-06-08 18:47:03,3.54 G,44.06 G,28.93 K,144.48 K
2019-06-08 18:47:05,3.54 G,44.06 G,24.93 K,127.66 K
2019-06-08 18:47:07,3.54 G,44.06 G,25.69 K,128.53 K
2019-06-08 18:47:09,3.54 G,44.06 G,26.66 K,136.34 K
2019-06-08 18:47:11,3.54 G,44.07 G,32.23 K,150.61 K
2019-06-08 18:47:13,3.54 G,44.07 G,27.24 K,139.06 K
2019-06-08 18:47:15,3.54 G,44.07 G,21.30 K,101.95 K
2019-06-08 18:47:17,3.54 G,44.07 G,30.14 K,159.73 K
2019-06-08 18:47:19,3.54 G,44.07 G,30.68 K,152.16 K
2019-06-08 18:47:22,3.54 G,44.07 G,25.64 K,130.30 K
2019-06-08 18:47:24,3.54 G,44.07 G,25.97 K,127.46 K
2019-06-08 18:47:26,3.54 G,44.07 G,32.63 K,161.14 K
2019-06-08 18:47:28,3.54 G,44.07 G,28.87 K,141.74 K
2019-06-08 18:47:30,3.54 G,44.07 G,27.97 K,138.51 K
2019-06-08 18:47:32,3.54 G,44.07 G,31.92 K,157.72 K
2019-06-08 18:47:34,3.54 G,44.07 G,26.93 K,137.01 K
2019-06-08 18:47:36,3.54 G,44.07 G,27.51 K,135.78 K
2019-06-08 18:47:38,3.54 G,44.07 G,26.86 K,131.80 K
2019-06-08 18:47:40,3.54 G,44.07 G,19.61 K,93.76 K
2019-06-08 18:47:42,3.54 G,44.07 G,30.75 K,149.36 K
2019-06-08 18:47:44,3.54 G,44.07 G,32.29 K,167.81 K
2019-06-08 18:47:46,3.54 G,44.07 G,29.71 K,151.15 K
2019-06-08 18:47:48,3.54 G,44.07 G,30.04 K,149.28 K
2019-06-08 18:47:50,3.54 G,44.07 G,30.81 K,149.68 K
2019-06-08 18:47:52,3.54 G,44.07 G,29.72 K,147.23 K
2019-06-08 18:47:54,3.54 G,44.07 G,24.98 K,121.07 K
2019-06-08 18:47:58,3.54 G,44.07 G,77.92 K,349.79 K
2019-06-08 18:48:00,3.54 G,44.07 G,102.24 K,453.44 K
2019-06-08 18:48:02,3.54 G,44.07 G,90.77 K,406.75 K
2019-06-08 18:48:04,3.54 G,44.07 G,75.61 K,334.46 K
2019-06-08 18:48:06,3.54 G,44.07 G,79.03 K,359.66 K
2019-06-08 18:48:08,3.54 G,44.08 G,72.82 K,331.37 K
2019-06-08 18:48:10,3.54 G,44.08 G,97.48 K,437.95 K
2019-06-08 18:48:12,3.54 G,44.08 G,94.88 K,413.31 K
2019-06-08 18:48:15,3.54 G,44.08 G,78.43 K,367.48 K
2019-06-08 18:48:17,3.54 G,44.08 G,73.51 K,341.92 K
2019-06-08 18:48:19,3.54 G,44.08 G,7.14 K,31.52 K
2019-06-08 18:48:21,3.54 G,44.08 G,63.12 K,322.42 K
2019-06-08 18:48:23,3.54 G,44.08 G,75.68 K,342.24 K
2019-06-08 18:48:25,3.54 G,44.08 G,69.95 K,320.04 K
2019-06-08 18:48:28,3.54 G,44.08 G,176.13 K,868.04 K
2019-06-08 18:48:30,3.54 G,44.08 G,79.68 K,381.16 K
2019-06-08 18:48:32,3.54 G,44.08 G,79.76 K,415.24 K
2019-06-08 18:48:34,3.54 G,44.08 G,71.27 K,365.90 K
2019-06-08 18:48:36,3.54 G,44.09 G,88.62 K,465.90 K
2019-06-08 18:48:38,3.54 G,44.09 G,70.38 K,339.17 K
2019-06-08 18:48:40,3.54 G,44.09 G,81.71 K,425.77 K
2019-06-08 18:48:42,3.54 G,44.09 G,87.67 K,421.23 K
2019-06-08 18:48:44,3.54 G,44.09 G,97.10 K,483.03 K
2019-06-08 18:48:46,3.54 G,44.09 G,70.63 K,359.44 K
2019-06-08 18:48:48,3.54 G,44.09 G,102.92 K,491.95 K
2019-06-08 18:48:50,3.54 G,44.09 G,85.50 K,448.95 K
2019-06-08 18:48:52,3.54 G,44.09 G,83.62 K,416.22 K
2019-06-08 18:48:54,3.54 G,44.09 G,178.75 K,903.57 K
2019-06-08 18:48:56,3.54 G,44.10 G,164.88 K,842.35 K
2019-06-08 18:48:58,3.54 G,44.10 G,92.32 K,455.59 K
2019-06-08 18:49:00,3.54 G,44.10 G,66.59 K,318.18 K
2019-06-08 18:49:02,3.55 G,44.10 G,87.88 K,435.01 K
2019-06-08 18:49:04,3.55 G,44.10 G,84.01 K,439.78 K
2019-06-08 18:49:06,3.55 G,44.10 G,84.63 K,445.87 K
2019-06-08 18:49:08,3.55 G,44.10 G,140.11 K,749.04 K
2019-06-08 18:49:10,3.55 G,44.10 G,64.95 K,309.17 K
2019-06-08 18:49:12,3.55 G,44.10 G,83.63 K,419.30 K
2019-06-08 18:49:14,3.55 G,44.10 G,131.91 K,713.77 K
2019-06-08 18:49:16,3.55 G,44.10 G,121.21 K,621.30 K
2019-06-08 18:49:18,3.55 G,44.11 G,83.53 K,414.94 K
2019-06-08 18:49:20,3.55 G,44.11 G,87.80 K,463.06 K
2019-06-08 18:49:22,3.55 G,44.11 G,85.16 K,428.62 K
2019-06-08 18:49:24,3.55 G,44.11 G,124.10 K,662.02 K
2019-06-08 18:49:26,3.55 G,44.11 G,104.52 K,531.91 K
2019-06-08 18:49:28,3.55 G,44.11 G,98.24 K,499.17 K
2019-06-08 18:49:31,3.55 G,44.11 G,80.53 K,400.73 K
2019-06-08 18:49:33,3.55 G,44.11 G,68.79 K,338.51 K
2019-06-08 18:49:35,3.55 G,44.11 G,89.13 K,447.56 K
2019-06-08 18:49:37,3.55 G,44.11 G,48.19 K,236.67 K
2019-06-08 18:49:41,3.55 G,44.11 G,84.72 K,397.78 K
2019-06-08 18:49:43,3.55 G,44.11 G,71.23 K,336.45 K
2019-06-08 18:49:45,3.55 G,44.12 G,83.76 K,394.07 K
2019-06-08 18:49:47,3.55 G,44.12 G,66.51 K,321.95 K
2019-06-08 18:49:49,3.55 G,44.12 G,66.94 K,330.12 K
2019-06-08 18:49:51,3.55 G,44.12 G,76.33 K,353.45 K
2019-06-08 18:49:53,3.55 G,44.12 G,77.93 K,364.68 K
2019-06-08 18:49:55,3.55 G,44.12 G,58.61 K,274.90 K
2019-06-08 18:49:59,3.55 G,44.12 G,79.14 K,356.35 K
2019-06-08 18:50:02,3.55 G,44.12 G,189.04 K,892.51 K
2019-06-08 18:50:04,3.55 G,44.12 G,162.91 K,762.21 K
2019-06-08 18:50:06,3.55 G,44.12 G,88.02 K,399.86 K
2019-06-08 18:50:08,3.55 G,44.12 G,61.26 K,285.17 K
2019-06-08 18:50:10,3.55 G,44.13 G,175.32 K,824.62 K
2019-06-08 18:50:12,3.55 G,44.13 G,198.39 K,911.54 K
2019-06-08 18:50:14,3.55 G,44.13 G,278.18 K,1.27 M
2019-06-08 18:50:16,3.55 G,44.13 G,15.78 K,48.08 K
2019-06-08 18:50:18,3.55 G,44.13 G,49.85 K,227.23 K
2019-06-08 18:50:20,3.55 G,44.13 G,52.67 K,242.45 K
2019-06-08 18:50:22,3.55 G,44.13 G,53.79 K,247.23 K
2019-06-08 18:50:24,3.55 G,44.13 G,858.00 B,6.48 K
2019-06-08 18:50:26,3.55 G,44.13 G,13.57 K,58.80 K
2019-06-08 18:50:28,3.55 G,44.13 G,94.25 K,438.12 K
2019-06-08 18:50:30,3.55 G,44.13 G,66.21 K,307.27 K
2019-06-08 18:50:32,3.55 G,44.13 G,77.43 K,399.88 K
2019-06-08 18:50:34,3.55 G,44.14 G,140.28 K,643.92 K
2019-06-08 18:50:36,3.55 G,44.14 G,81.47 K,362.42 K
2019-06-08 18:50:38,3.55 G,44.14 G,147.00 K,686.11 K
2019-06-08 18:50:40,3.55 G,44.14 G,64.55 K,295.63 K
2019-06-08 18:50:42,3.55 G,44.14 G,128.08 K,595.15 K
2019-06-08 18:50:44,3.55 G,44.14 G,116.56 K,558.77 K
2019-06-08 18:50:46,3.55 G,44.14 G,82.81 K,419.16 K
2019-06-08 18:50:48,3.55 G,44.14 G,141.51 K,652.52 K
2019-06-08 18:50:50,3.55 G,44.14 G,20.93 K,103.67 K
2019-06-08 18:50:52,3.55 G,44.14 G,74.98 K,352.21 K
2019-06-08 18:50:55,3.55 G,44.15 G,78.45 K,383.37 K
2019-06-08 18:50:57,3.55 G,44.15 G,74.51 K,338.86 K
2019-06-08 18:50:59,3.55 G,44.15 G,76.36 K,358.12 K
2019-06-08 18:51:01,3.56 G,44.15 G,69.77 K,336.71 K
2019-06-08 18:51:03,3.56 G,44.15 G,82.24 K,376.92 K
2019-06-08 18:51:05,3.56 G,44.15 G,90.16 K,414.39 K
2019-06-08 18:51:07,3.56 G,44.15 G,82.26 K,400.75 K
2019-06-08 18:51:09,3.56 G,44.15 G,73.68 K,342.07 K
2019-06-08 18:51:11,3.56 G,44.15 G,81.36 K,374.85 K
2019-06-08 18:51:13,3.56 G,44.15 G,83.26 K,387.77 K
2019-06-08 18:51:15,3.56 G,44.15 G,90.42 K,431.71 K
2019-06-08 18:51:18,3.56 G,44.15 G,70.81 K,312.81 K
2019-06-08 18:51:20,3.56 G,44.15 G,70.57 K,313.92 K
2019-06-08 18:51:22,3.56 G,44.15 G,55.05 K,245.75 K
2019-06-08 18:51:24,3.56 G,44.15 G,58.72 K,256.04 K
2019-06-08 18:51:26,3.56 G,44.16 G,77.93 K,344.31 K
2019-06-08 18:51:28,3.56 G,44.16 G,73.73 K,325.51 K
2019-06-08 18:51:30,3.56 G,44.16 G,63.20 K,280.50 K
2019-06-08 18:51:32,3.56 G,44.16 G,65.00 K,290.16 K
2019-06-08 18:51:34,3.56 G,44.16 G,51.81 K,227.37 K
2019-06-08 18:51:36,3.56 G,44.16 G,75.38 K,336.13 K
2019-06-08 18:51:38,3.56 G,44.16 G,69.11 K,314.90 K
2019-06-08 18:51:40,3.56 G,44.16 G,73.62 K,322.62 K
2019-06-08 18:51:42,3.56 G,44.16 G,73.98 K,336.06 K
2019-06-08 18:51:44,3.56 G,44.16 G,66.19 K,284.50 K
2019-06-08 18:51:46,3.56 G,44.16 G,61.02 K,277.85 K
2019-06-08 18:51:48,3.56 G,44.16 G,69.95 K,313.41 K
2019-06-08 18:51:50,3.56 G,44.16 G,62.38 K,273.44 K
2019-06-08 18:51:52,3.56 G,44.16 G,81.68 K,364.53 K
2019-06-08 18:51:54,3.56 G,44.16 G,74.96 K,334.74 K
2019-06-08 18:51:56,3.56 G,44.16 G,70.77 K,316.33 K
2019-06-08 18:51:58,3.56 G,44.16 G,54.86 K,249.01 K
2019-06-08 18:52:00,3.56 G,44.17 G,76.14 K,333.21 K
2019-06-08 18:52:02,3.56 G,44.17 G,50.32 K,220.20 K
2019-06-08 18:52:04,3.56 G,44.17 G,60.40 K,269.62 K
2019-06-08 18:52:06,3.56 G,44.17 G,73.19 K,321.88 K
2019-06-08 18:52:08,3.56 G,44.17 G,84.54 K,370.58 K
2019-06-08 18:52:10,3.56 G,44.17 G,69.94 K,313.03 K
2019-06-08 18:52:12,3.56 G,44.17 G,66.86 K,296.91 K
2019-06-08 18:52:14,3.56 G,44.17 G,65.96 K,296.09 K
2019-06-08 18:52:16,3.56 G,44.17 G,58.29 K,260.90 K
2019-06-08 18:52:18,3.56 G,44.17 G,86.90 K,376.15 K
2019-06-08 18:52:20,3.56 G,44.17 G,69.87 K,304.97 K
2019-06-08 18:52:22,3.56 G,44.17 G,77.61 K,330.88 K
2019-06-08 18:52:26,3.56 G,44.17 G,78.52 K,358.77 K
2019-06-08 18:52:29,3.56 G,44.17 G,61.57 K,283.24 K
2019-06-08 18:52:31,3.56 G,44.17 G,69.28 K,312.96 K
2019-06-08 18:52:34,3.56 G,44.17 G,68.94 K,296.28 K
2019-06-08 18:52:36,3.56 G,44.18 G,73.73 K,304.19 K
2019-06-08 18:52:38,3.56 G,44.18 G,77.63 K,335.02 K
2019-06-08 18:52:40,3.56 G,44.18 G,88.90 K,390.05 K
2019-06-08 18:52:42,3.56 G,44.18 G,71.02 K,308.45 K
2019-06-08 18:52:44,3.56 G,44.18 G,94.48 K,407.76 K
2019-06-08 18:52:46,3.56 G,44.18 G,78.87 K,344.80 K
2019-06-08 18:52:48,3.56 G,44.18 G,94.88 K,401.11 K
2019-06-08 18:52:50,3.56 G,44.18 G,79.35 K,347.29 K
2019-06-08 18:52:53,3.56 G,44.18 G,66.18 K,292.17 K
2019-06-08 18:52:55,3.56 G,44.18 G,72.53 K,311.14 K
2019-06-08 18:52:57,3.56 G,44.18 G,84.07 K,361.50 K
2019-06-08 18:52:59,3.56 G,44.18 G,78.62 K,334.82 K
2019-06-08 18:53:01,3.56 G,44.18 G,74.53 K,331.07 K
2019-06-08 18:53:03,3.56 G,44.18 G,85.31 K,377.05 K
2019-06-08 18:53:05,3.56 G,44.18 G,80.96 K,351.24 K
2019-06-08 18:53:07,3.56 G,44.19 G,90.92 K,393.35 K
2019-06-08 18:53:09,3.56 G,44.19 G,72.28 K,318.54 K
2019-06-08 18:53:11,3.56 G,44.19 G,96.86 K,426.69 K
2019-06-08 18:53:13,3.56 G,44.19 G,77.25 K,328.96 K
2019-06-08 18:53:15,3.56 G,44.19 G,87.65 K,384.23 K
2019-06-08 18:53:17,3.56 G,44.19 G,72.92 K,318.67 K
2019-06-08 18:53:19,3.56 G,44.19 G,83.75 K,361.31 K
2019-06-08 18:53:21,3.56 G,44.19 G,96.46 K,417.03 K
2019-06-08 18:53:23,3.56 G,44.19 G,91.74 K,399.09 K
2019-06-08 18:53:25,3.57 G,44.19 G,76.62 K,333.76 K
2019-06-08 18:53:27,3.57 G,44.19 G,91.55 K,401.38 K
2019-06-08 18:53:29,3.57 G,44.19 G,86.14 K,379.87 K
2019-06-08 18:53:31,3.57 G,44.19 G,78.31 K,345.77 K
2019-06-08 18:53:33,3.57 G,44.19 G,75.49 K,325.65 K
2019-06-08 18:53:35,3.57 G,44.20 G,86.92 K,376.96 K
2019-06-08 18:53:37,3.57 G,44.20 G,88.67 K,385.47 K
2019-06-08 18:53:39,3.57 G,44.20 G,97.29 K,419.57 K
2019-06-08 18:53:41,3.57 G,44.20 G,90.31 K,387.12 K
2019-06-08 18:53:43,3.57 G,44.20 G,85.69 K,376.07 K
2019-06-08 18:53:45,3.57 G,44.20 G,85.48 K,371.73 K
2019-06-08 18:53:47,3.57 G,44.20 G,88.46 K,385.02 K
2019-06-08 18:53:49,3.57 G,44.20 G,64.71 K,284.15 K
2019-06-08 18:53:51,3.57 G,44.20 G,83.95 K,365.81 K
2019-06-08 18:53:53,3.57 G,44.20 G,94.91 K,411.99 K
2019-06-08 18:53:55,3.57 G,44.20 G,95.56 K,409.63 K
2019-06-08 18:53:57,3.57 G,44.20 G,85.15 K,373.68 K
2019-06-08 18:53:59,3.57 G,44.20 G,87.98 K,387.39 K
2019-06-08 18:54:01,3.57 G,44.21 G,102.77 K,442.68 K
2019-06-08 18:54:03,3.57 G,44.21 G,128.73 K,555.24 K
2019-06-08 18:54:05,3.57 G,44.21 G,84.13 K,366.32 K
2019-06-08 18:54:07,3.57 G,44.21 G,79.62 K,347.51 K
2019-06-08 18:54:09,3.57 G,44.21 G,87.54 K,376.77 K
2019-06-08 18:54:11,3.57 G,44.21 G,81.21 K,350.34 K
2019-06-08 18:54:13,3.57 G,44.21 G,89.19 K,382.59 K
2019-06-08 18:54:15,3.57 G,44.21 G,94.25 K,410.50 K
2019-06-08 18:54:17,3.57 G,44.21 G,98.03 K,423.27 K
2019-06-08 18:54:19,3.57 G,44.21 G,96.51 K,422.20 K
2019-06-08 18:54:21,3.57 G,44.21 G,98.58 K,422.88 K
2019-06-08 18:54:23,3.57 G,44.21 G,89.21 K,390.03 K
2019-06-08 18:54:25,3.57 G,44.21 G,93.55 K,422.01 K
2019-06-08 18:54:27,3.57 G,44.21 G,84.92 K,369.46 K
2019-06-08 18:54:29,3.57 G,44.22 G,75.47 K,315.69 K
2019-06-08 18:54:31,3.57 G,44.22 G,102.35 K,438.72 K
2019-06-08 18:54:33,3.57 G,44.22 G,104.48 K,451.42 K
2019-06-08 18:54:35,3.57 G,44.22 G,94.03 K,403.28 K
2019-06-08 18:54:37,3.57 G,44.22 G,89.00 K,396.13 K
2019-06-08 18:54:39,3.57 G,44.22 G,92.98 K,401.50 K
2019-06-08 18:54:41,3.57 G,44.22 G,76.39 K,326.09 K
2019-06-08 18:54:43,3.57 G,44.22 G,103.78 K,450.94 K
2019-06-08 18:54:45,3.57 G,44.22 G,67.38 K,291.88 K
2019-06-08 18:54:47,3.57 G,44.22 G,94.29 K,404.07 K
2019-06-08 18:54:49,3.57 G,44.22 G,99.63 K,433.52 K
2019-06-08 18:54:51,3.57 G,44.22 G,90.01 K,395.79 K
2019-06-08 18:54:53,3.57 G,44.22 G,89.75 K,390.49 K
2019-06-08 18:54:55,3.57 G,44.23 G,70.96 K,304.97 K
2019-06-08 18:54:57,3.57 G,44.23 G,84.86 K,361.39 K
2019-06-08 18:54:59,3.57 G,44.23 G,79.12 K,341.93 K
2019-06-08 18:55:01,3.57 G,44.23 G,93.81 K,409.43 K
2019-06-08 18:55:03,3.57 G,44.23 G,81.02 K,344.83 K
2019-06-08 18:55:05,3.57 G,44.23 G,68.51 K,299.98 K
2019-06-08 18:55:07,3.57 G,44.23 G,89.81 K,390.11 K
2019-06-08 18:55:09,3.57 G,44.23 G,73.35 K,320.90 K
2019-06-08 18:55:11,3.57 G,44.23 G,89.17 K,389.67 K
2019-06-08 18:55:13,3.57 G,44.23 G,73.40 K,323.40 K
2019-06-08 18:55:15,3.57 G,44.23 G,79.30 K,335.44 K
2019-06-08 18:55:17,3.57 G,44.23 G,97.31 K,424.30 K
2019-06-08 18:55:19,3.57 G,44.23 G,98.82 K,435.92 K
2019-06-08 18:55:21,3.57 G,44.23 G,93.34 K,408.93 K
2019-06-08 18:55:23,3.58 G,44.24 G,83.17 K,363.73 K
2019-06-08 18:55:25,3.58 G,44.24 G,100.95 K,429.91 K
2019-06-08 18:55:27,3.58 G,44.24 G,89.30 K,392.51 K
2019-06-08 18:55:29,3.58 G,44.24 G,86.52 K,377.16 K
2019-06-08 18:55:31,3.58 G,44.24 G,99.96 K,429.78 K
2019-06-08 18:55:33,3.58 G,44.24 G,89.73 K,389.91 K
2019-06-08 18:55:35,3.58 G,44.24 G,95.25 K,406.14 K
2019-06-08 18:55:37,3.58 G,44.24 G,87.67 K,377.46 K
2019-06-08 18:55:39,3.58 G,44.24 G,79.34 K,336.49 K
2019-06-08 18:55:41,3.58 G,44.24 G,70.90 K,305.43 K
2019-06-08 18:55:43,3.58 G,44.24 G,82.62 K,363.42 K
2019-06-08 18:55:45,3.58 G,44.24 G,84.88 K,369.00 K
2019-06-08 18:55:47,3.58 G,44.24 G,82.03 K,365.98 K
2019-06-08 18:55:49,3.58 G,44.25 G,95.62 K,427.57 K
2019-06-08 18:55:51,3.58 G,44.25 G,93.42 K,404.71 K
2019-06-08 18:55:54,3.58 G,44.25 G,85.65 K,381.99 K
2019-06-08 18:55:56,3.58 G,44.25 G,90.88 K,395.48 K
2019-06-08 18:55:58,3.58 G,44.25 G,78.71 K,342.41 K
2019-06-08 18:56:00,3.58 G,44.25 G,102.51 K,443.58 K
2019-06-08 18:56:02,3.58 G,44.25 G,87.98 K,384.39 K
2019-06-08 18:56:04,3.58 G,44.25 G,103.83 K,448.26 K
2019-06-08 18:56:06,3.58 G,44.25 G,78.93 K,342.16 K
2019-06-08 18:56:08,3.58 G,44.25 G,87.24 K,377.75 K
2019-06-08 18:56:10,3.58 G,44.25 G,77.80 K,331.80 K
2019-06-08 18:56:12,3.58 G,44.25 G,89.50 K,390.32 K
2019-06-08 18:56:14,3.58 G,44.25 G,89.14 K,379.64 K
2019-06-08 18:56:16,3.58 G,44.25 G,66.27 K,291.82 K
2019-06-08 18:56:18,3.58 G,44.26 G,77.60 K,335.16 K
2019-06-08 18:56:20,3.58 G,44.26 G,71.73 K,313.56 K
2019-06-08 18:56:22,3.58 G,44.26 G,83.56 K,366.41 K
2019-06-08 18:56:24,3.58 G,44.26 G,105.77 K,458.98 K
2019-06-08 18:56:26,3.58 G,44.26 G,89.95 K,390.19 K
2019-06-08 18:56:28,3.58 G,44.26 G,85.67 K,368.67 K
2019-06-08 18:56:30,3.58 G,44.26 G,78.34 K,339.60 K
2019-06-08 18:56:32,3.58 G,44.26 G,77.33 K,337.02 K
2019-06-08 18:56:34,3.58 G,44.26 G,77.61 K,330.86 K
2019-06-08 18:56:36,3.58 G,44.26 G,84.74 K,368.62 K
2019-06-08 18:56:38,3.58 G,44.26 G,95.43 K,408.91 K
2019-06-08 18:56:40,3.58 G,44.26 G,79.93 K,339.91 K
2019-06-08 18:56:42,3.58 G,44.26 G,95.86 K,408.92 K
2019-06-08 18:56:44,3.58 G,44.26 G,89.91 K,385.77 K
2019-06-08 18:56:46,3.58 G,44.27 G,87.52 K,381.90 K
2019-06-08 18:56:48,3.58 G,44.27 G,91.00 K,402.92 K
2019-06-08 18:56:50,3.58 G,44.27 G,74.81 K,319.39 K
2019-06-08 18:56:52,3.58 G,44.27 G,87.83 K,382.28 K
2019-06-08 18:56:54,3.58 G,44.27 G,86.42 K,376.31 K
2019-06-08 18:56:56,3.58 G,44.27 G,73.55 K,321.38 K
2019-06-08 18:56:58,3.58 G,44.27 G,100.91 K,437.32 K
2019-06-08 18:57:00,3.58 G,44.27 G,111.02 K,485.89 K
2019-06-08 18:57:02,3.58 G,44.27 G,95.35 K,414.11 K
2019-06-08 18:57:04,3.58 G,44.27 G,97.90 K,428.14 K
2019-06-08 18:57:06,3.58 G,44.27 G,87.92 K,377.06 K
2019-06-08 18:57:08,3.58 G,44.27 G,94.15 K,408.41 K
2019-06-08 18:57:10,3.58 G,44.27 G,86.51 K,376.61 K
2019-06-08 18:57:12,3.58 G,44.28 G,92.47 K,376.45 K
2019-06-08 18:57:14,3.58 G,44.28 G,96.77 K,418.68 K
2019-06-08 18:57:16,3.58 G,44.28 G,106.73 K,464.77 K
2019-06-08 18:57:18,3.58 G,44.28 G,82.42 K,355.16 K
2019-06-08 18:57:20,3.58 G,44.28 G,75.07 K,330.95 K
2019-06-08 18:57:22,3.59 G,44.28 G,87.18 K,382.12 K
2019-06-08 18:57:24,3.59 G,44.28 G,97.97 K,427.36 K
2019-06-08 18:57:26,3.59 G,44.28 G,101.58 K,440.19 K
2019-06-08 18:57:28,3.59 G,44.28 G,95.92 K,424.75 K
2019-06-08 18:57:30,3.59 G,44.28 G,93.29 K,394.87 K
2019-06-08 18:57:32,3.59 G,44.28 G,82.44 K,350.75 K
2019-06-08 18:57:35,3.59 G,44.28 G,85.61 K,393.14 K
2019-06-08 18:57:38,3.59 G,44.28 G,75.18 K,348.73 K
2019-06-08 18:57:40,3.59 G,44.29 G,57.92 K,268.49 K
2019-06-08 18:57:42,3.59 G,44.29 G,82.89 K,397.23 K
2019-06-08 18:57:44,3.59 G,44.29 G,85.51 K,389.30 K
2019-06-08 18:57:46,3.59 G,44.29 G,66.86 K,312.86 K
2019-06-08 18:57:48,3.59 G,44.29 G,104.83 K,517.27 K
2019-06-08 18:57:50,3.59 G,44.29 G,89.78 K,433.30 K
2019-06-08 18:57:52,3.59 G,44.29 G,66.09 K,306.39 K
2019-06-08 18:57:54,3.59 G,44.29 G,62.66 K,298.83 K
2019-06-08 18:57:56,3.59 G,44.29 G,70.57 K,343.18 K
2019-06-08 18:57:58,3.59 G,44.29 G,70.94 K,336.50 K
2019-06-08 18:58:00,3.59 G,44.29 G,77.11 K,350.35 K
2019-06-08 18:58:02,3.59 G,44.29 G,105.21 K,505.49 K
2019-06-08 18:58:04,3.59 G,44.29 G,88.21 K,428.91 K
2019-06-08 18:58:06,3.59 G,44.30 G,75.66 K,358.64 K
2019-06-08 18:58:08,3.59 G,44.30 G,82.16 K,377.34 K
2019-06-08 18:58:10,3.59 G,44.30 G,82.98 K,398.50 K
2019-06-08 18:58:12,3.59 G,44.30 G,74.96 K,351.18 K
2019-06-08 18:58:14,3.59 G,44.30 G,84.61 K,391.86 K
2019-06-08 18:58:16,3.59 G,44.30 G,83.90 K,410.86 K
2019-06-08 18:58:18,3.59 G,44.30 G,98.03 K,460.92 K
2019-06-08 18:58:20,3.59 G,44.30 G,63.53 K,289.37 K
2019-06-08 18:58:22,3.59 G,44.30 G,79.64 K,368.54 K
2019-06-08 18:58:27,3.59 G,44.30 G,93.42 K,449.92 K
2019-06-08 18:58:29,3.59 G,44.30 G,103.63 K,491.58 K
2019-06-08 18:58:31,3.59 G,44.30 G,99.70 K,463.67 K
2019-06-08 18:58:34,3.59 G,44.31 G,103.90 K,486.27 K
2019-06-08 18:58:36,3.59 G,44.31 G,118.31 K,558.02 K
2019-06-08 18:58:38,3.59 G,44.31 G,133.08 K,620.04 K
2019-06-08 18:58:40,3.59 G,44.31 G,122.31 K,571.83 K
2019-06-08 18:58:42,3.59 G,44.31 G,109.04 K,514.18 K
2019-06-08 18:58:44,3.59 G,44.31 G,122.00 K,573.53 K
2019-06-08 18:58:46,3.59 G,44.31 G,101.44 K,464.29 K
2019-06-08 18:58:48,3.59 G,44.31 G,99.91 K,472.52 K
2019-06-08 18:58:50,3.59 G,44.31 G,98.55 K,456.67 K
2019-06-08 18:58:54,3.59 G,44.31 G,122.31 K,571.81 K
2019-06-08 18:58:56,3.59 G,44.32 G,85.81 K,392.96 K
2019-06-08 18:58:58,3.59 G,44.32 G,98.97 K,454.25 K
2019-06-08 18:59:00,3.59 G,44.32 G,95.93 K,455.03 K
2019-06-08 18:59:02,3.59 G,44.32 G,94.87 K,456.73 K
2019-06-08 18:59:04,3.59 G,44.32 G,92.49 K,443.73 K
2019-06-08 18:59:06,3.59 G,44.32 G,113.79 K,535.96 K
2019-06-08 18:59:10,3.59 G,44.32 G,69.73 K,326.91 K
2019-06-08 18:59:13,3.59 G,44.32 G,81.26 K,369.50 K
2019-06-08 18:59:15,3.59 G,44.32 G,76.03 K,333.96 K
2019-06-08 18:59:17,3.59 G,44.32 G,74.80 K,330.47 K
2019-06-08 18:59:19,3.59 G,44.32 G,76.73 K,344.20 K
2019-06-08 18:59:21,3.59 G,44.32 G,91.30 K,398.08 K
2019-06-08 18:59:23,3.60 G,44.33 G,86.77 K,398.66 K
2019-06-08 18:59:25,3.60 G,44.33 G,77.21 K,335.80 K
2019-06-08 18:59:27,3.60 G,44.33 G,90.92 K,387.19 K
2019-06-08 18:59:29,3.60 G,44.33 G,71.57 K,314.15 K
2019-06-08 18:59:31,3.60 G,44.33 G,87.11 K,379.10 K
2019-06-08 18:59:33,3.60 G,44.33 G,70.99 K,320.03 K
2019-06-08 18:59:35,3.60 G,44.33 G,85.23 K,374.57 K
2019-06-08 18:59:37,3.60 G,44.33 G,85.17 K,379.21 K
2019-06-08 18:59:39,3.60 G,44.33 G,97.78 K,425.18 K
2019-06-08 18:59:41,3.60 G,44.33 G,97.65 K,420.51 K
2019-06-08 18:59:43,3.60 G,44.33 G,84.45 K,360.35 K
2019-06-08 18:59:45,3.60 G,44.33 G,86.00 K,385.01 K
2019-06-08 18:59:47,3.60 G,44.33 G,93.07 K,401.00 K
2019-06-08 18:59:49,3.60 G,44.33 G,88.25 K,381.72 K
2019-06-08 18:59:51,3.60 G,44.34 G,78.02 K,344.24 K
2019-06-08 18:59:53,3.60 G,44.34 G,98.59 K,426.00 K
2019-06-08 18:59:55,3.60 G,44.34 G,89.96 K,398.06 K
2019-06-08 18:59:57,3.60 G,44.34 G,90.40 K,407.29 K
2019-06-08 18:59:59,3.60 G,44.34 G,82.46 K,366.13 K
2019-06-08 19:00:01,3.60 G,44.34 G,86.56 K,384.41 K
2019-06-08 19:00:03,3.60 G,44.34 G,79.02 K,343.99 K
2019-06-08 19:00:05,3.60 G,44.34 G,84.25 K,365.59 K
2019-06-08 19:00:07,3.60 G,44.34 G,99.27 K,437.15 K
2019-06-08 19:00:09,3.60 G,44.34 G,81.73 K,357.76 K
2019-06-08 19:00:11,3.60 G,44.34 G,106.87 K,477.64 K
2019-06-08 19:00:13,3.60 G,44.34 G,100.57 K,431.07 K
2019-06-08 19:00:15,3.60 G,44.34 G,71.01 K,301.43 K
2019-06-08 19:00:17,3.60 G,44.35 G,34.36 K,144.48 K
2019-06-08 19:00:20,3.60 G,44.35 G,45.75 K,204.75 K
2019-06-08 19:00:22,3.60 G,44.35 G,76.43 K,333.55 K
2019-06-08 19:00:24,3.60 G,44.35 G,98.62 K,444.96 K
2019-06-08 19:00:26,3.60 G,44.35 G,74.42 K,318.91 K
2019-06-08 19:00:28,3.60 G,44.35 G,37.46 K,175.28 K
2019-06-08 19:00:30,3.60 G,44.35 G,77.14 K,340.96 K
2019-06-08 19:00:32,3.60 G,44.35 G,85.72 K,371.22 K
2019-06-08 19:00:34,3.60 G,44.35 G,84.22 K,376.40 K
2019-06-08 19:00:36,3.60 G,44.35 G,71.46 K,319.99 K
2019-06-08 19:00:38,3.60 G,44.35 G,84.26 K,373.78 K
2019-06-08 19:00:40,3.60 G,44.35 G,68.33 K,293.25 K
2019-06-08 19:00:42,3.60 G,44.35 G,105.68 K,472.89 K
2019-06-08 19:00:44,3.60 G,44.35 G,73.45 K,324.79 K
2019-06-08 19:00:46,3.60 G,44.35 G,85.08 K,388.17 K
2019-06-08 19:00:48,3.60 G,44.36 G,97.99 K,422.99 K
2019-06-08 19:00:50,3.60 G,44.36 G,61.49 K,256.88 K
2019-06-08 19:00:53,3.60 G,44.36 G,81.64 K,383.84 K
2019-06-08 19:00:55,3.60 G,44.36 G,79.44 K,372.11 K
2019-06-08 19:00:57,3.60 G,44.36 G,57.00 K,258.41 K
2019-06-08 19:00:59,3.60 G,44.36 G,80.41 K,378.88 K
2019-06-08 19:01:01,3.60 G,44.36 G,72.86 K,353.91 K
2019-06-08 19:01:03,3.60 G,44.36 G,75.09 K,346.96 K
2019-06-08 19:01:05,3.60 G,44.36 G,88.13 K,423.70 K
2019-06-08 19:01:07,3.60 G,44.36 G,68.21 K,330.60 K
2019-06-08 19:01:09,3.60 G,44.36 G,70.27 K,329.38 K
2019-06-08 19:01:11,3.60 G,44.36 G,85.08 K,407.12 K
2019-06-08 19:01:13,3.60 G,44.36 G,74.11 K,352.01 K
2019-06-08 19:01:15,3.60 G,44.36 G,70.06 K,346.53 K
2019-06-08 19:01:17,3.60 G,44.36 G,76.79 K,362.99 K
2019-06-08 19:01:19,3.60 G,44.37 G,69.08 K,347.22 K
2019-06-08 19:01:21,3.60 G,44.37 G,67.45 K,322.75 K
2019-06-08 19:01:23,3.60 G,44.37 G,79.40 K,369.54 K
2019-06-08 19:01:25,3.60 G,44.37 G,70.77 K,339.59 K
2019-06-08 19:01:27,3.60 G,44.37 G,72.82 K,342.44 K
2019-06-08 19:01:29,3.60 G,44.37 G,79.48 K,366.80 K
2019-06-08 19:01:31,3.60 G,44.37 G,76.47 K,358.76 K
2019-06-08 19:01:33,3.60 G,44.37 G,71.75 K,360.53 K
2019-06-08 19:01:35,3.60 G,44.37 G,72.15 K,334.53 K
2019-06-08 19:01:37,3.61 G,44.37 G,66.91 K,318.69 K
2019-06-08 19:01:39,3.61 G,44.37 G,69.47 K,335.22 K
2019-06-08 19:01:41,3.61 G,44.37 G,83.41 K,380.83 K
2019-06-08 19:01:43,3.61 G,44.37 G,67.39 K,316.10 K
2019-06-08 19:01:45,3.61 G,44.37 G,79.63 K,389.72 K
2019-06-08 19:01:47,3.61 G,44.38 G,71.66 K,352.54 K
2019-06-08 19:01:49,3.61 G,44.38 G,72.79 K,340.53 K
2019-06-08 19:01:51,3.61 G,44.38 G,69.84 K,337.28 K
2019-06-08 19:01:53,3.61 G,44.38 G,71.74 K,338.00 K
2019-06-08 19:01:55,3.61 G,44.38 G,82.50 K,407.99 K
2019-06-08 19:01:57,3.61 G,44.38 G,97.71 K,468.05 K
2019-06-08 19:01:59,3.61 G,44.38 G,66.52 K,320.28 K
2019-06-08 19:02:01,3.61 G,44.38 G,76.24 K,386.47 K
2019-06-08 19:02:03,3.61 G,44.38 G,88.33 K,409.10 K
2019-06-08 19:02:05,3.61 G,44.38 G,64.40 K,301.25 K
2019-06-08 19:02:07,3.61 G,44.38 G,67.34 K,321.25 K
2019-06-08 19:02:09,3.61 G,44.38 G,74.78 K,353.61 K
2019-06-08 19:02:11,3.61 G,44.38 G,76.40 K,362.18 K
2019-06-08 19:02:13,3.61 G,44.38 G,70.68 K,356.17 K
2019-06-08 19:02:15,3.61 G,44.38 G,78.16 K,377.09 K
2019-06-08 19:02:17,3.61 G,44.39 G,78.59 K,371.72 K
2019-06-08 19:02:19,3.61 G,44.39 G,67.88 K,312.09 K
2019-06-08 19:02:21,3.61 G,44.39 G,68.72 K,327.12 K
2019-06-08 19:02:23,3.61 G,44.39 G,71.96 K,335.44 K
2019-06-08 19:02:25,3.61 G,44.39 G,85.04 K,407.87 K
2019-06-08 19:02:27,3.61 G,44.39 G,72.01 K,357.58 K
2019-06-08 19:02:29,3.61 G,44.39 G,68.97 K,330.38 K
2019-06-08 19:02:31,3.61 G,44.39 G,74.72 K,357.04 K
2019-06-08 19:02:33,3.61 G,44.39 G,75.61 K,374.98 K
2019-06-08 19:02:35,3.61 G,44.39 G,74.79 K,361.64 K
2019-06-08 19:02:37,3.61 G,44.39 G,81.19 K,385.48 K
2019-06-08 19:02:39,3.61 G,44.39 G,69.62 K,348.08 K
2019-06-08 19:02:41,3.61 G,44.39 G,78.40 K,361.94 K
2019-06-08 19:02:43,3.61 G,44.39 G,72.44 K,357.09 K
2019-06-08 19:02:45,3.61 G,44.39 G,62.45 K,299.48 K
2019-06-08 19:02:48,3.61 G,44.40 G,76.84 K,361.61 K
2019-06-08 19:02:50,3.61 G,44.40 G,81.07 K,392.03 K
2019-06-08 19:02:52,3.61 G,44.40 G,73.03 K,344.94 K
2019-06-08 19:02:54,3.61 G,44.40 G,77.31 K,366.08 K
2019-06-08 19:02:56,3.61 G,44.40 G,69.43 K,352.86 K
2019-06-08 19:02:58,3.61 G,44.40 G,75.54 K,356.47 K
2019-06-08 19:03:00,3.61 G,44.40 G,78.19 K,379.83 K
2019-06-08 19:03:02,3.61 G,44.40 G,73.72 K,349.96 K
2019-06-08 19:03:04,3.61 G,44.40 G,91.25 K,426.68 K
2019-06-08 19:03:06,3.61 G,44.40 G,79.09 K,367.89 K
2019-06-08 19:03:08,3.61 G,44.40 G,66.31 K,330.68 K
2019-06-08 19:03:10,3.61 G,44.40 G,83.30 K,390.55 K
2019-06-08 19:03:12,3.61 G,44.40 G,85.79 K,406.15 K
2019-06-08 19:03:14,3.61 G,44.40 G,68.81 K,330.95 K
2019-06-08 19:03:16,3.61 G,44.41 G,68.71 K,328.15 K
2019-06-08 19:03:18,3.61 G,44.41 G,70.83 K,327.71 K
2019-06-08 19:03:20,3.61 G,44.41 G,74.70 K,369.88 K
2019-06-08 19:03:22,3.61 G,44.41 G,82.95 K,405.52 K
2019-06-08 19:03:24,3.61 G,44.41 G,70.84 K,338.07 K
2019-06-08 19:03:26,3.61 G,44.41 G,65.48 K,324.90 K
2019-06-08 19:03:28,3.61 G,44.41 G,87.67 K,410.66 K
2019-06-08 19:03:30,3.61 G,44.41 G,77.79 K,384.77 K
2019-06-08 19:03:32,3.61 G,44.41 G,70.33 K,336.21 K
2019-06-08 19:03:34,3.61 G,44.41 G,56.62 K,272.00 K
2019-06-08 19:03:36,3.61 G,44.41 G,72.40 K,339.25 K
2019-06-08 19:03:38,3.61 G,44.41 G,61.95 K,296.89 K
2019-06-08 19:03:40,3.61 G,44.41 G,77.69 K,384.92 K
2019-06-08 19:03:42,3.61 G,44.41 G,62.54 K,303.61 K
2019-06-08 19:03:44,3.61 G,44.41 G,58.20 K,277.27 K
2019-06-08 19:03:46,3.61 G,44.42 G,65.64 K,311.78 K
2019-06-08 19:03:48,3.61 G,44.42 G,77.16 K,363.75 K
2019-06-08 19:03:50,3.61 G,44.42 G,67.32 K,323.66 K
2019-06-08 19:03:52,3.61 G,44.42 G,80.14 K,397.53 K
2019-06-08 19:03:54,3.61 G,44.42 G,78.93 K,363.45 K
2019-06-08 19:03:56,3.61 G,44.42 G,71.90 K,338.74 K
2019-06-08 19:03:58,3.62 G,44.42 G,74.41 K,372.00 K
2019-06-08 19:04:00,3.62 G,44.42 G,76.54 K,355.16 K
2019-06-08 19:04:02,3.62 G,44.42 G,57.21 K,283.25 K
2019-06-08 19:04:04,3.62 G,44.42 G,77.42 K,362.05 K
2019-06-08 19:04:06,3.62 G,44.42 G,79.80 K,375.75 K
2019-06-08 19:04:08,3.62 G,44.42 G,65.09 K,294.83 K
2019-06-08 19:04:10,3.62 G,44.42 G,64.52 K,299.91 K
2019-06-08 19:04:12,3.62 G,44.42 G,78.38 K,387.00 K
2019-06-08 19:04:14,3.62 G,44.42 G,66.08 K,318.21 K
2019-06-08 19:04:16,3.62 G,44.43 G,74.21 K,345.77 K
2019-06-08 19:04:18,3.62 G,44.43 G,83.42 K,390.88 K
2019-06-08 19:04:20,3.62 G,44.43 G,81.11 K,382.93 K
2019-06-08 19:04:22,3.62 G,44.43 G,65.55 K,329.46 K
2019-06-08 19:04:24,3.62 G,44.43 G,71.16 K,335.89 K
2019-06-08 19:04:26,3.62 G,44.43 G,76.86 K,378.86 K
2019-06-08 19:04:28,3.62 G,44.43 G,67.79 K,325.50 K
2019-06-08 19:04:30,3.62 G,44.43 G,81.56 K,396.58 K
2019-06-08 19:04:32,3.62 G,44.43 G,69.97 K,332.22 K
2019-06-08 19:04:34,3.62 G,44.43 G,70.28 K,358.62 K
2019-06-08 19:04:36,3.62 G,44.43 G,77.47 K,365.10 K
2019-06-08 19:04:38,3.62 G,44.43 G,68.52 K,317.15 K
2019-06-08 19:04:40,3.62 G,44.43 G,75.50 K,368.11 K
2019-06-08 19:04:42,3.62 G,44.43 G,78.79 K,371.71 K
2019-06-08 19:04:44,3.62 G,44.44 G,74.61 K,349.52 K
2019-06-08 19:04:46,3.62 G,44.44 G,89.02 K,430.73 K
2019-06-08 19:04:48,3.62 G,44.44 G,78.31 K,388.10 K
2019-06-08 19:04:50,3.62 G,44.44 G,71.84 K,339.36 K
2019-06-08 19:04:52,3.62 G,44.44 G,82.20 K,401.34 K
2019-06-08 19:04:54,3.62 G,44.44 G,79.17 K,368.37 K
2019-06-08 19:04:56,3.62 G,44.44 G,74.17 K,364.79 K
2019-06-08 19:04:58,3.62 G,44.44 G,78.29 K,368.08 K
2019-06-08 19:05:00,3.62 G,44.44 G,72.77 K,340.23 K
2019-06-08 19:05:02,3.62 G,44.44 G,77.19 K,380.34 K
2019-06-08 19:05:04,3.62 G,44.44 G,70.72 K,337.08 K
2019-06-08 19:05:06,3.62 G,44.44 G,73.72 K,373.48 K
2019-06-08 19:05:08,3.62 G,44.44 G,65.27 K,311.00 K
2019-06-08 19:05:10,3.62 G,44.44 G,73.05 K,352.70 K
2019-06-08 19:05:12,3.62 G,44.44 G,78.72 K,371.13 K
2019-06-08 19:05:14,3.62 G,44.45 G,60.13 K,293.75 K
2019-06-08 19:05:16,3.62 G,44.45 G,72.91 K,344.06 K
2019-06-08 19:05:18,3.62 G,44.45 G,61.54 K,297.48 K
2019-06-08 19:05:20,3.62 G,44.45 G,76.20 K,375.50 K
2019-06-08 19:05:22,3.62 G,44.45 G,61.63 K,294.42 K
2019-06-08 19:05:24,3.62 G,44.45 G,73.36 K,356.42 K
2019-06-08 19:05:26,3.62 G,44.45 G,63.58 K,305.37 K
2019-06-08 19:05:28,3.62 G,44.45 G,67.00 K,313.24 K
2019-06-08 19:05:30,3.62 G,44.45 G,76.21 K,356.86 K
2019-06-08 19:05:32,3.62 G,44.45 G,75.85 K,357.30 K
2019-06-08 19:05:34,3.62 G,44.45 G,75.47 K,358.19 K
2019-06-08 19:05:37,3.62 G,44.45 G,70.97 K,337.13 K
2019-06-08 19:05:39,3.62 G,44.45 G,75.87 K,367.77 K
2019-06-08 19:05:41,3.62 G,44.45 G,81.17 K,382.82 K
2019-06-08 19:05:43,3.62 G,44.45 G,79.35 K,371.40 K
2019-06-08 19:05:45,3.62 G,44.46 G,79.29 K,372.13 K
2019-06-08 19:05:47,3.62 G,44.46 G,78.72 K,370.37 K
2019-06-08 19:05:49,3.62 G,44.46 G,76.86 K,356.96 K
2019-06-08 19:05:51,3.62 G,44.46 G,72.29 K,343.45 K
2019-06-08 19:05:53,3.62 G,44.46 G,78.87 K,390.34 K
2019-06-08 19:05:55,3.62 G,44.46 G,73.72 K,345.86 K
2019-06-08 19:05:57,3.62 G,44.46 G,62.21 K,291.64 K
2019-06-08 19:06:00,3.62 G,44.46 G,88.21 K,392.56 K
2019-06-08 19:06:02,3.62 G,44.46 G,77.77 K,355.35 K
2019-06-08 19:06:04,3.62 G,44.46 G,94.00 K,412.39 K
2019-06-08 19:06:06,3.62 G,44.46 G,96.56 K,418.44 K
2019-06-08 19:06:08,3.62 G,44.46 G,75.97 K,329.19 K
2019-06-08 19:06:10,3.62 G,44.46 G,93.22 K,436.06 K
2019-06-08 19:06:12,3.62 G,44.46 G,76.14 K,333.62 K
2019-06-08 19:06:14,3.62 G,44.46 G,70.61 K,304.54 K
2019-06-08 19:06:16,3.62 G,44.47 G,59.44 K,296.45 K
2019-06-08 19:06:19,3.62 G,44.47 G,72.97 K,349.17 K
2019-06-08 19:06:21,3.63 G,44.47 G,86.96 K,407.06 K
2019-06-08 19:06:23,3.63 G,44.47 G,68.33 K,324.55 K
2019-06-08 19:06:25,3.63 G,44.47 G,72.68 K,342.46 K
2019-06-08 19:06:27,3.63 G,44.47 G,77.80 K,376.63 K
2019-06-08 19:06:29,3.63 G,44.47 G,85.41 K,404.01 K
2019-06-08 19:06:31,3.63 G,44.47 G,73.55 K,350.67 K
2019-06-08 19:06:33,3.63 G,44.47 G,71.99 K,338.80 K
2019-06-08 19:06:36,3.63 G,44.47 G,78.25 K,407.84 K
2019-06-08 19:06:38,3.63 G,44.47 G,86.51 K,441.07 K
2019-06-08 19:06:40,3.63 G,44.47 G,67.34 K,366.13 K
2019-06-08 19:06:42,3.63 G,44.47 G,87.78 K,475.57 K
2019-06-08 19:06:45,3.63 G,44.48 G,65.83 K,295.71 K
2019-06-08 19:06:47,3.63 G,44.48 G,83.45 K,392.65 K
2019-06-08 19:06:49,3.63 G,44.48 G,77.05 K,351.38 K
2019-06-08 19:06:51,3.63 G,44.48 G,82.51 K,388.37 K
2019-06-08 19:06:53,3.63 G,44.48 G,66.03 K,299.23 K
2019-06-08 19:06:57,3.63 G,44.48 G,71.44 K,305.45 K
2019-06-08 19:06:59,3.63 G,44.48 G,65.54 K,284.45 K
2019-06-08 19:07:01,3.63 G,44.48 G,68.26 K,309.93 K
2019-06-08 19:07:03,3.63 G,44.48 G,90.25 K,385.50 K
2019-06-08 19:07:05,3.63 G,44.48 G,74.07 K,321.86 K
2019-06-08 19:07:07,3.63 G,44.48 G,70.76 K,299.56 K
2019-06-08 19:07:09,3.63 G,44.48 G,81.77 K,361.15 K
2019-06-08 19:07:11,3.63 G,44.48 G,82.30 K,353.45 K
2019-06-08 19:07:13,3.63 G,44.48 G,58.14 K,255.36 K
2019-06-08 19:07:15,3.63 G,44.48 G,82.57 K,364.12 K
2019-06-08 19:07:17,3.63 G,44.48 G,70.49 K,307.20 K
2019-06-08 19:07:19,3.63 G,44.49 G,77.92 K,339.74 K
2019-06-08 19:07:21,3.63 G,44.49 G,87.12 K,382.91 K
2019-06-08 19:07:23,3.63 G,44.49 G,86.06 K,369.13 K
2019-06-08 19:07:25,3.63 G,44.49 G,82.63 K,356.77 K
2019-06-08 19:07:27,3.63 G,44.49 G,88.67 K,388.31 K
2019-06-08 19:07:29,3.63 G,44.49 G,87.01 K,373.00 K
2019-06-08 19:07:31,3.63 G,44.49 G,75.46 K,324.25 K
2019-06-08 19:07:34,3.63 G,44.49 G,87.86 K,375.01 K
2019-06-08 19:07:36,3.63 G,44.49 G,81.41 K,357.75 K
2019-06-08 19:07:38,3.63 G,44.49 G,63.46 K,276.14 K
2019-06-08 19:07:40,3.63 G,44.49 G,66.66 K,289.58 K
2019-06-08 19:07:42,3.63 G,44.49 G,78.60 K,337.66 K
2019-06-08 19:07:44,3.63 G,44.49 G,79.76 K,345.70 K
2019-06-08 19:07:46,3.63 G,44.49 G,81.11 K,345.69 K
2019-06-08 19:07:48,3.63 G,44.49 G,85.75 K,366.33 K
2019-06-08 19:07:50,3.63 G,44.49 G,81.94 K,369.21 K
2019-06-08 19:07:52,3.63 G,44.50 G,82.62 K,351.29 K
2019-06-08 19:07:54,3.63 G,44.50 G,58.06 K,255.47 K
2019-06-08 19:07:56,3.63 G,44.50 G,71.65 K,311.36 K
2019-06-08 19:07:58,3.63 G,44.50 G,75.09 K,324.59 K
2019-06-08 19:08:00,3.63 G,44.50 G,65.67 K,281.59 K
2019-06-08 19:08:02,3.63 G,44.50 G,78.59 K,341.10 K
2019-06-08 19:08:04,3.63 G,44.50 G,74.72 K,324.46 K
2019-06-08 19:08:06,3.63 G,44.50 G,74.69 K,335.01 K
2019-06-08 19:08:08,3.63 G,44.50 G,78.17 K,329.76 K
2019-06-08 19:08:10,3.63 G,44.50 G,61.74 K,273.15 K
2019-06-08 19:08:12,3.63 G,44.50 G,69.54 K,297.52 K
2019-06-08 19:08:14,3.63 G,44.50 G,73.79 K,321.75 K
2019-06-08 19:08:16,3.63 G,44.50 G,55.33 K,231.21 K
2019-06-08 19:08:18,3.63 G,44.50 G,73.84 K,322.02 K
2019-06-08 19:08:20,3.63 G,44.50 G,63.38 K,281.47 K
2019-06-08 19:08:22,3.63 G,44.50 G,73.44 K,321.41 K
2019-06-08 19:08:24,3.63 G,44.50 G,81.18 K,354.31 K
2019-06-08 19:08:26,3.63 G,44.51 G,77.83 K,338.25 K
2019-06-08 19:08:28,3.63 G,44.51 G,59.42 K,260.66 K
2019-06-08 19:08:30,3.63 G,44.51 G,77.02 K,329.07 K
2019-06-08 19:08:32,3.63 G,44.51 G,62.26 K,265.77 K
2019-06-08 19:08:34,3.63 G,44.51 G,70.59 K,300.22 K
2019-06-08 19:08:36,3.63 G,44.51 G,58.72 K,252.11 K
2019-06-08 19:08:38,3.63 G,44.51 G,66.70 K,295.19 K
2019-06-08 19:08:40,3.63 G,44.51 G,71.61 K,313.89 K
2019-06-08 19:08:42,3.63 G,44.51 G,76.17 K,327.33 K
2019-06-08 19:08:44,3.63 G,44.51 G,77.20 K,329.33 K
2019-06-08 19:08:46,3.64 G,44.51 G,74.50 K,321.47 K
2019-06-08 19:08:48,3.64 G,44.51 G,90.10 K,398.86 K
2019-06-08 19:08:50,3.64 G,44.51 G,69.42 K,303.64 K
2019-06-08 19:08:52,3.64 G,44.51 G,62.68 K,271.09 K
2019-06-08 19:08:54,3.64 G,44.51 G,92.98 K,399.91 K
2019-06-08 19:08:56,3.64 G,44.51 G,73.22 K,321.46 K
2019-06-08 19:08:58,3.64 G,44.52 G,73.28 K,313.58 K
2019-06-08 19:09:00,3.64 G,44.52 G,87.78 K,380.55 K
2019-06-08 19:09:02,3.64 G,44.52 G,68.53 K,302.15 K
2019-06-08 19:09:04,3.64 G,44.52 G,72.13 K,311.17 K
2019-06-08 19:09:06,3.64 G,44.52 G,73.51 K,321.58 K
2019-06-08 19:09:08,3.64 G,44.52 G,69.88 K,302.24 K
2019-06-08 19:09:10,3.64 G,44.52 G,88.11 K,382.56 K
2019-06-08 19:09:12,3.64 G,44.52 G,65.00 K,286.75 K
2019-06-08 19:09:14,3.64 G,44.52 G,70.37 K,307.86 K
2019-06-08 19:09:16,3.64 G,44.52 G,75.84 K,329.46 K
2019-06-08 19:09:18,3.64 G,44.52 G,75.97 K,321.45 K
2019-06-08 19:09:20,3.64 G,44.52 G,83.91 K,363.33 K
2019-06-08 19:09:22,3.64 G,44.52 G,78.31 K,331.90 K
2019-06-08 19:09:24,3.64 G,44.52 G,80.06 K,340.28 K
2019-06-08 19:09:26,3.64 G,44.52 G,76.71 K,339.93 K
2019-06-08 19:09:28,3.64 G,44.52 G,80.54 K,345.38 K
2019-06-08 19:09:30,3.64 G,44.53 G,64.45 K,271.24 K
2019-06-08 19:09:32,3.64 G,44.53 G,77.04 K,339.45 K
2019-06-08 19:09:34,3.64 G,44.53 G,75.66 K,321.71 K
2019-06-08 19:09:36,3.64 G,44.53 G,78.56 K,342.79 K
2019-06-08 19:09:38,3.64 G,44.53 G,83.27 K,358.93 K
2019-06-08 19:09:40,3.64 G,44.53 G,60.35 K,251.71 K
2019-06-08 19:09:42,3.64 G,44.53 G,80.64 K,347.66 K
2019-06-08 19:09:44,3.64 G,44.53 G,62.79 K,271.52 K
2019-06-08 19:09:46,3.64 G,44.53 G,75.66 K,327.73 K
2019-06-08 19:09:48,3.64 G,44.53 G,63.76 K,273.90 K
2019-06-08 19:09:50,3.64 G,44.53 G,64.75 K,287.26 K
2019-06-08 19:09:52,3.64 G,44.53 G,68.19 K,298.43 K
2019-06-08 19:09:54,3.64 G,44.53 G,81.57 K,353.20 K
2019-06-08 19:09:56,3.64 G,44.53 G,82.83 K,357.74 K
2019-06-08 19:09:58,3.64 G,44.53 G,69.58 K,305.52 K
2019-06-08 19:10:00,3.64 G,44.53 G,61.98 K,267.92 K
2019-06-08 19:10:02,3.64 G,44.54 G,79.61 K,343.20 K
2019-06-08 19:10:04,3.64 G,44.54 G,69.05 K,304.98 K
2019-06-08 19:10:06,3.64 G,44.54 G,40.05 K,162.47 K
2019-06-08 19:10:08,3.64 G,44.54 G,35.41 K,155.24 K
2019-06-08 19:10:10,3.64 G,44.54 G,28.34 K,123.32 K
2019-06-08 19:10:12,3.64 G,44.54 G,29.43 K,129.06 K
2019-06-08 19:10:14,3.64 G,44.54 G,30.16 K,120.76 K
2019-06-08 19:10:16,3.64 G,44.54 G,24.47 K,115.19 K
2019-06-08 19:10:18,3.64 G,44.54 G,57.07 K,245.01 K
2019-06-08 19:10:20,3.64 G,44.54 G,73.45 K,312.04 K
2019-06-08 19:10:22,3.64 G,44.54 G,100.93 K,441.88 K
2019-06-08 19:10:24,3.64 G,44.54 G,35.74 K,149.00 K
2019-06-08 19:10:26,3.64 G,44.54 G,26.11 K,107.11 K
2019-06-08 19:10:28,3.64 G,44.54 G,95.55 K,401.21 K
2019-06-08 19:10:30,3.64 G,44.54 G,69.61 K,299.42 K
2019-06-08 19:10:33,3.64 G,44.54 G,75.87 K,326.51 K
2019-06-08 19:10:35,3.64 G,44.54 G,63.45 K,269.47 K
2019-06-08 19:10:37,3.64 G,44.54 G,64.38 K,287.27 K
2019-06-08 19:10:39,3.64 G,44.54 G,78.14 K,347.36 K
2019-06-08 19:10:41,3.64 G,44.54 G,76.57 K,345.79 K
2019-06-08 19:10:43,3.64 G,44.54 G,55.81 K,251.90 K
2019-06-08 19:10:45,3.64 G,44.55 G,81.37 K,345.00 K
2019-06-08 19:10:47,3.64 G,44.55 G,67.10 K,292.32 K
2019-06-08 19:10:49,3.64 G,44.55 G,58.95 K,250.30 K
2019-06-08 19:10:51,3.64 G,44.55 G,73.92 K,325.96 K
2019-06-08 19:10:53,3.64 G,44.55 G,66.50 K,273.15 K
2019-06-08 19:10:55,3.64 G,44.55 G,74.77 K,324.63 K
2019-06-08 19:10:57,3.64 G,44.55 G,80.45 K,350.97 K
2019-06-08 19:10:59,3.64 G,44.55 G,79.13 K,350.27 K
2019-06-08 19:11:01,3.64 G,44.55 G,70.71 K,322.96 K
2019-06-08 19:11:03,3.64 G,44.55 G,65.54 K,286.28 K
2019-06-08 19:11:05,3.64 G,44.55 G,71.81 K,311.20 K
2019-06-08 19:11:07,3.64 G,44.55 G,79.61 K,342.59 K
2019-06-08 19:11:09,3.64 G,44.55 G,83.41 K,364.45 K
2019-06-08 19:11:11,3.64 G,44.55 G,77.44 K,337.21 K
2019-06-08 19:11:13,3.64 G,44.55 G,74.91 K,324.08 K
2019-06-08 19:11:15,3.64 G,44.55 G,73.33 K,310.74 K
2019-06-08 19:11:17,3.65 G,44.55 G,64.14 K,272.30 K
2019-06-08 19:11:19,3.65 G,44.56 G,77.13 K,332.67 K
2019-06-08 19:11:21,3.65 G,44.56 G,86.62 K,379.30 K
2019-06-08 19:11:23,3.65 G,44.56 G,76.24 K,322.09 K
2019-06-08 19:11:25,3.65 G,44.56 G,69.59 K,303.04 K
2019-06-08 19:11:27,3.65 G,44.56 G,82.40 K,350.74 K
2019-06-08 19:11:29,3.65 G,44.56 G,80.48 K,348.01 K
2019-06-08 19:11:31,3.65 G,44.56 G,75.30 K,323.56 K
2019-06-08 19:11:33,3.65 G,44.56 G,82.60 K,359.32 K
2019-06-08 19:11:35,3.65 G,44.56 G,67.57 K,284.61 K
2019-06-08 19:11:37,3.65 G,44.56 G,72.21 K,324.12 K
2019-06-08 19:11:39,3.65 G,44.56 G,72.41 K,310.62 K
2019-06-08 19:11:41,3.65 G,44.56 G,93.54 K,408.05 K
2019-06-08 19:11:43,3.65 G,44.56 G,66.44 K,286.01 K
2019-06-08 19:11:45,3.65 G,44.56 G,75.17 K,317.74 K
2019-06-08 19:11:47,3.65 G,44.56 G,73.64 K,319.85 K
2019-06-08 19:11:49,3.65 G,44.57 G,76.04 K,340.48 K
2019-06-08 19:11:51,3.65 G,44.57 G,67.52 K,286.82 K
2019-06-08 19:11:53,3.65 G,44.57 G,66.68 K,297.80 K
2019-06-08 19:11:55,3.65 G,44.57 G,71.64 K,308.58 K
2019-06-08 19:11:59,3.65 G,44.57 G,76.61 K,362.51 K
2019-06-08 19:12:01,3.65 G,44.57 G,81.59 K,406.34 K
2019-06-08 19:12:03,3.65 G,44.57 G,85.50 K,405.31 K
2019-06-08 19:12:05,3.65 G,44.57 G,75.04 K,356.46 K
2019-06-08 19:12:08,3.65 G,44.57 G,66.00 K,281.23 K
2019-06-08 19:12:10,3.65 G,44.57 G,79.85 K,352.30 K
2019-06-08 19:12:12,3.65 G,44.57 G,71.22 K,314.07 K
2019-06-08 19:12:14,3.65 G,44.57 G,96.81 K,430.64 K
2019-06-08 19:12:16,3.65 G,44.57 G,107.05 K,478.11 K
2019-06-08 19:12:18,3.65 G,44.57 G,83.65 K,369.03 K
2019-06-08 19:12:20,3.65 G,44.58 G,72.01 K,322.32 K
2019-06-08 19:12:22,3.65 G,44.58 G,34.08 K,153.69 K
2019-06-08 19:12:24,3.65 G,44.58 G,73.97 K,340.06 K
2019-06-08 19:12:26,3.65 G,44.58 G,68.18 K,325.44 K
2019-06-08 19:12:28,3.65 G,44.58 G,62.83 K,281.07 K
2019-06-08 19:12:30,3.65 G,44.58 G,10.27 K,46.53 K
2019-06-08 19:12:33,3.65 G,44.58 G,71.98 K,338.04 K
2019-06-08 19:12:35,3.65 G,44.58 G,76.67 K,336.82 K
2019-06-08 19:12:37,3.65 G,44.58 G,95.42 K,433.82 K
2019-06-08 19:12:39,3.65 G,44.58 G,81.32 K,378.41 K
2019-06-08 19:12:41,3.65 G,44.58 G,173.03 K,775.96 K
2019-06-08 19:12:43,3.65 G,44.58 G,175.29 K,790.94 K
2019-06-08 19:12:45,3.65 G,44.59 G,154.44 K,686.66 K
2019-06-08 19:12:47,3.65 G,44.59 G,179.58 K,795.63 K
2019-06-08 19:12:49,3.65 G,44.59 G,160.16 K,718.66 K
2019-06-08 19:12:51,3.65 G,44.59 G,166.25 K,745.64 K
2019-06-08 19:12:53,3.65 G,44.59 G,110.83 K,498.87 K
2019-06-08 19:12:55,3.65 G,44.59 G,89.05 K,403.35 K
2019-06-08 19:12:57,3.65 G,44.59 G,104.17 K,484.69 K
2019-06-08 19:12:59,3.65 G,44.59 G,76.52 K,334.57 K
2019-06-08 19:13:01,3.65 G,44.59 G,94.62 K,424.38 K
2019-06-08 19:13:03,3.65 G,44.59 G,92.43 K,410.15 K
2019-06-08 19:13:05,3.65 G,44.60 G,84.51 K,383.12 K
2019-06-08 19:13:07,3.65 G,44.60 G,106.62 K,495.88 K
2019-06-08 19:13:09,3.65 G,44.60 G,104.95 K,467.08 K
2019-06-08 19:13:11,3.65 G,44.60 G,89.75 K,392.23 K
2019-06-08 19:13:13,3.65 G,44.60 G,113.44 K,512.78 K
2019-06-08 19:13:15,3.66 G,44.60 G,103.76 K,473.57 K
2019-06-08 19:13:17,3.66 G,44.60 G,120.48 K,532.38 K
2019-06-08 19:13:19,3.66 G,44.60 G,94.20 K,416.91 K
2019-06-08 19:13:21,3.66 G,44.60 G,102.28 K,461.01 K
2019-06-08 19:13:23,3.66 G,44.60 G,118.14 K,526.99 K
2019-06-08 19:13:25,3.66 G,44.60 G,13.22 K,64.41 K
2019-06-08 19:13:29,3.66 G,44.61 G,153.97 K,750.31 K
2019-06-08 19:13:31,3.66 G,44.61 G,168.68 K,828.09 K
2019-06-08 19:13:33,3.66 G,44.61 G,85.07 K,431.52 K
2019-06-08 19:13:35,3.66 G,44.61 G,94.69 K,484.62 K
2019-06-08 19:13:37,3.66 G,44.61 G,102.54 K,580.05 K
2019-06-08 19:13:39,3.66 G,44.61 G,106.49 K,535.90 K
2019-06-08 19:13:41,3.66 G,44.61 G,100.75 K,512.92 K
2019-06-08 19:13:43,3.66 G,44.61 G,99.58 K,502.49 K
2019-06-08 19:13:45,3.66 G,44.61 G,86.49 K,466.41 K
2019-06-08 19:13:47,3.66 G,44.62 G,92.02 K,451.11 K
2019-06-08 19:13:49,3.66 G,44.62 G,162.44 K,816.98 K
2019-06-08 19:13:51,3.66 G,44.62 G,103.40 K,519.66 K
2019-06-08 19:13:53,3.66 G,44.62 G,87.63 K,442.94 K
2019-06-08 19:13:55,3.66 G,44.62 G,85.35 K,427.35 K
2019-06-08 19:13:57,3.66 G,44.62 G,166.26 K,874.97 K
2019-06-08 19:13:59,3.66 G,44.62 G,92.33 K,485.82 K
2019-06-08 19:14:01,3.66 G,44.62 G,91.58 K,463.57 K
2019-06-08 19:14:03,3.66 G,44.62 G,147.14 K,728.00 K
2019-06-08 19:14:05,3.66 G,44.63 G,82.93 K,408.49 K
2019-06-08 19:14:07,3.66 G,44.63 G,97.84 K,495.51 K
2019-06-08 19:14:09,3.66 G,44.63 G,87.33 K,445.28 K
2019-06-08 19:14:11,3.66 G,44.63 G,87.32 K,471.61 K
2019-06-08 19:14:13,3.66 G,44.63 G,93.88 K,494.65 K
2019-06-08 19:14:15,3.66 G,44.63 G,82.44 K,421.82 K
2019-06-08 19:14:17,3.66 G,44.63 G,84.32 K,419.03 K
2019-06-08 19:14:19,3.66 G,44.63 G,89.26 K,449.62 K
2019-06-08 19:14:21,3.66 G,44.63 G,95.65 K,501.73 K
2019-06-08 19:14:23,3.66 G,44.63 G,91.86 K,443.90 K
2019-06-08 19:14:25,3.66 G,44.63 G,81.07 K,417.48 K
2019-06-08 19:14:27,3.66 G,44.64 G,114.98 K,557.62 K
2019-06-08 19:14:29,3.66 G,44.64 G,92.45 K,466.41 K
2019-06-08 19:14:31,3.66 G,44.64 G,95.47 K,475.77 K
2019-06-08 19:14:33,3.66 G,44.64 G,55.68 K,285.82 K
2019-06-08 19:14:35,3.66 G,44.64 G,81.89 K,422.07 K
2019-06-08 19:14:37,3.66 G,44.64 G,77.07 K,396.75 K
2019-06-08 19:14:39,3.66 G,44.64 G,90.02 K,471.11 K
2019-06-08 19:14:41,3.66 G,44.64 G,95.88 K,510.42 K
2019-06-08 19:14:43,3.66 G,44.64 G,3.04 K,19.16 K
2019-06-08 19:14:45,3.66 G,44.64 G,32.56 K,167.96 K
2019-06-08 19:14:47,3.66 G,44.64 G,39.29 K,196.82 K
2019-06-08 19:14:49,3.66 G,44.64 G,40.78 K,206.99 K
2019-06-08 19:14:51,3.66 G,44.64 G,26.92 K,136.27 K
2019-06-08 19:14:53,3.66 G,44.64 G,31.20 K,152.06 K
2019-06-08 19:14:56,3.66 G,44.64 G,33.52 K,170.23 K
2019-06-08 19:14:58,3.66 G,44.64 G,37.35 K,187.59 K
2019-06-08 19:15:00,3.66 G,44.64 G,44.14 K,219.97 K
2019-06-08 19:15:02,3.66 G,44.64 G,41.56 K,202.70 K
2019-06-08 19:15:04,3.66 G,44.65 G,29.20 K,144.57 K
2019-06-08 19:15:06,3.66 G,44.65 G,39.87 K,194.96 K
2019-06-08 19:15:08,3.66 G,44.65 G,38.87 K,187.73 K
2019-06-08 19:15:10,3.66 G,44.65 G,37.73 K,188.94 K
2019-06-08 19:15:12,3.66 G,44.65 G,41.33 K,203.67 K
2019-06-08 19:15:14,3.66 G,44.65 G,46.17 K,229.23 K
2019-06-08 19:15:16,3.66 G,44.65 G,41.83 K,212.51 K
2019-06-08 19:15:18,3.66 G,44.65 G,44.28 K,220.45 K
2019-06-08 19:15:20,3.66 G,44.65 G,48.29 K,239.29 K
2019-06-08 19:15:22,3.66 G,44.65 G,44.26 K,216.26 K
2019-06-08 19:15:24,3.66 G,44.65 G,46.40 K,221.21 K
2019-06-08 19:15:26,3.66 G,44.65 G,37.86 K,188.87 K
2019-06-08 19:15:28,3.66 G,44.65 G,39.29 K,194.71 K
2019-06-08 19:15:30,3.66 G,44.65 G,38.51 K,192.37 K
2019-06-08 19:15:32,3.66 G,44.65 G,39.03 K,196.53 K
2019-06-08 19:15:34,3.67 G,44.65 G,44.73 K,226.40 K
2019-06-08 19:15:36,3.67 G,44.65 G,25.25 K,128.12 K
2019-06-08 19:15:38,3.67 G,44.65 G,39.03 K,201.75 K
2019-06-08 19:15:40,3.67 G,44.65 G,37.93 K,192.53 K
2019-06-08 19:15:42,3.67 G,44.65 G,37.80 K,186.18 K
2019-06-08 19:15:44,3.67 G,44.65 G,44.21 K,225.85 K
2019-06-08 19:15:46,3.67 G,44.65 G,38.21 K,195.74 K
2019-06-08 19:15:48,3.67 G,44.65 G,39.11 K,198.69 K
2019-06-08 19:15:50,3.67 G,44.65 G,40.98 K,209.42 K
2019-06-08 19:15:52,3.67 G,44.65 G,29.70 K,144.22 K
2019-06-08 19:15:54,3.67 G,44.65 G,38.77 K,191.64 K
2019-06-08 19:15:56,3.67 G,44.66 G,32.04 K,165.11 K
2019-06-08 19:15:58,3.67 G,44.66 G,35.53 K,184.12 K
2019-06-08 19:16:00,3.67 G,44.66 G,35.71 K,178.56 K
2019-06-08 19:16:02,3.67 G,44.66 G,36.58 K,184.51 K
2019-06-08 19:16:04,3.67 G,44.66 G,39.61 K,194.12 K
2019-06-08 19:16:06,3.67 G,44.66 G,37.54 K,193.84 K
2019-06-08 19:16:08,3.67 G,44.66 G,37.09 K,193.40 K
2019-06-08 19:16:10,3.67 G,44.66 G,34.90 K,176.80 K
2019-06-08 19:16:12,3.67 G,44.66 G,45.55 K,219.71 K
2019-06-08 19:16:14,3.67 G,44.66 G,37.34 K,186.58 K
2019-06-08 19:16:16,3.67 G,44.66 G,31.79 K,155.22 K
2019-06-08 19:16:18,3.67 G,44.66 G,36.63 K,186.23 K
2019-06-08 19:16:20,3.67 G,44.66 G,32.81 K,160.50 K
2019-06-08 19:16:22,3.67 G,44.66 G,38.79 K,198.95 K
2019-06-08 19:16:24,3.67 G,44.66 G,34.49 K,166.77 K
2019-06-08 19:16:26,3.67 G,44.66 G,39.16 K,203.33 K
2019-06-08 19:16:28,3.67 G,44.66 G,42.02 K,205.39 K
2019-06-08 19:16:30,3.67 G,44.66 G,33.28 K,170.12 K
2019-06-08 19:16:32,3.67 G,44.66 G,33.28 K,170.04 K
2019-06-08 19:16:34,3.67 G,44.66 G,32.50 K,164.28 K
2019-06-08 19:16:36,3.67 G,44.66 G,29.86 K,147.75 K
2019-06-08 19:16:38,3.67 G,44.66 G,32.83 K,161.92 K
2019-06-08 19:16:40,3.67 G,44.66 G,42.34 K,215.22 K
2019-06-08 19:16:42,3.67 G,44.66 G,29.32 K,144.74 K
2019-06-08 19:16:44,3.67 G,44.66 G,44.92 K,226.43 K
2019-06-08 19:16:46,3.67 G,44.66 G,29.58 K,146.05 K
2019-06-08 19:16:48,3.67 G,44.66 G,28.09 K,141.24 K
2019-06-08 19:16:50,3.67 G,44.66 G,35.80 K,181.31 K
2019-06-08 19:16:52,3.67 G,44.67 G,31.77 K,158.92 K
2019-06-08 19:16:54,3.67 G,44.67 G,42.22 K,215.30 K
2019-06-08 19:16:56,3.67 G,44.67 G,36.96 K,184.54 K
2019-06-08 19:16:58,3.67 G,44.67 G,32.56 K,157.94 K
2019-06-08 19:17:00,3.67 G,44.67 G,37.86 K,189.14 K
2019-06-08 19:17:02,3.67 G,44.67 G,41.58 K,212.37 K
2019-06-08 19:17:04,3.67 G,44.67 G,38.51 K,201.72 K
2019-06-08 19:17:06,3.67 G,44.67 G,35.87 K,184.04 K
2019-06-08 19:17:08,3.67 G,44.67 G,39.68 K,195.64 K
2019-06-08 19:17:10,3.67 G,44.67 G,33.98 K,176.09 K
2019-06-08 19:17:12,3.67 G,44.67 G,33.87 K,151.97 K
2019-06-08 19:17:14,3.67 G,44.67 G,38.98 K,191.61 K
2019-06-08 19:17:16,3.67 G,44.67 G,33.43 K,164.66 K
2019-06-08 19:17:18,3.67 G,44.67 G,37.16 K,186.26 K
2019-06-08 19:17:20,3.67 G,44.67 G,35.93 K,183.00 K
2019-06-08 19:17:22,3.67 G,44.67 G,33.92 K,175.76 K
2019-06-08 19:17:24,3.67 G,44.67 G,37.93 K,189.98 K
2019-06-08 19:17:26,3.67 G,44.67 G,33.15 K,162.83 K
2019-06-08 19:17:28,3.67 G,44.67 G,33.21 K,169.91 K
2019-06-08 19:17:30,3.67 G,44.67 G,37.29 K,185.95 K
2019-06-08 19:17:32,3.67 G,44.67 G,34.91 K,175.70 K
2019-06-08 19:17:34,3.67 G,44.67 G,32.94 K,168.17 K
2019-06-08 19:17:36,3.67 G,44.67 G,37.86 K,196.85 K
2019-06-08 19:17:38,3.67 G,44.67 G,42.97 K,218.48 K
2019-06-08 19:17:40,3.67 G,44.67 G,41.88 K,215.59 K
2019-06-08 19:17:42,3.67 G,44.67 G,36.70 K,183.98 K
2019-06-08 19:17:44,3.67 G,44.67 G,38.38 K,188.12 K
2019-06-08 19:17:46,3.67 G,44.67 G,32.64 K,166.75 K
2019-06-08 19:17:48,3.67 G,44.67 G,28.80 K,144.49 K
2019-06-08 19:17:50,3.67 G,44.68 G,31.08 K,151.99 K
2019-06-08 19:17:53,3.67 G,44.68 G,33.86 K,172.22 K
2019-06-08 19:17:55,3.67 G,44.68 G,28.03 K,139.68 K
2019-06-08 19:17:57,3.67 G,44.68 G,35.21 K,177.96 K
2019-06-08 19:17:59,3.67 G,44.68 G,33.33 K,171.22 K
2019-06-08 19:18:01,3.67 G,44.68 G,34.88 K,172.38 K
2019-06-08 19:18:03,3.67 G,44.68 G,30.81 K,152.73 K
2019-06-08 19:18:05,3.67 G,44.68 G,33.33 K,170.51 K
2019-06-08 19:18:07,3.67 G,44.68 G,31.32 K,155.50 K
2019-06-08 19:18:09,3.67 G,44.68 G,31.91 K,165.51 K
2019-06-08 19:18:11,3.67 G,44.68 G,39.10 K,195.37 K
2019-06-08 19:18:13,3.67 G,44.68 G,35.99 K,182.17 K
2019-06-08 19:18:15,3.67 G,44.68 G,41.79 K,217.63 K
2019-06-08 19:18:17,3.67 G,44.68 G,35.93 K,183.28 K
2019-06-08 19:18:19,3.67 G,44.68 G,26.28 K,132.88 K
2019-06-08 19:18:21,3.67 G,44.68 G,32.68 K,154.98 K
2019-06-08 19:18:23,3.67 G,44.68 G,32.94 K,163.06 K
2019-06-08 19:18:25,3.67 G,44.68 G,34.90 K,172.90 K
2019-06-08 19:18:27,3.67 G,44.68 G,31.28 K,161.87 K
2019-06-08 19:18:29,3.67 G,44.68 G,35.73 K,180.48 K
2019-06-08 19:18:31,3.67 G,44.68 G,33.98 K,166.32 K
2019-06-08 19:18:33,3.67 G,44.68 G,31.02 K,149.93 K
2019-06-08 19:18:35,3.67 G,44.68 G,34.44 K,176.19 K
2019-06-08 19:18:37,3.67 G,44.68 G,29.13 K,144.42 K
2019-06-08 19:18:39,3.67 G,44.68 G,33.34 K,170.91 K
2019-06-08 19:18:41,3.67 G,44.68 G,34.12 K,170.69 K
2019-06-08 19:18:43,3.67 G,44.68 G,31.92 K,167.28 K
2019-06-08 19:18:45,3.67 G,44.68 G,39.68 K,197.84 K
2019-06-08 19:18:47,3.67 G,44.68 G,36.49 K,180.86 K
2019-06-08 19:18:49,3.67 G,44.68 G,32.23 K,164.53 K
2019-06-08 19:18:51,3.67 G,44.68 G,32.10 K,167.89 K
2019-06-08 19:18:53,3.67 G,44.68 G,33.28 K,163.17 K
2019-06-08 19:18:55,3.67 G,44.69 G,33.73 K,170.22 K
2019-06-08 19:18:57,3.67 G,44.69 G,31.21 K,155.05 K
2019-06-08 19:18:59,3.67 G,44.69 G,34.25 K,163.71 K
2019-06-08 19:19:01,3.67 G,44.69 G,33.99 K,172.40 K
2019-06-08 19:19:03,3.67 G,44.69 G,38.91 K,192.24 K
2019-06-08 19:19:05,3.67 G,44.69 G,26.29 K,129.13 K
2019-06-08 19:19:07,3.67 G,44.69 G,34.71 K,175.27 K
2019-06-08 19:19:09,3.67 G,44.69 G,38.44 K,201.30 K
2019-06-08 19:19:11,3.67 G,44.69 G,34.58 K,175.59 K
2019-06-08 19:19:13,3.67 G,44.69 G,35.74 K,178.08 K
2019-06-08 19:19:15,3.67 G,44.69 G,38.69 K,192.24 K
2019-06-08 19:19:17,3.67 G,44.69 G,32.61 K,170.23 K
2019-06-08 19:19:19,3.67 G,44.69 G,28.18 K,136.20 K
2019-06-08 19:19:21,3.67 G,44.69 G,32.58 K,158.08 K
2019-06-08 19:19:23,3.67 G,44.69 G,30.49 K,156.75 K
2019-06-08 19:19:25,3.67 G,44.69 G,32.57 K,167.68 K
2019-06-08 19:19:27,3.67 G,44.69 G,30.04 K,147.05 K
2019-06-08 19:19:29,3.67 G,44.69 G,36.84 K,181.82 K
2019-06-08 19:19:31,3.67 G,44.69 G,33.20 K,171.51 K
2019-06-08 19:19:33,3.67 G,44.69 G,34.57 K,172.29 K
2019-06-08 19:19:35,3.67 G,44.69 G,39.82 K,197.38 K
2019-06-08 19:19:37,3.67 G,44.69 G,27.77 K,142.72 K
2019-06-08 19:19:39,3.67 G,44.69 G,35.15 K,171.81 K
2019-06-08 19:19:41,3.67 G,44.69 G,40.87 K,206.77 K
2019-06-08 19:19:43,3.67 G,44.69 G,37.10 K,183.29 K
2019-06-08 19:19:46,3.67 G,44.69 G,70.74 K,321.92 K
2019-06-08 19:19:49,3.67 G,44.69 G,85.69 K,413.11 K
2019-06-08 19:19:51,3.67 G,44.70 G,69.96 K,326.01 K
2019-06-08 19:19:53,3.67 G,44.70 G,90.88 K,430.83 K
2019-06-08 19:19:55,3.67 G,44.70 G,91.70 K,418.37 K
2019-06-08 19:19:57,3.67 G,44.70 G,106.71 K,501.83 K
2019-06-08 19:19:59,3.67 G,44.70 G,88.08 K,403.11 K
2019-06-08 19:20:01,3.67 G,44.70 G,98.08 K,446.69 K
2019-06-08 19:20:03,3.67 G,44.70 G,101.40 K,481.73 K
2019-06-08 19:20:05,3.68 G,44.70 G,163.33 K,762.42 K
2019-06-08 19:20:07,3.68 G,44.70 G,114.26 K,519.43 K
2019-06-08 19:20:09,3.68 G,44.70 G,114.60 K,539.58 K
2019-06-08 19:20:11,3.68 G,44.70 G,92.97 K,429.83 K
2019-06-08 19:20:13,3.68 G,44.71 G,115.29 K,544.07 K
2019-06-08 19:20:15,3.68 G,44.71 G,68.48 K,308.37 K
2019-06-08 19:20:17,3.68 G,44.71 G,51.07 K,222.58 K
2019-06-08 19:20:19,3.68 G,44.71 G,44.49 K,210.02 K
2019-06-08 19:20:21,3.68 G,44.71 G,58.10 K,275.55 K
2019-06-08 19:20:23,3.68 G,44.71 G,29.13 K,135.45 K
2019-06-08 19:20:25,3.68 G,44.71 G,71.30 K,332.55 K
2019-06-08 19:20:28,3.68 G,44.71 G,90.01 K,411.00 K
2019-06-08 19:20:30,3.68 G,44.71 G,76.16 K,355.22 K
2019-06-08 19:20:32,3.68 G,44.71 G,80.02 K,362.19 K
2019-06-08 19:20:34,3.68 G,44.71 G,90.67 K,415.31 K
2019-06-08 19:20:36,3.68 G,44.71 G,91.90 K,438.51 K
2019-06-08 19:20:38,3.68 G,44.71 G,80.37 K,368.92 K
2019-06-08 19:20:40,3.68 G,44.71 G,76.20 K,355.64 K
2019-06-08 19:20:42,3.68 G,44.72 G,76.15 K,355.55 K
2019-06-08 19:20:44,3.68 G,44.72 G,84.51 K,383.75 K
2019-06-08 19:20:46,3.68 G,44.72 G,91.17 K,422.33 K
2019-06-08 19:20:48,3.68 G,44.72 G,100.54 K,458.64 K
2019-06-08 19:20:50,3.68 G,44.72 G,95.68 K,458.25 K
2019-06-08 19:20:52,3.68 G,44.72 G,90.59 K,416.14 K
2019-06-08 19:20:54,3.68 G,44.72 G,91.61 K,425.05 K
2019-06-08 19:20:56,3.68 G,44.72 G,80.89 K,379.28 K
2019-06-08 19:20:58,3.68 G,44.72 G,84.18 K,386.15 K
2019-06-08 19:21:00,3.68 G,44.72 G,81.26 K,376.10 K
2019-06-08 19:21:02,3.68 G,44.72 G,74.25 K,346.33 K
2019-06-08 19:21:04,3.68 G,44.72 G,109.73 K,516.54 K
2019-06-08 19:21:06,3.68 G,44.72 G,86.16 K,400.90 K
2019-06-08 19:21:08,3.68 G,44.73 G,87.81 K,420.55 K
2019-06-08 19:21:10,3.68 G,44.73 G,101.68 K,467.77 K
2019-06-08 19:21:12,3.68 G,44.73 G,82.60 K,387.44 K
2019-06-08 19:21:14,3.68 G,44.73 G,71.58 K,333.05 K
2019-06-08 19:21:16,3.68 G,44.73 G,83.30 K,383.82 K
2019-06-08 19:21:18,3.68 G,44.73 G,75.07 K,348.77 K
2019-06-08 19:21:20,3.68 G,44.73 G,84.17 K,401.94 K
2019-06-08 19:21:22,3.68 G,44.73 G,81.17 K,374.49 K
2019-06-08 19:21:24,3.68 G,44.73 G,79.50 K,371.96 K
2019-06-08 19:21:26,3.68 G,44.73 G,90.33 K,410.90 K
2019-06-08 19:21:28,3.68 G,44.73 G,98.31 K,446.29 K
2019-06-08 19:21:30,3.68 G,44.73 G,8.81 K,44.07 K
2019-06-08 19:21:32,3.68 G,44.73 G,86.84 K,379.88 K
2019-06-08 19:21:34,3.68 G,44.74 G,124.52 K,546.38 K
2019-06-08 19:21:36,3.68 G,44.74 G,92.87 K,398.75 K
2019-06-08 19:21:38,3.68 G,44.74 G,94.67 K,408.79 K
2019-06-08 19:21:41,3.68 G,44.74 G,31.64 K,151.83 K
2019-06-08 19:21:43,3.68 G,44.74 G,32.68 K,157.09 K
2019-06-08 19:21:45,3.68 G,44.74 G,27.45 K,136.58 K
2019-06-08 19:21:47,3.68 G,44.74 G,34.05 K,170.01 K
2019-06-08 19:21:49,3.68 G,44.74 G,30.16 K,149.35 K
2019-06-08 19:21:51,3.68 G,44.74 G,25.69 K,131.01 K
2019-06-08 19:21:53,3.68 G,44.74 G,34.63 K,174.52 K
2019-06-08 19:21:55,3.68 G,44.74 G,32.44 K,164.98 K
2019-06-08 19:21:57,3.68 G,44.74 G,34.44 K,175.67 K
2019-06-08 19:21:59,3.68 G,44.74 G,32.61 K,157.77 K
2019-06-08 19:22:01,3.68 G,44.74 G,32.69 K,183.88 K
2019-06-08 19:22:03,3.68 G,44.74 G,28.95 K,150.87 K
2019-06-08 19:22:05,3.68 G,44.74 G,32.74 K,172.85 K
2019-06-08 19:22:07,3.68 G,44.74 G,33.27 K,169.98 K
2019-06-08 19:22:09,3.68 G,44.74 G,32.63 K,166.99 K
2019-06-08 19:22:11,3.68 G,44.74 G,28.93 K,143.82 K
2019-06-08 19:22:13,3.68 G,44.74 G,30.11 K,159.03 K
2019-06-08 19:22:15,3.68 G,44.74 G,30.29 K,149.71 K
2019-06-08 19:22:17,3.68 G,44.74 G,30.17 K,149.50 K
2019-06-08 19:22:19,3.68 G,44.74 G,28.93 K,144.32 K
2019-06-08 19:22:21,3.68 G,44.74 G,30.79 K,152.15 K
2019-06-08 19:22:23,3.68 G,44.74 G,31.36 K,152.48 K
2019-06-08 19:22:25,3.68 G,44.74 G,34.75 K,168.92 K
2019-06-08 19:22:27,3.68 G,44.74 G,31.39 K,155.35 K
2019-06-08 19:22:29,3.68 G,44.74 G,35.66 K,178.86 K
2019-06-08 19:22:31,3.68 G,44.74 G,28.22 K,141.75 K
2019-06-08 19:22:33,3.68 G,44.75 G,27.26 K,136.73 K
2019-06-08 19:22:35,3.68 G,44.75 G,32.03 K,158.19 K
2019-06-08 19:22:37,3.68 G,44.75 G,36.98 K,182.65 K
2019-06-08 19:22:39,3.68 G,44.75 G,34.10 K,175.67 K
2019-06-08 19:22:41,3.68 G,44.75 G,34.81 K,168.64 K
2019-06-08 19:22:43,3.68 G,44.75 G,32.69 K,164.64 K
2019-06-08 19:22:45,3.68 G,44.75 G,26.87 K,138.02 K
2019-06-08 19:22:47,3.68 G,44.75 G,33.02 K,166.99 K
2019-06-08 19:22:49,3.68 G,44.75 G,30.10 K,152.41 K
2019-06-08 19:22:51,3.68 G,44.75 G,36.51 K,182.93 K
2019-06-08 19:22:53,3.69 G,44.75 G,31.04 K,151.86 K
2019-06-08 19:22:55,3.69 G,44.75 G,30.10 K,149.97 K
2019-06-08 19:22:57,3.69 G,44.75 G,36.57 K,183.51 K
2019-06-08 19:22:59,3.69 G,44.75 G,34.38 K,167.33 K
2019-06-08 19:23:02,3.69 G,44.75 G,26.35 K,143.35 K
2019-06-08 19:23:04,3.69 G,44.75 G,25.77 K,130.28 K
2019-06-08 19:23:06,3.69 G,44.75 G,30.81 K,162.31 K
2019-06-08 19:23:08,3.69 G,44.75 G,28.09 K,141.16 K
2019-06-08 19:23:10,3.69 G,44.75 G,27.05 K,138.84 K
2019-06-08 19:23:12,3.69 G,44.75 G,36.06 K,180.95 K
2019-06-08 19:23:14,3.69 G,44.75 G,32.11 K,164.42 K
2019-06-08 19:23:16,3.69 G,44.75 G,32.81 K,160.88 K
2019-06-08 19:23:18,3.69 G,44.75 G,30.42 K,149.53 K
2019-06-08 19:23:20,3.69 G,44.75 G,34.12 K,172.76 K
2019-06-08 19:23:22,3.69 G,44.75 G,39.68 K,197.16 K
2019-06-08 19:23:24,3.69 G,44.75 G,33.09 K,165.80 K
2019-06-08 19:23:26,3.69 G,44.75 G,29.16 K,145.20 K
2019-06-08 19:23:28,3.69 G,44.75 G,32.57 K,169.24 K
2019-06-08 19:23:30,3.69 G,44.75 G,35.15 K,175.93 K
2019-06-08 19:23:32,3.69 G,44.75 G,29.58 K,150.43 K
2019-06-08 19:23:34,3.69 G,44.75 G,30.70 K,151.98 K
2019-06-08 19:23:36,3.69 G,44.75 G,28.36 K,147.84 K
2019-06-08 19:23:38,3.69 G,44.76 G,32.68 K,170.21 K
2019-06-08 19:23:40,3.69 G,44.76 G,31.86 K,154.29 K
2019-06-08 19:23:42,3.69 G,44.76 G,34.64 K,175.24 K
2019-06-08 19:23:44,3.69 G,44.76 G,30.29 K,149.52 K
2019-06-08 19:23:46,3.69 G,44.76 G,30.63 K,159.32 K
2019-06-08 19:23:48,3.69 G,44.76 G,39.61 K,195.09 K
2019-06-08 19:23:50,3.69 G,44.76 G,32.57 K,167.52 K
2019-06-08 19:23:52,3.69 G,44.76 G,33.28 K,170.64 K
2019-06-08 19:23:54,3.69 G,44.76 G,33.43 K,176.36 K
2019-06-08 19:23:56,3.69 G,44.76 G,37.87 K,189.97 K
2019-06-08 19:23:58,3.69 G,44.76 G,38.45 K,185.58 K
2019-06-08 19:24:00,3.69 G,44.76 G,30.75 K,153.98 K
2019-06-08 19:24:02,3.69 G,44.76 G,32.05 K,163.57 K
2019-06-08 19:24:04,3.69 G,44.76 G,31.21 K,159.01 K
2019-06-08 19:24:06,3.69 G,44.76 G,25.51 K,123.67 K
2019-06-08 19:24:08,3.69 G,44.76 G,27.63 K,138.63 K
2019-06-08 19:24:10,3.69 G,44.76 G,35.16 K,180.91 K
2019-06-08 19:24:12,3.69 G,44.76 G,40.26 K,196.71 K
2019-06-08 19:24:14,3.69 G,44.76 G,34.56 K,175.98 K
2019-06-08 19:24:16,3.69 G,44.76 G,37.09 K,186.28 K
2019-06-08 19:24:18,3.69 G,44.76 G,34.03 K,165.55 K
2019-06-08 19:24:20,3.69 G,44.76 G,37.81 K,196.20 K
2019-06-08 19:24:22,3.69 G,44.76 G,33.60 K,172.25 K
2019-06-08 19:24:24,3.69 G,44.76 G,42.86 K,217.17 K
2019-06-08 19:24:26,3.69 G,44.76 G,28.33 K,145.28 K
2019-06-08 19:24:28,3.69 G,44.76 G,37.29 K,186.25 K
2019-06-08 19:24:30,3.69 G,44.76 G,37.73 K,191.97 K
2019-06-08 19:24:32,3.69 G,44.76 G,30.22 K,150.24 K
2019-06-08 19:24:34,3.69 G,44.76 G,28.76 K,147.01 K
2019-06-08 19:24:36,3.69 G,44.76 G,39.63 K,203.76 K
2019-06-08 19:24:38,3.69 G,44.76 G,41.04 K,203.22 K
2019-06-08 19:24:40,3.69 G,44.76 G,28.28 K,138.73 K
2019-06-08 19:24:42,3.69 G,44.77 G,35.86 K,181.29 K
2019-06-08 19:24:44,3.69 G,44.77 G,35.80 K,178.82 K
2019-06-08 19:24:46,3.69 G,44.77 G,34.62 K,168.56 K
2019-06-08 19:24:48,3.69 G,44.77 G,28.80 K,138.68 K
2019-06-08 19:24:50,3.69 G,44.77 G,41.57 K,211.86 K
2019-06-08 19:24:52,3.69 G,44.77 G,35.74 K,180.56 K
2019-06-08 19:24:54,3.69 G,44.77 G,35.39 K,181.62 K
2019-06-08 19:24:56,3.69 G,44.77 G,35.51 K,181.29 K
2019-06-08 19:24:58,3.69 G,44.77 G,32.57 K,170.90 K
2019-06-08 19:25:00,3.69 G,44.77 G,28.87 K,144.43 K
2019-06-08 19:25:02,3.69 G,44.77 G,37.80 K,185.95 K
2019-06-08 19:25:04,3.69 G,44.77 G,25.57 K,130.16 K
2019-06-08 19:25:06,3.69 G,44.77 G,28.63 K,150.92 K
2019-06-08 19:25:08,3.69 G,44.77 G,30.03 K,149.45 K
2019-06-08 19:25:10,3.69 G,44.77 G,33.09 K,167.20 K
2019-06-08 19:25:12,3.69 G,44.77 G,38.32 K,191.45 K
2019-06-08 19:25:14,3.69 G,44.77 G,30.11 K,156.76 K
2019-06-08 19:25:16,3.69 G,44.77 G,39.68 K,206.38 K
2019-06-08 19:25:18,3.69 G,44.77 G,35.27 K,169.22 K
2019-06-08 19:25:20,3.69 G,44.77 G,36.45 K,183.61 K
2019-06-08 19:25:22,3.69 G,44.77 G,37.22 K,177.26 K
2019-06-08 19:25:24,3.69 G,44.77 G,26.92 K,145.88 K
2019-06-08 19:25:26,3.69 G,44.77 G,33.86 K,175.31 K
2019-06-08 19:25:28,3.69 G,44.77 G,35.25 K,176.64 K
2019-06-08 19:25:30,3.69 G,44.77 G,34.43 K,168.53 K
2019-06-08 19:25:32,3.69 G,44.77 G,29.51 K,144.52 K
2019-06-08 19:25:34,3.69 G,44.77 G,33.98 K,166.02 K
2019-06-08 19:25:36,3.69 G,44.77 G,40.38 K,206.98 K
2019-06-08 19:25:38,3.69 G,44.77 G,39.87 K,200.03 K
2019-06-08 19:25:40,3.69 G,44.77 G,35.87 K,174.03 K
2019-06-08 19:25:42,3.69 G,44.78 G,32.61 K,160.48 K
2019-06-08 19:25:44,3.69 G,44.78 G,32.04 K,164.39 K
2019-06-08 19:25:46,3.69 G,44.78 G,31.45 K,164.62 K
2019-06-08 19:25:49,3.69 G,44.78 G,32.04 K,166.98 K
2019-06-08 19:25:51,3.69 G,44.78 G,33.92 K,173.35 K
2019-06-08 19:25:53,3.69 G,44.78 G,33.86 K,164.05 K
2019-06-08 19:25:55,3.69 G,44.78 G,28.16 K,140.76 K
2019-06-08 19:25:57,3.69 G,44.78 G,34.17 K,176.03 K
2019-06-08 19:25:59,3.69 G,44.78 G,38.51 K,198.41 K
2019-06-08 19:26:01,3.69 G,44.78 G,31.59 K,168.30 K
2019-06-08 19:26:03,3.69 G,44.78 G,29.98 K,147.08 K
2019-06-08 19:26:05,3.69 G,44.78 G,37.94 K,189.62 K
2019-06-08 19:26:07,3.69 G,44.78 G,36.31 K,180.56 K
2019-06-08 19:26:09,3.69 G,44.78 G,31.45 K,151.88 K
2019-06-08 19:26:11,3.69 G,44.78 G,34.64 K,165.37 K
2019-06-08 19:26:13,3.69 G,44.78 G,33.86 K,163.57 K
2019-06-08 19:26:15,3.69 G,44.78 G,35.99 K,186.74 K
2019-06-08 19:26:17,3.69 G,44.78 G,33.21 K,172.56 K
2019-06-08 19:26:19,3.69 G,44.78 G,36.56 K,181.89 K
2019-06-08 19:26:21,3.69 G,44.78 G,32.69 K,169.68 K
2019-06-08 19:26:23,3.69 G,44.78 G,37.75 K,189.92 K
2019-06-08 19:26:25,3.69 G,44.78 G,31.46 K,155.43 K
2019-06-08 19:26:27,3.69 G,44.78 G,34.90 K,172.46 K
2019-06-08 19:26:29,3.69 G,44.78 G,37.63 K,188.77 K
2019-06-08 19:26:31,3.69 G,44.78 G,35.80 K,181.30 K
2019-06-08 19:26:33,3.69 G,44.78 G,41.63 K,205.00 K
2019-06-08 19:26:35,3.69 G,44.78 G,46.98 K,230.47 K
2019-06-08 19:26:37,3.69 G,44.78 G,41.24 K,209.77 K
2019-06-08 19:26:39,3.69 G,44.78 G,34.58 K,177.90 K
2019-06-08 19:26:42,3.69 G,44.79 G,115.03 K,556.94 K
2019-06-08 19:26:44,3.69 G,44.79 G,103.62 K,492.71 K
2019-06-08 19:26:46,3.69 G,44.79 G,108.64 K,513.40 K
2019-06-08 19:26:48,3.69 G,44.79 G,102.69 K,477.81 K
2019-06-08 19:26:50,3.69 G,44.79 G,96.35 K,469.53 K
2019-06-08 19:26:52,3.69 G,44.79 G,128.13 K,625.33 K
2019-06-08 19:26:56,3.69 G,44.79 G,108.62 K,539.95 K
2019-06-08 19:26:58,3.69 G,44.79 G,101.68 K,524.13 K
2019-06-08 19:27:02,3.69 G,44.79 G,78.70 K,366.71 K
2019-06-08 19:27:04,3.69 G,44.79 G,90.04 K,419.45 K
2019-06-08 19:27:06,3.69 G,44.80 G,79.38 K,370.04 K
2019-06-08 19:27:08,3.69 G,44.80 G,61.29 K,273.46 K
2019-06-08 19:27:10,3.69 G,44.80 G,96.87 K,432.41 K
2019-06-08 19:27:12,3.69 G,44.80 G,111.05 K,494.30 K
2019-06-08 19:27:14,3.70 G,44.80 G,114.88 K,516.55 K
2019-06-08 19:27:16,3.70 G,44.80 G,108.59 K,488.45 K
2019-06-08 19:27:18,3.70 G,44.80 G,101.36 K,456.49 K
2019-06-08 19:27:20,3.70 G,44.80 G,94.69 K,427.04 K
2019-06-08 19:27:22,3.70 G,44.80 G,106.78 K,478.18 K
2019-06-08 19:27:24,3.70 G,44.80 G,94.75 K,423.69 K
2019-06-08 19:27:26,3.70 G,44.80 G,107.30 K,474.91 K
2019-06-08 19:27:28,3.70 G,44.81 G,128.71 K,579.30 K
2019-06-08 19:27:30,3.70 G,44.81 G,115.73 K,517.78 K
2019-06-08 19:27:32,3.70 G,44.81 G,116.63 K,523.23 K
2019-06-08 19:27:34,3.70 G,44.81 G,101.18 K,448.74 K
2019-06-08 19:27:36,3.70 G,44.81 G,111.07 K,500.90 K
2019-06-08 19:27:38,3.70 G,44.81 G,111.75 K,501.60 K
2019-06-08 19:27:40,3.70 G,44.81 G,115.48 K,519.50 K
2019-06-08 19:27:42,3.70 G,44.81 G,102.23 K,455.61 K
2019-06-08 19:27:45,3.70 G,44.81 G,91.70 K,416.06 K
2019-06-08 19:27:47,3.70 G,44.81 G,110.73 K,491.26 K
2019-06-08 19:27:49,3.70 G,44.81 G,94.57 K,424.05 K
2019-06-08 19:27:51,3.70 G,44.82 G,82.46 K,376.10 K
2019-06-08 19:27:53,3.70 G,44.82 G,94.45 K,410.15 K
2019-06-08 19:27:55,3.70 G,44.82 G,101.80 K,445.45 K
2019-06-08 19:27:57,3.70 G,44.82 G,105.62 K,469.15 K
2019-06-08 19:27:59,3.70 G,44.82 G,89.54 K,402.04 K
2019-06-08 19:28:01,3.70 G,44.82 G,101.30 K,463.71 K
2019-06-08 19:28:03,3.70 G,44.82 G,116.86 K,512.37 K
2019-06-08 19:28:05,3.70 G,44.82 G,105.58 K,458.47 K
2019-06-08 19:28:08,3.70 G,44.82 G,157.10 K,730.52 K
2019-06-08 19:28:10,3.70 G,44.82 G,142.10 K,667.35 K
2019-06-08 19:28:12,3.70 G,44.83 G,153.13 K,716.74 K
2019-06-08 19:28:14,3.70 G,44.83 G,143.63 K,678.37 K
2019-06-08 19:28:16,3.70 G,44.83 G,110.68 K,511.11 K
2019-06-08 19:28:19,3.70 G,44.83 G,99.03 K,422.53 K
2019-06-08 19:28:21,3.70 G,44.83 G,97.44 K,427.84 K
2019-06-08 19:28:23,3.70 G,44.83 G,99.19 K,433.06 K
2019-06-08 19:28:25,3.70 G,44.83 G,113.89 K,498.67 K
2019-06-08 19:28:27,3.70 G,44.83 G,107.36 K,470.27 K
2019-06-08 19:28:29,3.70 G,44.83 G,118.91 K,525.29 K
2019-06-08 19:28:31,3.70 G,44.83 G,117.55 K,506.45 K
2019-06-08 19:28:33,3.70 G,44.84 G,119.21 K,535.31 K
2019-06-08 19:28:35,3.70 G,44.84 G,109.27 K,490.31 K
2019-06-08 19:28:37,3.70 G,44.84 G,123.19 K,538.76 K
2019-06-08 19:28:39,3.70 G,44.84 G,104.32 K,451.42 K
2019-06-08 19:28:41,3.70 G,44.84 G,106.32 K,472.75 K
2019-06-08 19:28:43,3.70 G,44.84 G,112.92 K,501.05 K
2019-06-08 19:28:45,3.70 G,44.84 G,120.47 K,542.06 K
2019-06-08 19:28:47,3.70 G,44.84 G,113.28 K,496.68 K
2019-06-08 19:28:49,3.70 G,44.84 G,91.59 K,401.19 K
2019-06-08 19:28:51,3.71 G,44.84 G,106.71 K,472.57 K
2019-06-08 19:28:53,3.71 G,44.84 G,111.48 K,478.02 K
2019-06-08 19:28:55,3.71 G,44.85 G,117.66 K,509.78 K
2019-06-08 19:28:57,3.71 G,44.85 G,104.25 K,448.00 K
2019-06-08 19:28:59,3.71 G,44.85 G,112.42 K,491.14 K
2019-06-08 19:29:01,3.71 G,44.85 G,102.42 K,458.52 K
2019-06-08 19:29:03,3.71 G,44.85 G,103.74 K,456.70 K
2019-06-08 19:29:05,3.71 G,44.85 G,126.18 K,544.04 K
2019-06-08 19:29:07,3.71 G,44.85 G,102.60 K,443.36 K
2019-06-08 19:29:09,3.71 G,44.85 G,114.47 K,504.03 K
2019-06-08 19:29:11,3.71 G,44.85 G,113.89 K,485.82 K
2019-06-08 19:29:13,3.71 G,44.85 G,110.73 K,478.34 K
2019-06-08 19:29:15,3.71 G,44.86 G,116.55 K,516.89 K
2019-06-08 19:29:17,3.71 G,44.86 G,109.21 K,470.20 K
2019-06-08 19:29:19,3.71 G,44.86 G,133.10 K,594.91 K
2019-06-08 19:29:21,3.71 G,44.86 G,125.17 K,541.95 K
2019-06-08 19:29:23,3.71 G,44.86 G,124.72 K,544.17 K
2019-06-08 19:29:25,3.71 G,44.86 G,123.74 K,541.40 K
2019-06-08 19:29:27,3.71 G,44.86 G,97.08 K,426.88 K
2019-06-08 19:29:29,3.71 G,44.86 G,126.73 K,557.17 K
2019-06-08 19:29:31,3.71 G,44.86 G,126.61 K,543.81 K
2019-06-08 19:29:33,3.71 G,44.86 G,115.01 K,499.00 K
2019-06-08 19:29:35,3.71 G,44.86 G,102.94 K,448.64 K
2019-06-08 19:29:37,3.71 G,44.87 G,134.05 K,576.40 K
2019-06-08 19:29:39,3.71 G,44.87 G,104.69 K,464.34 K
2019-06-08 19:29:41,3.71 G,44.87 G,120.70 K,527.18 K
2019-06-08 19:29:43,3.71 G,44.87 G,97.65 K,427.67 K
2019-06-08 19:29:45,3.71 G,44.87 G,112.92 K,494.40 K
2019-06-08 19:29:47,3.71 G,44.87 G,94.29 K,401.82 K
2019-06-08 19:29:49,3.71 G,44.87 G,114.62 K,498.86 K
2019-06-08 19:29:51,3.71 G,44.87 G,107.96 K,458.96 K
2019-06-08 19:29:53,3.71 G,44.87 G,107.79 K,474.31 K
2019-06-08 19:29:55,3.71 G,44.87 G,95.31 K,413.81 K
2019-06-08 19:29:57,3.71 G,44.88 G,101.82 K,442.97 K
2019-06-08 19:29:59,3.71 G,44.88 G,116.55 K,501.54 K
2019-06-08 19:30:01,3.71 G,44.88 G,98.14 K,436.78 K
2019-06-08 19:30:03,3.71 G,44.88 G,123.97 K,539.11 K
2019-06-08 19:30:05,3.71 G,44.88 G,153.06 K,661.28 K
2019-06-08 19:30:07,3.71 G,44.88 G,194.53 K,847.86 K
2019-06-08 19:30:09,3.71 G,44.88 G,145.24 K,621.92 K
2019-06-08 19:30:11,3.71 G,44.88 G,90.85 K,395.87 K
2019-06-08 19:30:13,3.71 G,44.88 G,121.67 K,529.07 K
2019-06-08 19:30:15,3.71 G,44.89 G,88.16 K,376.96 K
2019-06-08 19:30:17,3.71 G,44.89 G,48.44 K,206.19 K
2019-06-08 19:30:19,3.71 G,44.89 G,69.34 K,304.76 K
2019-06-08 19:30:21,3.72 G,44.89 G,99.56 K,427.92 K
2019-06-08 19:30:23,3.72 G,44.89 G,182.35 K,781.82 K
2019-06-08 19:30:25,3.72 G,44.89 G,246.24 K,1.07 M
2019-06-08 19:30:27,3.72 G,44.89 G,34.04 K,149.73 K
2019-06-08 19:30:29,3.72 G,44.89 G,86.58 K,368.76 K
2019-06-08 19:30:32,3.72 G,44.89 G,103.17 K,471.64 K
2019-06-08 19:30:34,3.72 G,44.89 G,125.86 K,538.82 K
2019-06-08 19:30:36,3.72 G,44.90 G,91.13 K,392.61 K
2019-06-08 19:30:38,3.72 G,44.90 G,92.81 K,416.09 K
2019-06-08 19:30:40,3.72 G,44.90 G,128.61 K,562.01 K
2019-06-08 19:30:42,3.72 G,44.90 G,120.83 K,520.15 K
2019-06-08 19:30:44,3.72 G,44.90 G,100.92 K,458.43 K
2019-06-08 19:30:46,3.72 G,44.90 G,107.06 K,464.01 K
2019-06-08 19:30:48,3.72 G,44.90 G,103.03 K,462.23 K
2019-06-08 19:30:50,3.72 G,44.90 G,121.67 K,539.00 K
2019-06-08 19:30:52,3.72 G,44.90 G,121.18 K,533.62 K
2019-06-08 19:30:54,3.72 G,44.90 G,136.41 K,589.38 K
2019-06-08 19:30:56,3.72 G,44.90 G,122.62 K,538.09 K
2019-06-08 19:30:58,3.72 G,44.91 G,118.40 K,525.08 K
2019-06-08 19:31:00,3.72 G,44.91 G,113.68 K,498.96 K
2019-06-08 19:31:02,3.72 G,44.91 G,112.97 K,500.93 K
2019-06-08 19:31:04,3.72 G,44.91 G,125.28 K,542.72 K
2019-06-08 19:31:06,3.72 G,44.91 G,107.26 K,479.98 K
2019-06-08 19:31:08,3.72 G,44.91 G,98.94 K,440.29 K
2019-06-08 19:31:10,3.72 G,44.91 G,138.67 K,605.36 K
2019-06-08 19:31:12,3.72 G,44.91 G,111.84 K,484.20 K
2019-06-08 19:31:14,3.72 G,44.91 G,103.71 K,451.80 K
2019-06-08 19:31:16,3.72 G,44.91 G,96.64 K,434.78 K
2019-06-08 19:31:18,3.72 G,44.92 G,114.14 K,501.52 K
2019-06-08 19:31:20,3.72 G,44.92 G,90.47 K,410.65 K
2019-06-08 19:31:22,3.72 G,44.92 G,100.52 K,443.23 K
2019-06-08 19:31:24,3.72 G,44.92 G,115.13 K,509.60 K
2019-06-08 19:31:26,3.72 G,44.92 G,132.03 K,576.61 K
2019-06-08 19:31:28,3.72 G,44.92 G,107.52 K,462.59 K
2019-06-08 19:31:30,3.72 G,44.92 G,112.57 K,482.52 K
2019-06-08 19:31:32,3.72 G,44.92 G,148.17 K,632.15 K
2019-06-08 19:31:34,3.72 G,44.92 G,100.79 K,456.85 K
2019-06-08 19:31:36,3.72 G,44.92 G,130.94 K,554.91 K
2019-06-08 19:31:38,3.72 G,44.93 G,111.36 K,485.33 K
2019-06-08 19:31:40,3.72 G,44.93 G,116.01 K,502.02 K
2019-06-08 19:31:42,3.72 G,44.93 G,125.44 K,554.11 K
2019-06-08 19:31:44,3.72 G,44.93 G,121.11 K,525.44 K
2019-06-08 19:31:46,3.72 G,44.93 G,128.86 K,563.86 K
2019-06-08 19:31:48,3.72 G,44.93 G,124.50 K,547.14 K
2019-06-08 19:31:50,3.73 G,44.93 G,131.67 K,574.26 K
2019-06-08 19:31:52,3.73 G,44.93 G,145.24 K,636.77 K
2019-06-08 19:31:54,3.73 G,44.93 G,130.78 K,567.98 K
2019-06-08 19:31:56,3.73 G,44.93 G,154.72 K,677.00 K
2019-06-08 19:31:58,3.73 G,44.94 G,117.26 K,517.27 K
2019-06-08 19:32:00,3.73 G,44.94 G,127.95 K,552.53 K
2019-06-08 19:32:02,3.73 G,44.94 G,109.28 K,480.27 K
2019-06-08 19:32:04,3.73 G,44.94 G,144.86 K,632.36 K
2019-06-08 19:32:06,3.73 G,44.94 G,128.00 K,549.08 K
2019-06-08 19:32:08,3.73 G,44.94 G,130.89 K,569.60 K
2019-06-08 19:32:10,3.73 G,44.94 G,115.60 K,499.51 K
2019-06-08 19:32:12,3.73 G,44.94 G,124.16 K,538.94 K
2019-06-08 19:32:14,3.73 G,44.94 G,126.21 K,560.58 K
2019-06-08 19:32:16,3.73 G,44.95 G,128.25 K,550.07 K
2019-06-08 19:32:18,3.73 G,44.95 G,129.70 K,569.79 K
2019-06-08 19:32:20,3.73 G,44.95 G,136.44 K,595.40 K
2019-06-08 19:32:22,3.73 G,44.95 G,109.72 K,480.05 K
2019-06-08 19:32:24,3.73 G,44.95 G,138.28 K,599.54 K
2019-06-08 19:32:26,3.73 G,44.95 G,141.81 K,616.75 K
2019-06-08 19:32:28,3.73 G,44.95 G,124.40 K,538.55 K
2019-06-08 19:32:30,3.73 G,44.95 G,113.44 K,501.62 K
2019-06-08 19:32:32,3.73 G,44.95 G,136.25 K,589.85 K
2019-06-08 19:32:34,3.73 G,44.95 G,134.24 K,581.66 K
2019-06-08 19:32:36,3.73 G,44.96 G,93.28 K,419.28 K
2019-06-08 19:32:38,3.73 G,44.96 G,147.58 K,654.07 K
2019-06-08 19:32:40,3.73 G,44.96 G,148.86 K,634.98 K
2019-06-08 19:32:42,3.73 G,44.96 G,126.97 K,555.63 K
2019-06-08 19:32:44,3.73 G,44.96 G,137.70 K,595.02 K
2019-06-08 19:32:46,3.73 G,44.96 G,138.17 K,597.77 K
2019-06-08 19:32:48,3.73 G,44.96 G,127.74 K,556.90 K
2019-06-08 19:32:50,3.73 G,44.96 G,106.76 K,476.97 K
2019-06-08 19:32:52,3.73 G,44.96 G,136.78 K,589.43 K
2019-06-08 19:32:54,3.73 G,44.97 G,136.25 K,592.85 K
2019-06-08 19:32:56,3.73 G,44.97 G,125.80 K,543.50 K
2019-06-08 19:32:58,3.73 G,44.97 G,143.89 K,637.05 K
2019-06-08 19:33:00,3.73 G,44.97 G,128.26 K,555.77 K
2019-06-08 19:33:02,3.73 G,44.97 G,115.85 K,504.15 K
2019-06-08 19:33:04,3.73 G,44.97 G,141.93 K,623.74 K
2019-06-08 19:33:06,3.73 G,44.97 G,132.45 K,574.46 K
2019-06-08 19:33:08,3.73 G,44.97 G,145.09 K,632.35 K
2019-06-08 19:33:10,3.74 G,44.97 G,137.85 K,599.88 K
2019-06-08 19:33:12,3.74 G,44.98 G,129.50 K,573.21 K
2019-06-08 19:33:14,3.74 G,44.98 G,165.46 K,715.50 K
2019-06-08 19:33:16,3.74 G,44.98 G,127.58 K,561.97 K
2019-06-08 19:33:22,3.74 G,44.98 G,330.00 B,1.28 K
2019-06-08 19:33:24,3.74 G,44.98 G,264.56 K,1.23 M
2019-06-08 19:33:26,3.74 G,44.98 G,231.17 K,1.03 M
2019-06-08 19:33:28,3.74 G,44.99 G,260.54 K,1.19 M
2019-06-08 19:33:30,3.74 G,44.99 G,195.04 K,974.94 K
2019-06-08 19:33:32,3.74 G,44.99 G,25.40 K,189.81 K
2019-06-08 19:33:34,3.74 G,44.99 G,140.56 K,623.72 K
2019-06-08 19:33:36,3.74 G,44.99 G,149.49 K,672.25 K
2019-06-08 19:33:38,3.74 G,44.99 G,153.25 K,701.69 K
2019-06-08 19:33:40,3.74 G,44.99 G,135.88 K,623.91 K
2019-06-08 19:33:42,3.74 G,45.00 G,150.95 K,680.25 K
2019-06-08 19:33:44,3.74 G,45.00 G,165.43 K,749.64 K
2019-06-08 19:33:46,3.74 G,45.00 G,162.17 K,733.50 K
2019-06-08 19:33:48,3.74 G,45.00 G,175.05 K,795.75 K
2019-06-08 19:33:50,3.74 G,45.00 G,137.44 K,615.66 K
2019-06-08 19:33:52,3.74 G,45.00 G,164.92 K,741.68 K
2019-06-08 19:33:54,3.74 G,45.00 G,153.96 K,690.29 K
2019-06-08 19:33:56,3.74 G,45.00 G,169.91 K,750.24 K
2019-06-08 19:33:58,3.74 G,45.01 G,184.28 K,839.97 K
2019-06-08 19:34:00,3.74 G,45.01 G,159.72 K,725.82 K
2019-06-08 19:34:02,3.74 G,45.01 G,138.63 K,627.03 K
2019-06-08 19:34:04,3.74 G,45.01 G,147.69 K,676.52 K
2019-06-08 19:34:06,3.74 G,45.01 G,163.12 K,749.51 K
2019-06-08 19:34:08,3.74 G,45.01 G,142.83 K,635.16 K
2019-06-08 19:34:10,3.74 G,45.01 G,155.35 K,703.49 K
2019-06-08 19:34:12,3.74 G,45.02 G,166.07 K,757.84 K
2019-06-08 19:34:14,3.74 G,45.02 G,141.31 K,635.45 K
2019-06-08 19:34:16,3.74 G,45.02 G,169.26 K,753.87 K
2019-06-08 19:34:18,3.74 G,45.02 G,186.42 K,832.97 K
2019-06-08 19:34:20,3.75 G,45.02 G,182.13 K,821.89 K
2019-06-08 19:34:22,3.75 G,45.02 G,158.00 K,717.28 K
2019-06-08 19:34:24,3.75 G,45.02 G,177.54 K,805.51 K
2019-06-08 19:34:26,3.75 G,45.03 G,155.87 K,712.22 K
2019-06-08 19:34:28,3.75 G,45.03 G,198.14 K,887.36 K
2019-06-08 19:34:30,3.75 G,45.03 G,165.57 K,751.73 K
2019-06-08 19:34:32,3.75 G,45.03 G,151.42 K,666.87 K
2019-06-08 19:34:34,3.75 G,45.03 G,165.39 K,744.53 K
2019-06-08 19:34:36,3.75 G,45.03 G,188.26 K,850.73 K
2019-06-08 19:34:38,3.75 G,45.03 G,182.66 K,831.84 K
2019-06-08 19:34:40,3.75 G,45.04 G,160.83 K,731.03 K
2019-06-08 19:34:42,3.75 G,45.04 G,175.96 K,798.95 K
2019-06-08 19:34:44,3.75 G,45.04 G,165.47 K,760.21 K
2019-06-08 19:34:46,3.75 G,45.04 G,173.59 K,789.50 K
2019-06-08 19:34:48,3.75 G,45.04 G,156.87 K,718.82 K
2019-06-08 19:34:50,3.75 G,45.04 G,173.00 K,785.08 K
2019-06-08 19:34:52,3.75 G,45.04 G,178.45 K,817.09 K
2019-06-08 19:34:54,3.75 G,45.05 G,171.49 K,762.33 K
2019-06-08 19:34:56,3.75 G,45.05 G,176.17 K,787.65 K
2019-06-08 19:34:58,3.75 G,45.05 G,162.59 K,721.80 K
2019-06-08 19:35:00,3.75 G,45.05 G,185.77 K,838.85 K
2019-06-08 19:35:02,3.75 G,45.05 G,164.84 K,749.56 K
2019-06-08 19:35:04,3.75 G,45.05 G,173.88 K,792.53 K
2019-06-08 19:35:06,3.75 G,45.05 G,163.84 K,747.89 K
2019-06-08 19:35:08,3.75 G,45.06 G,174.79 K,802.49 K
2019-06-08 19:35:10,3.75 G,45.06 G,144.43 K,646.49 K
2019-06-08 19:35:12,3.75 G,45.06 G,173.22 K,785.39 K
2019-06-08 19:35:14,3.75 G,45.06 G,139.62 K,624.67 K
2019-06-08 19:35:16,3.75 G,45.06 G,172.20 K,779.97 K
2019-06-08 19:35:18,3.75 G,45.06 G,174.75 K,772.12 K
2019-06-08 19:35:20,3.75 G,45.06 G,173.38 K,784.74 K
2019-06-08 19:35:22,3.76 G,45.07 G,162.85 K,726.54 K
2019-06-08 19:35:24,3.76 G,45.07 G,163.93 K,755.45 K
2019-06-08 19:35:26,3.76 G,45.07 G,169.25 K,754.48 K
2019-06-08 19:35:28,3.76 G,45.07 G,92.84 K,413.33 K
2019-06-08 19:35:30,3.76 G,45.07 G,129.27 K,625.69 K
2019-06-08 19:35:33,3.76 G,45.07 G,140.48 K,668.53 K
2019-06-08 19:35:35,3.76 G,45.07 G,163.41 K,785.22 K
2019-06-08 19:35:37,3.76 G,45.08 G,168.43 K,812.98 K
2019-06-08 19:35:39,3.76 G,45.08 G,109.16 K,508.74 K
2019-06-08 19:35:41,3.76 G,45.08 G,177.08 K,766.20 K
2019-06-08 19:35:43,3.76 G,45.08 G,159.99 K,693.77 K
2019-06-08 19:35:45,3.76 G,45.08 G,142.24 K,622.37 K
2019-06-08 19:35:47,3.76 G,45.08 G,167.00 K,729.48 K
2019-06-08 19:35:49,3.76 G,45.08 G,157.10 K,676.06 K
2019-06-08 19:35:51,3.76 G,45.08 G,166.48 K,715.33 K
2019-06-08 19:35:54,3.76 G,45.09 G,114.76 K,492.11 K
2019-06-08 19:35:56,3.76 G,45.09 G,151.13 K,656.99 K
2019-06-08 19:35:58,3.76 G,45.09 G,148.52 K,638.12 K
2019-06-08 19:36:00,3.76 G,45.09 G,159.13 K,684.33 K
2019-06-08 19:36:02,3.76 G,45.09 G,148.09 K,659.04 K
2019-06-08 19:36:04,3.76 G,45.09 G,161.13 K,702.33 K
2019-06-08 19:36:06,3.76 G,45.09 G,169.11 K,743.31 K
2019-06-08 19:36:08,3.76 G,45.10 G,138.57 K,604.34 K
2019-06-08 19:36:10,3.76 G,45.10 G,152.31 K,659.45 K
2019-06-08 19:36:12,3.76 G,45.10 G,124.16 K,537.71 K
2019-06-08 19:36:14,3.76 G,45.10 G,167.04 K,733.94 K
2019-06-08 19:36:16,3.76 G,45.10 G,169.85 K,740.75 K
2019-06-08 19:36:18,3.76 G,45.10 G,138.17 K,592.91 K
2019-06-08 19:36:20,3.76 G,45.10 G,156.88 K,678.36 K
2019-06-08 19:36:22,3.76 G,45.10 G,155.05 K,667.40 K
2019-06-08 19:36:24,3.76 G,45.11 G,165.85 K,715.26 K
2019-06-08 19:36:26,3.76 G,45.11 G,143.20 K,617.09 K
2019-06-08 19:36:28,3.76 G,45.11 G,184.72 K,800.67 K
2019-06-08 19:36:30,3.76 G,45.11 G,162.74 K,707.36 K
2019-06-08 19:36:32,3.77 G,45.11 G,123.83 K,535.53 K
2019-06-08 19:36:34,3.77 G,45.11 G,160.73 K,684.12 K
2019-06-08 19:36:36,3.77 G,45.11 G,143.43 K,619.92 K
2019-06-08 19:36:38,3.77 G,45.11 G,160.55 K,699.45 K
2019-06-08 19:36:40,3.77 G,45.12 G,137.74 K,596.56 K
2019-06-08 19:36:42,3.77 G,45.12 G,145.82 K,633.11 K
2019-06-08 19:36:44,3.77 G,45.12 G,157.83 K,685.98 K
2019-06-08 19:36:46,3.77 G,45.12 G,157.92 K,675.84 K
2019-06-08 19:36:48,3.77 G,45.12 G,149.53 K,651.44 K
2019-06-08 19:36:50,3.77 G,45.12 G,164.66 K,714.56 K
2019-06-08 19:36:52,3.77 G,45.12 G,161.14 K,700.35 K
2019-06-08 19:36:54,3.77 G,45.12 G,143.18 K,619.78 K
2019-06-08 19:36:56,3.77 G,45.13 G,118.53 K,502.16 K
2019-06-08 19:36:58,3.77 G,45.13 G,186.74 K,815.00 K
2019-06-08 19:37:00,3.77 G,45.13 G,157.67 K,683.98 K
2019-06-08 19:37:02,3.77 G,45.13 G,157.65 K,675.90 K
2019-06-08 19:37:04,3.77 G,45.13 G,174.38 K,758.71 K
2019-06-08 19:37:06,3.77 G,45.13 G,166.46 K,710.42 K
2019-06-08 19:37:08,3.77 G,45.13 G,154.92 K,671.45 K
2019-06-08 19:37:10,3.77 G,45.14 G,142.46 K,622.76 K
2019-06-08 19:37:12,3.77 G,45.14 G,173.96 K,758.66 K
2019-06-08 19:37:14,3.77 G,45.14 G,174.25 K,745.31 K
2019-06-08 19:37:16,3.77 G,45.14 G,202.50 K,873.16 K
2019-06-08 19:37:18,3.77 G,45.14 G,164.76 K,712.55 K
2019-06-08 19:37:20,3.77 G,45.14 G,188.09 K,809.21 K
2019-06-08 19:37:22,3.77 G,45.14 G,182.30 K,795.30 K
2019-06-08 19:37:24,3.77 G,45.15 G,179.67 K,779.87 K
2019-06-08 19:37:26,3.77 G,45.15 G,176.44 K,766.10 K
2019-06-08 19:37:28,3.77 G,45.15 G,177.70 K,771.53 K
2019-06-08 19:37:30,3.77 G,45.15 G,155.19 K,672.49 K
2019-06-08 19:37:32,3.77 G,45.15 G,201.79 K,873.09 K
2019-06-08 19:37:34,3.77 G,45.15 G,166.95 K,718.98 K
2019-06-08 19:37:36,3.78 G,45.15 G,192.22 K,827.95 K
2019-06-08 19:37:38,3.78 G,45.16 G,173.18 K,745.08 K
2019-06-08 19:37:40,3.78 G,45.16 G,182.94 K,792.43 K
2019-06-08 19:37:42,3.78 G,45.16 G,186.26 K,806.17 K
2019-06-08 19:37:44,3.78 G,45.16 G,195.15 K,849.74 K
2019-06-08 19:37:46,3.78 G,45.16 G,207.11 K,902.28 K
2019-06-08 19:37:48,3.78 G,45.16 G,194.01 K,840.89 K
2019-06-08 19:37:50,3.78 G,45.17 G,187.29 K,814.05 K
2019-06-08 19:37:52,3.78 G,45.17 G,191.72 K,830.18 K
2019-06-08 19:37:54,3.78 G,45.17 G,167.07 K,723.18 K
2019-06-08 19:37:56,3.78 G,45.17 G,187.42 K,806.75 K
2019-06-08 19:37:58,3.78 G,45.17 G,206.04 K,886.70 K
2019-06-08 19:38:00,3.78 G,45.17 G,174.15 K,747.99 K
2019-06-08 19:38:02,3.78 G,45.17 G,182.19 K,798.76 K
2019-06-08 19:38:04,3.78 G,45.18 G,162.25 K,694.91 K
2019-06-08 19:38:06,3.78 G,45.18 G,160.29 K,697.63 K
2019-06-08 19:38:08,3.78 G,45.18 G,152.92 K,672.67 K
2019-06-08 19:38:10,3.78 G,45.18 G,170.77 K,737.38 K
2019-06-08 19:38:12,3.78 G,45.18 G,174.47 K,763.42 K
2019-06-08 19:38:14,3.78 G,45.18 G,165.37 K,726.19 K
2019-06-08 19:38:16,3.78 G,45.18 G,169.14 K,733.70 K
2019-06-08 19:38:18,3.78 G,45.19 G,221.13 K,961.40 K
2019-06-08 19:38:20,3.78 G,45.19 G,192.56 K,824.71 K
2019-06-08 19:38:22,3.78 G,45.19 G,178.40 K,779.32 K
2019-06-08 19:38:24,3.78 G,45.19 G,175.14 K,757.03 K
2019-06-08 19:38:26,3.78 G,45.19 G,173.05 K,753.49 K
2019-06-08 19:38:28,3.78 G,45.19 G,197.73 K,855.06 K
2019-06-08 19:38:30,3.78 G,45.20 G,184.40 K,798.39 K
2019-06-08 19:38:32,3.79 G,45.20 G,186.87 K,806.93 K
2019-06-08 19:38:34,3.79 G,45.20 G,209.57 K,913.10 K
2019-06-08 19:38:36,3.79 G,45.20 G,198.40 K,859.64 K
2019-06-08 19:38:38,3.79 G,45.20 G,214.81 K,934.29 K
2019-06-08 19:38:40,3.79 G,45.20 G,167.46 K,736.96 K
2019-06-08 19:38:42,3.79 G,45.21 G,210.83 K,913.21 K
2019-06-08 19:38:44,3.79 G,45.21 G,234.99 K,1016.44 K
2019-06-08 19:38:46,3.79 G,45.21 G,207.47 K,909.40 K
2019-06-08 19:38:48,3.79 G,45.21 G,234.86 K,1019.33 K
2019-06-08 19:38:50,3.79 G,45.21 G,217.51 K,944.58 K
2019-06-08 19:38:52,3.79 G,45.21 G,212.32 K,924.43 K
2019-06-08 19:38:54,3.79 G,45.22 G,231.61 K,1004.18 K
2019-06-08 19:38:56,3.79 G,45.22 G,259.46 K,1.09 M
2019-06-08 19:38:58,3.79 G,45.22 G,215.97 K,934.93 K
2019-06-08 19:39:00,3.79 G,45.22 G,233.26 K,1023.67 K
2019-06-08 19:39:02,3.79 G,45.22 G,205.01 K,893.92 K
2019-06-08 19:39:04,3.79 G,45.23 G,186.95 K,805.58 K
2019-06-08 19:39:06,3.79 G,45.23 G,213.69 K,918.14 K
2019-06-08 19:39:08,3.79 G,45.23 G,244.70 K,1.04 M
2019-06-08 19:39:10,3.79 G,45.23 G,227.03 K,976.96 K
2019-06-08 19:39:12,3.79 G,45.23 G,214.21 K,919.64 K
2019-06-08 19:39:14,3.79 G,45.23 G,252.12 K,1.06 M
2019-06-08 19:39:16,3.79 G,45.24 G,215.39 K,926.56 K
2019-06-08 19:39:18,3.79 G,45.24 G,241.33 K,1.01 M
2019-06-08 19:39:20,3.79 G,45.24 G,224.91 K,972.33 K
2019-06-08 19:39:22,3.80 G,45.24 G,244.96 K,1.04 M
2019-06-08 19:39:24,3.80 G,45.24 G,239.83 K,1.01 M
2019-06-08 19:39:26,3.80 G,45.25 G,229.55 K,994.24 K
2019-06-08 19:39:28,3.80 G,45.25 G,221.33 K,955.53 K
2019-06-08 19:39:30,3.80 G,45.25 G,199.64 K,862.22 K
2019-06-08 19:39:32,3.80 G,45.25 G,214.43 K,925.77 K
2019-06-08 19:39:34,3.80 G,45.25 G,214.59 K,925.85 K
2019-06-08 19:39:36,3.80 G,45.25 G,233.71 K,1006.63 K
2019-06-08 19:39:38,3.80 G,45.26 G,243.05 K,1.03 M
2019-06-08 19:39:40,3.80 G,45.26 G,285.00 K,1.20 M
2019-06-08 19:39:42,3.80 G,45.26 G,241.04 K,1.01 M
2019-06-08 19:39:44,3.80 G,45.26 G,244.55 K,1.04 M
2019-06-08 19:39:46,3.80 G,45.26 G,272.56 K,1.15 M
2019-06-08 19:39:48,3.80 G,45.27 G,203.67 K,894.15 K
2019-06-08 19:39:51,3.80 G,45.27 G,227.51 K,976.30 K
2019-06-08 19:39:53,3.80 G,45.27 G,232.65 K,1011.88 K
2019-06-08 19:39:55,3.80 G,45.27 G,224.63 K,969.94 K
2019-06-08 19:39:57,3.80 G,45.27 G,215.32 K,934.95 K
2019-06-08 19:39:59,3.80 G,45.28 G,249.62 K,1.05 M
2019-06-08 19:40:01,3.80 G,45.28 G,241.17 K,1.02 M
2019-06-08 19:40:03,3.80 G,45.28 G,214.88 K,931.49 K
2019-06-08 19:40:05,3.80 G,45.28 G,221.05 K,955.80 K
2019-06-08 19:40:07,3.81 G,45.28 G,305.92 K,1.29 M
2019-06-08 19:40:09,3.81 G,45.29 G,288.15 K,1.21 M
2019-06-08 19:40:11,3.81 G,45.29 G,329.23 K,1.40 M
2019-06-08 19:40:13,3.81 G,45.29 G,339.78 K,1.44 M
2019-06-08 19:40:15,3.81 G,45.29 G,252.05 K,1.07 M
2019-06-08 19:40:17,3.81 G,45.30 G,135.79 K,577.09 K
2019-06-08 19:40:19,3.81 G,45.30 G,283.93 K,1.21 M
2019-06-08 19:40:21,3.81 G,45.30 G,262.87 K,1.11 M
2019-06-08 19:40:23,3.81 G,45.30 G,405.98 K,1.72 M
2019-06-08 19:40:25,3.81 G,45.31 G,256.40 K,1.09 M
2019-06-08 19:40:27,3.81 G,45.31 G,87.86 K,380.11 K
2019-06-08 19:40:29,3.81 G,45.31 G,293.83 K,1.25 M
2019-06-08 19:40:31,3.81 G,45.31 G,260.52 K,1.11 M
2019-06-08 19:40:33,3.81 G,45.31 G,305.57 K,1.29 M
2019-06-08 19:40:35,3.81 G,45.32 G,270.04 K,1.14 M
2019-06-08 19:40:37,3.81 G,45.32 G,309.90 K,1.31 M
2019-06-08 19:40:39,3.81 G,45.32 G,307.63 K,1.30 M
2019-06-08 19:40:42,3.81 G,45.32 G,330.74 K,1.51 M
2019-06-08 19:40:44,3.82 G,45.33 G,304.29 K,1.40 M
2019-06-08 19:40:46,3.82 G,45.33 G,305.30 K,1.42 M
2019-06-08 19:40:48,3.82 G,45.33 G,308.16 K,1.41 M
2019-06-08 19:40:50,3.82 G,45.34 G,309.55 K,1.42 M
2019-06-08 19:40:53,3.82 G,45.34 G,260.15 K,1.20 M
2019-06-08 19:40:55,3.82 G,45.34 G,301.38 K,1.46 M
2019-06-08 19:40:59,3.82 G,45.34 G,319.04 K,1.35 M
2019-06-08 19:41:03,3.82 G,45.35 G,311.76 K,1.31 M
2019-06-08 19:41:08,3.82 G,45.35 G,254.59 K,1.20 M
