2019-06-09 21:34:11,200.8,157.56 M
2019-06-09 21:34:13,435.5,534.86 M
2019-06-09 21:34:15,89.9,730.68 M
2019-06-09 21:34:17,14.0,730.68 M
2019-06-09 21:34:19,17.0,735.22 M
2019-06-09 21:34:21,4.0,735.22 M
2019-06-09 21:34:23,9.0,735.22 M
2019-06-09 21:34:25,9.0,735.22 M
2019-06-09 21:34:27,5.0,735.22 M
2019-06-09 21:34:30,4.0,735.22 M
2019-06-09 21:34:32,7.0,735.22 M
2019-06-09 21:34:34,9.0,735.22 M
2019-06-09 21:34:36,8.0,735.22 M
2019-06-09 21:34:38,12.0,735.22 M
2019-06-09 21:34:40,8.0,735.27 M
2019-06-09 21:34:42,8.0,735.27 M
2019-06-09 21:34:44,8.0,735.27 M
2019-06-09 21:34:46,6.0,735.27 M
2019-06-09 21:34:48,6.0,735.27 M
2019-06-09 21:34:50,7.0,735.27 M
2019-06-09 21:34:52,7.0,735.27 M
2019-06-09 21:34:54,7.0,735.27 M
2019-06-09 21:34:56,6.0,735.27 M
2019-06-09 21:34:58,22.0,735.36 M
2019-06-09 21:35:00,8.0,735.36 M
2019-06-09 21:35:02,6.0,735.36 M
2019-06-09 21:35:04,8.0,735.39 M
2019-06-09 21:35:06,8.0,735.39 M
2019-06-09 21:35:08,7.0,735.39 M
2019-06-09 21:35:10,6.0,735.39 M
2019-06-09 21:35:12,7.0,735.39 M
2019-06-09 21:35:14,4.0,735.39 M
2019-06-09 21:35:16,7.0,735.39 M
2019-06-09 21:35:18,15.0,735.48 M
2019-06-09 21:35:20,9.0,735.48 M
2019-06-09 21:35:22,5.0,735.48 M
2019-06-09 21:35:24,8.0,735.48 M
2019-06-09 21:35:26,8.0,735.48 M
2019-06-09 21:35:28,10.0,735.48 M
2019-06-09 21:35:30,10.0,735.48 M
2019-06-09 21:35:32,9.0,735.48 M
2019-06-09 21:35:34,7.0,735.48 M
2019-06-09 21:35:36,9.0,735.48 M
2019-06-09 21:35:38,8.0,735.48 M
2019-06-09 21:35:40,9.0,735.48 M
2019-06-09 21:35:42,4.0,735.48 M
2019-06-09 21:35:44,8.0,735.48 M
2019-06-09 21:35:46,446.0,1.19 G
2019-06-09 21:35:48,312.7,1.91 G
2019-06-09 21:35:50,107.9,2.24 G
2019-06-09 21:35:52,107.9,2.39 G
2019-06-09 21:35:54,505.8,2.46 G
2019-06-09 21:35:56,764.4,2.45 G
2019-06-09 21:35:58,761.4,2.45 G
2019-06-09 21:36:00,235.7,2.39 G
2019-06-09 21:36:02,7.0,2.39 G
2019-06-09 21:36:04,12.0,2.39 G
2019-06-09 21:36:06,7.0,2.39 G
2019-06-09 21:36:08,5.0,2.39 G
2019-06-09 21:36:10,7.0,2.39 G
2019-06-09 21:36:12,6.0,2.39 G
2019-06-09 21:36:14,3.0,2.39 G
2019-06-09 21:36:16,8.0,2.39 G
2019-06-09 21:36:18,8.0,2.39 G
2019-06-09 21:36:20,10.0,2.39 G
2019-06-09 21:36:22,5.0,2.39 G
2019-06-09 21:36:24,5.0,2.39 G
2019-06-09 21:36:26,7.0,2.39 G
2019-06-09 21:36:28,5.0,2.39 G
2019-06-09 21:36:30,5.0,2.39 G
2019-06-09 21:36:32,7.0,2.39 G
2019-06-09 21:36:34,7.0,2.39 G
2019-06-09 21:36:36,8.0,2.39 G
2019-06-09 21:36:38,7.0,2.39 G
2019-06-09 21:36:40,6.0,2.39 G
2019-06-09 21:36:42,6.0,2.39 G
2019-06-09 21:36:44,7.0,2.39 G
2019-06-09 21:36:46,5.0,2.39 G
2019-06-09 21:36:48,3.0,2.39 G
2019-06-09 21:36:50,283.8,2.45 G
2019-06-09 21:36:52,101.9,2.46 G
2019-06-09 21:36:54,99.9,2.47 G
2019-06-09 21:36:56,101.9,2.49 G
2019-06-09 21:36:58,101.9,2.51 G
2019-06-09 21:37:00,99.9,2.52 G
2019-06-09 21:37:02,100.9,2.53 G
2019-06-09 21:37:04,101.9,2.55 G
2019-06-09 21:37:06,328.7,2.54 G
2019-06-09 21:37:08,761.8,2.54 G
2019-06-09 21:37:10,760.4,2.50 G
2019-06-09 21:37:12,126.9,2.48 G
2019-06-09 21:37:14,82.9,2.48 G
2019-06-09 21:37:16,84.9,2.48 G
2019-06-09 21:37:18,74.0,2.48 G
2019-06-09 21:37:20,58.9,2.49 G
2019-06-09 21:37:22,57.9,2.49 G
2019-06-09 21:37:24,45.0,2.49 G
2019-06-09 21:37:26,56.9,2.49 G
2019-06-09 21:37:28,52.9,2.49 G
2019-06-09 21:37:30,44.0,2.55 G
2019-06-09 21:37:32,62.0,2.55 G
2019-06-09 21:37:34,46.9,2.55 G
2019-06-09 21:37:36,50.9,2.55 G
2019-06-09 21:37:38,71.0,2.55 G
2019-06-09 21:37:40,45.9,2.55 G
2019-06-09 21:37:42,56.9,2.55 G
2019-06-09 21:37:44,52.0,2.64 G
2019-06-09 21:37:46,52.0,2.64 G
2019-06-09 21:37:48,55.0,2.64 G
2019-06-09 21:37:50,55.9,2.64 G
2019-06-09 21:37:52,54.9,2.64 G
2019-06-09 21:37:55,44.9,2.64 G
2019-06-09 21:37:57,59.9,2.64 G
2019-06-09 21:37:59,44.0,2.68 G
2019-06-09 21:38:01,43.0,2.68 G
2019-06-09 21:38:03,49.9,2.68 G
2019-06-09 21:38:05,52.9,2.68 G
2019-06-09 21:38:07,50.0,2.68 G
2019-06-09 21:38:09,65.9,2.68 G
2019-06-09 21:38:11,93.9,2.78 G
2019-06-09 21:38:13,50.9,2.78 G
2019-06-09 21:38:15,45.0,2.78 G
2019-06-09 21:38:17,38.0,2.78 G
2019-06-09 21:38:19,225.8,2.78 G
2019-06-09 21:38:21,51.9,2.78 G
2019-06-09 21:38:23,47.9,2.78 G
2019-06-09 21:38:25,47.0,2.79 G
2019-06-09 21:38:27,55.9,2.79 G
2019-06-09 21:38:29,42.9,2.79 G
2019-06-09 21:38:31,53.9,2.79 G
2019-06-09 21:38:33,57.0,2.79 G
2019-06-09 21:38:35,66.9,2.79 G
2019-06-09 21:38:37,90.9,2.79 G
2019-06-09 21:38:39,85.9,2.79 G
2019-06-09 21:38:41,87.9,2.79 G
2019-06-09 21:38:43,66.0,2.79 G
2019-06-09 21:38:45,31.0,2.79 G
2019-06-09 21:38:47,13.0,2.79 G
2019-06-09 21:38:49,17.0,2.79 G
2019-06-09 21:38:51,35.0,2.79 G
2019-06-09 21:38:53,31.0,2.79 G
2019-06-09 21:38:55,32.0,2.79 G
2019-06-09 21:38:57,33.0,2.79 G
2019-06-09 21:38:59,30.0,2.79 G
2019-06-09 21:39:01,31.0,2.79 G
2019-06-09 21:39:03,28.0,2.79 G
2019-06-09 21:39:05,31.0,2.79 G
2019-06-09 21:39:07,34.0,2.79 G
2019-06-09 21:39:09,29.0,2.79 G
2019-06-09 21:39:11,2.0,2.87 G
2019-06-09 21:39:13,3.0,2.87 G
2019-06-09 21:39:15,2.0,2.87 G
2019-06-09 21:39:17,3.0,2.87 G
2019-06-09 21:39:19,4.0,2.87 G
2019-06-09 21:39:21,2.0,2.87 G
2019-06-09 21:39:23,2.0,2.87 G
2019-06-09 21:39:25,3.0,2.87 G
2019-06-09 21:39:27,2.0,2.87 G
2019-06-09 21:39:29,2.0,2.87 G
2019-06-09 21:39:31,4.0,2.87 G
2019-06-09 21:39:33,2.0,2.87 G
2019-06-09 21:39:35,3.0,2.87 G
2019-06-09 21:39:37,3.0,2.87 G
2019-06-09 21:39:39,3.0,2.87 G
2019-06-09 21:39:41,3.0,2.87 G
2019-06-09 21:39:43,2.0,2.87 G
2019-06-09 21:39:45,2.0,2.87 G
2019-06-09 21:39:47,5.0,2.87 G
2019-06-09 21:39:49,3.0,2.87 G
2019-06-09 21:39:51,3.0,2.87 G
2019-06-09 21:39:53,3.0,2.87 G
2019-06-09 21:39:55,3.0,2.87 G
2019-06-09 21:39:57,5.0,2.87 G
2019-06-09 21:39:59,3.0,2.87 G
2019-06-09 21:40:01,4.0,2.87 G
2019-06-09 21:40:03,2.0,2.87 G
2019-06-09 21:40:05,2.0,2.87 G
2019-06-09 21:40:07,2.0,2.87 G
2019-06-09 21:40:09,4.0,2.87 G
2019-06-09 21:40:11,4.0,2.87 G
2019-06-09 21:40:13,4.0,2.87 G
2019-06-09 21:40:15,4.0,2.87 G
2019-06-09 21:40:17,3.0,2.87 G
2019-06-09 21:40:19,3.0,2.87 G
2019-06-09 21:40:21,3.0,2.87 G
2019-06-09 21:40:23,2.0,2.87 G
2019-06-09 21:40:25,2.0,2.87 G
2019-06-09 21:40:27,2.0,2.87 G
2019-06-09 21:40:29,2.0,2.87 G
2019-06-09 21:40:31,3.0,2.87 G
2019-06-09 21:40:33,4.0,2.87 G
2019-06-09 21:40:35,5.0,2.87 G
2019-06-09 21:40:37,34.0,2.87 G
2019-06-09 21:40:39,48.9,2.87 G
2019-06-09 21:40:41,35.0,2.87 G
2019-06-09 21:40:43,43.9,2.87 G
2019-06-09 21:40:45,91.9,2.87 G
2019-06-09 21:40:47,89.9,2.87 G
2019-06-09 21:40:49,90.9,2.87 G
2019-06-09 21:40:51,89.9,2.87 G
2019-06-09 21:40:53,91.9,2.87 G
2019-06-09 21:40:55,92.9,2.87 G
2019-06-09 21:40:57,108.0,2.87 G
2019-06-09 21:40:59,40.0,2.87 G
2019-06-09 21:41:01,33.0,2.87 G
2019-06-09 21:41:03,38.0,2.87 G
2019-06-09 21:41:05,44.9,2.87 G
2019-06-09 21:41:07,57.9,2.87 G
2019-06-09 21:41:09,83.9,2.87 G
2019-06-09 21:41:11,93.0,2.87 G
2019-06-09 21:41:13,90.9,2.87 G
2019-06-09 21:41:15,90.9,2.87 G
2019-06-09 21:41:17,92.9,2.87 G
2019-06-09 21:41:19,92.9,2.87 G
2019-06-09 21:41:21,117.9,2.90 G
2019-06-09 21:41:23,50.0,2.90 G
2019-06-09 21:41:26,50.9,2.90 G
2019-06-09 21:41:28,52.0,2.90 G
2019-06-09 21:41:30,44.0,2.90 G
2019-06-09 21:41:32,44.9,2.90 G
2019-06-09 21:41:34,91.9,2.90 G
2019-06-09 21:41:36,90.9,2.90 G
2019-06-09 21:41:38,90.9,2.90 G
2019-06-09 21:41:40,90.9,2.90 G
2019-06-09 21:41:42,92.9,2.90 G
2019-06-09 21:41:44,93.9,2.90 G
2019-06-09 21:41:46,45.0,2.90 G
2019-06-09 21:41:48,44.0,2.90 G
2019-06-09 21:41:50,44.0,2.90 G
2019-06-09 21:41:52,47.0,2.90 G
2019-06-09 21:41:54,46.9,2.90 G
2019-06-09 21:41:56,43.0,2.90 G
2019-06-09 21:41:58,66.9,2.90 G
2019-06-09 21:42:00,89.9,2.90 G
2019-06-09 21:42:02,90.9,2.90 G
2019-06-09 21:42:04,90.9,2.90 G
2019-06-09 21:42:06,90.9,2.90 G
2019-06-09 21:42:08,91.9,2.90 G
2019-06-09 21:42:10,107.0,2.90 G
2019-06-09 21:42:12,84.9,2.92 G
2019-06-09 21:42:14,766.5,2.98 G
2019-06-09 21:42:16,761.4,2.98 G
2019-06-09 21:42:18,763.3,2.95 G
2019-06-09 21:42:20,369.8,2.90 G
2019-06-09 21:42:22,7.0,2.90 G
2019-06-09 21:42:24,6.0,2.90 G
2019-06-09 21:42:26,11.0,2.90 G
2019-06-09 21:42:28,86.9,2.90 G
2019-06-09 21:42:30,35.0,2.90 G
2019-06-09 21:42:32,46.9,2.90 G
2019-06-09 21:42:34,13.0,2.90 G
2019-06-09 21:42:36,4.0,2.90 G
2019-06-09 21:42:38,3.0,2.90 G
2019-06-09 21:42:40,41.0,2.90 G
2019-06-09 21:42:42,42.9,2.90 G
2019-06-09 21:42:44,32.0,2.90 G
2019-06-09 21:42:46,41.0,2.91 G
2019-06-09 21:42:48,44.0,2.91 G
2019-06-09 21:42:50,42.0,2.91 G
2019-06-09 21:42:52,42.0,2.91 G
2019-06-09 21:42:54,49.9,2.91 G
2019-06-09 21:42:56,46.9,2.91 G
2019-06-09 21:42:58,72.9,2.91 G
2019-06-09 21:43:00,41.9,2.91 G
2019-06-09 21:43:02,48.0,2.91 G
2019-06-09 21:43:04,48.9,2.91 G
2019-06-09 21:43:06,45.9,2.91 G
2019-06-09 21:43:08,43.0,2.91 G
2019-06-09 21:43:10,46.9,2.91 G
2019-06-09 21:43:12,47.9,2.91 G
2019-06-09 21:43:14,42.0,2.91 G
2019-06-09 21:43:16,41.0,2.91 G
2019-06-09 21:43:18,41.0,2.91 G
2019-06-09 21:43:20,36.0,2.91 G
2019-06-09 21:43:22,43.9,2.91 G
2019-06-09 21:43:24,32.0,2.91 G
2019-06-09 21:43:26,37.0,2.91 G
2019-06-09 21:43:28,43.0,2.91 G
2019-06-09 21:43:30,49.9,2.91 G
2019-06-09 21:43:32,49.0,2.91 G
2019-06-09 21:43:34,43.0,2.91 G
2019-06-09 21:43:36,37.0,2.91 G
2019-06-09 21:43:38,47.9,2.91 G
2019-06-09 21:43:40,37.0,2.91 G
2019-06-09 21:43:42,35.0,2.91 G
2019-06-09 21:43:44,20.0,2.91 G
2019-06-09 21:43:46,21.0,2.91 G
2019-06-09 21:43:48,39.0,2.91 G
2019-06-09 21:43:50,86.9,2.91 G
2019-06-09 21:43:52,46.9,2.91 G
2019-06-09 21:43:54,44.9,2.91 G
2019-06-09 21:43:56,34.0,2.91 G
2019-06-09 21:43:58,39.0,2.91 G
2019-06-09 21:44:00,42.0,2.91 G
2019-06-09 21:44:02,6.0,2.91 G
2019-06-09 21:44:04,2.0,2.91 G
2019-06-09 21:44:06,2.0,2.91 G
2019-06-09 21:44:08,2.0,2.91 G
2019-06-09 21:44:10,3.0,2.91 G
2019-06-09 21:44:12,3.0,2.91 G
2019-06-09 21:44:14,2.0,2.91 G
2019-06-09 21:44:16,3.0,2.91 G
2019-06-09 21:44:18,2.0,2.91 G
2019-06-09 21:44:20,5.0,2.91 G
2019-06-09 21:44:22,2.0,2.91 G
2019-06-09 21:44:24,2.0,2.91 G
2019-06-09 21:44:26,4.0,2.91 G
2019-06-09 21:44:28,3.0,2.91 G
2019-06-09 21:44:30,45.0,2.91 G
2019-06-09 21:44:32,31.0,2.91 G
2019-06-09 21:44:34,27.0,2.91 G
2019-06-09 21:44:36,5.0,2.91 G
2019-06-09 21:44:38,3.0,2.91 G
2019-06-09 21:44:40,6.0,2.91 G
2019-06-09 21:44:42,4.0,2.91 G
2019-06-09 21:44:44,2.0,2.91 G
2019-06-09 21:44:46,3.0,2.91 G
2019-06-09 21:44:48,2.0,2.91 G
2019-06-09 21:44:51,2.0,2.91 G
2019-06-09 21:44:53,3.0,2.91 G
2019-06-09 21:44:55,2.0,2.91 G
2019-06-09 21:44:57,3.0,2.91 G
2019-06-09 21:44:59,2.0,2.91 G
2019-06-09 21:45:01,3.0,2.91 G
2019-06-09 21:45:03,2.0,2.91 G
2019-06-09 21:45:05,1.0,2.91 G
2019-06-09 21:45:07,2.0,2.91 G
2019-06-09 21:45:09,4.0,2.91 G
2019-06-09 21:45:11,2.0,2.91 G
2019-06-09 21:45:13,3.0,2.91 G
2019-06-09 21:45:15,4.0,2.91 G
2019-06-09 21:45:17,12.0,2.91 G
2019-06-09 21:45:19,30.0,2.91 G
2019-06-09 21:45:21,33.0,2.91 G
2019-06-09 21:45:23,22.0,2.91 G
2019-06-09 21:45:25,28.0,2.91 G
2019-06-09 21:45:27,38.0,2.91 G
2019-06-09 21:45:29,37.0,2.91 G
2019-06-09 21:45:31,20.0,2.91 G
2019-06-09 21:45:33,28.0,2.91 G
2019-06-09 21:45:35,28.0,2.91 G
2019-06-09 21:45:37,35.0,2.91 G
2019-06-09 21:45:39,36.0,2.91 G
2019-06-09 21:45:41,41.0,2.91 G
2019-06-09 21:45:43,41.9,2.91 G
2019-06-09 21:45:45,37.0,2.91 G
2019-06-09 21:45:47,82.9,2.91 G
2019-06-09 21:45:49,43.0,2.91 G
2019-06-09 21:45:51,46.0,2.91 G
2019-06-09 21:45:53,46.9,2.91 G
2019-06-09 21:45:55,46.9,2.91 G
2019-06-09 21:45:57,44.9,2.91 G
2019-06-09 21:45:59,46.0,2.91 G
2019-06-09 21:46:01,43.9,2.91 G
2019-06-09 21:46:03,42.9,2.91 G
2019-06-09 21:46:05,10.0,2.91 G
2019-06-09 21:46:07,16.0,2.91 G
2019-06-09 21:46:09,20.0,2.91 G
2019-06-09 21:46:11,34.0,2.91 G
2019-06-09 21:46:13,37.0,2.91 G
2019-06-09 21:46:15,30.0,2.91 G
2019-06-09 21:46:17,17.0,2.91 G
2019-06-09 21:46:19,30.0,2.91 G
2019-06-09 21:46:21,36.0,2.91 G
2019-06-09 21:46:23,35.0,2.91 G
2019-06-09 21:46:25,24.0,2.91 G
2019-06-09 21:46:27,37.0,2.91 G
2019-06-09 21:46:29,39.0,2.91 G
2019-06-09 21:46:31,39.0,2.91 G
2019-06-09 21:46:33,39.0,2.91 G
2019-06-09 21:46:35,36.0,2.91 G
2019-06-09 21:46:37,34.0,2.91 G
2019-06-09 21:46:39,34.0,2.91 G
2019-06-09 21:46:41,23.0,2.91 G
2019-06-09 21:46:43,33.0,2.91 G
2019-06-09 21:46:45,33.0,2.91 G
2019-06-09 21:46:47,32.0,2.91 G
2019-06-09 21:46:49,34.0,2.91 G
2019-06-09 21:46:51,41.9,2.91 G
2019-06-09 21:46:53,29.0,2.91 G
2019-06-09 21:46:55,28.0,2.91 G
2019-06-09 21:46:57,28.0,2.91 G
2019-06-09 21:46:59,51.9,2.91 G
2019-06-09 21:47:01,19.0,2.91 G
2019-06-09 21:47:03,18.0,2.91 G
2019-06-09 21:47:05,32.0,2.91 G
2019-06-09 21:47:07,24.0,2.91 G
2019-06-09 21:47:09,26.0,2.91 G
2019-06-09 21:47:11,36.0,2.91 G
2019-06-09 21:47:13,27.0,2.91 G
2019-06-09 21:47:15,18.0,2.91 G
2019-06-09 21:47:17,13.0,2.91 G
2019-06-09 21:47:19,12.0,2.91 G
2019-06-09 21:47:21,342.8,2.91 G
2019-06-09 21:47:23,763.2,2.91 G
2019-06-09 21:47:25,763.5,2.88 G
2019-06-09 21:47:27,452.6,2.84 G
2019-06-09 21:47:29,8.0,2.84 G
2019-06-09 21:47:31,9.0,2.84 G
2019-06-09 21:47:33,8.0,2.84 G
2019-06-09 21:47:35,7.0,2.84 G
2019-06-09 21:47:37,7.0,2.84 G
2019-06-09 21:47:39,8.0,2.84 G
2019-06-09 21:47:41,4.0,2.84 G
2019-06-09 21:47:43,6.0,2.84 G
2019-06-09 21:47:45,9.0,2.84 G
2019-06-09 21:47:47,7.0,2.84 G
2019-06-09 21:47:50,4.0,2.84 G
2019-06-09 21:47:52,7.0,2.84 G
2019-06-09 21:47:54,6.0,2.84 G
2019-06-09 21:47:56,4.0,2.84 G
2019-06-09 21:47:58,7.0,2.84 G
2019-06-09 21:48:00,3.0,2.84 G
2019-06-09 21:48:02,7.0,2.84 G
2019-06-09 21:48:04,9.0,2.84 G
2019-06-09 21:48:06,8.0,2.84 G
2019-06-09 21:48:08,7.0,2.84 G
2019-06-09 21:48:10,6.0,2.84 G
2019-06-09 21:48:12,7.0,2.84 G
2019-06-09 21:48:14,8.0,2.84 G
2019-06-09 21:48:16,8.0,2.84 G
2019-06-09 21:48:18,8.0,2.84 G
2019-06-09 21:48:20,8.0,2.84 G
2019-06-09 21:48:22,4.0,2.84 G
2019-06-09 21:48:24,4.0,2.84 G
2019-06-09 21:48:26,5.0,2.84 G
2019-06-09 21:48:28,8.0,2.84 G
2019-06-09 21:48:30,8.0,2.84 G
2019-06-09 21:48:32,7.0,2.84 G
2019-06-09 21:48:34,6.0,2.84 G
2019-06-09 21:48:36,388.9,2.90 G
2019-06-09 21:48:38,763.4,2.85 G
2019-06-09 21:48:40,763.5,2.81 G
2019-06-09 21:48:42,26.0,2.72 G
2019-06-09 21:48:44,2.0,2.72 G
2019-06-09 21:48:46,6.0,2.72 G
2019-06-09 21:48:48,4.0,2.72 G
2019-06-09 21:48:50,5.0,2.72 G
2019-06-09 21:48:52,4.0,2.72 G
2019-06-09 21:48:54,9.0,2.72 G
2019-06-09 21:48:56,5.0,2.72 G
2019-06-09 21:48:58,6.0,2.72 G
2019-06-09 21:49:00,8.0,2.72 G
2019-06-09 21:49:02,6.0,2.72 G
2019-06-09 21:49:04,3.0,2.72 G
2019-06-09 21:49:06,8.0,2.72 G
2019-06-09 21:49:08,4.0,2.72 G
2019-06-09 21:49:10,8.0,2.72 G
2019-06-09 21:49:12,8.0,2.72 G
2019-06-09 21:49:14,7.0,2.72 G
2019-06-09 21:49:16,7.0,2.72 G
2019-06-09 21:49:18,5.0,2.72 G
2019-06-09 21:49:20,7.0,2.72 G
2019-06-09 21:49:22,9.0,2.72 G
2019-06-09 21:49:24,7.0,2.72 G
2019-06-09 21:49:26,7.0,2.72 G
2019-06-09 21:49:28,9.0,2.72 G
2019-06-09 21:49:30,8.0,2.72 G
2019-06-09 21:49:32,7.0,2.72 G
2019-06-09 21:49:34,3.0,2.72 G
2019-06-09 21:49:36,5.0,2.72 G
2019-06-09 21:49:38,8.0,2.72 G
2019-06-09 21:49:40,5.0,2.72 G
2019-06-09 21:49:42,4.0,2.72 G
2019-06-09 21:49:44,5.0,2.72 G
2019-06-09 21:49:46,6.0,2.72 G
2019-06-09 21:49:48,13.0,2.72 G
2019-06-09 21:49:50,7.0,2.72 G
2019-06-09 21:49:52,27.0,2.73 G
2019-06-09 21:49:54,5.0,2.73 G
2019-06-09 21:49:56,7.0,2.73 G
2019-06-09 21:49:58,8.0,2.73 G
2019-06-09 21:50:00,8.0,2.73 G
2019-06-09 21:50:02,8.0,2.73 G
2019-06-09 21:50:04,6.0,2.74 G
2019-06-09 21:50:06,5.0,2.74 G
2019-06-09 21:50:08,6.0,2.74 G
2019-06-09 21:50:10,25.0,2.74 G
2019-06-09 21:50:12,6.0,2.74 G
2019-06-09 21:50:14,10.0,2.74 G
2019-06-09 21:50:16,7.0,2.74 G
2019-06-09 21:50:18,7.0,2.74 G
2019-06-09 21:50:20,6.0,2.74 G
2019-06-09 21:50:22,9.0,2.74 G
2019-06-09 21:50:24,8.0,2.74 G
2019-06-09 21:50:26,9.0,2.74 G
2019-06-09 21:50:28,5.0,2.74 G
2019-06-09 21:50:30,7.0,2.74 G
2019-06-09 21:50:32,8.0,2.75 G
2019-06-09 21:50:34,10.0,2.75 G
2019-06-09 21:50:36,8.0,2.75 G
2019-06-09 21:50:38,10.0,2.75 G
2019-06-09 21:50:40,10.0,2.75 G
2019-06-09 21:50:42,7.0,2.75 G
2019-06-09 21:50:44,21.0,2.75 G
2019-06-09 21:50:46,5.0,2.75 G
2019-06-09 21:50:48,4.0,2.75 G
2019-06-09 21:50:51,9.0,2.75 G
2019-06-09 21:50:53,12.0,2.75 G
2019-06-09 21:50:55,7.0,2.75 G
2019-06-09 21:50:57,5.0,2.75 G
2019-06-09 21:50:59,2.0,2.75 G
2019-06-09 21:51:01,3.0,2.75 G
2019-06-09 21:51:03,23.0,2.76 G
2019-06-09 21:51:05,10.0,2.76 G
2019-06-09 21:51:07,5.0,2.76 G
2019-06-09 21:51:09,6.0,2.76 G
2019-06-09 21:51:11,8.0,2.76 G
2019-06-09 21:51:13,5.0,2.77 G
2019-06-09 21:51:15,5.0,2.77 G
2019-06-09 21:51:17,7.0,2.77 G
2019-06-09 21:51:19,8.0,2.77 G
2019-06-09 21:51:21,8.0,2.77 G
2019-06-09 21:51:23,9.0,2.77 G
2019-06-09 21:51:25,3.0,2.77 G
2019-06-09 21:51:27,6.0,2.77 G
2019-06-09 21:51:29,8.0,2.77 G
2019-06-09 21:51:31,6.0,2.77 G
2019-06-09 21:51:33,5.0,2.77 G
2019-06-09 21:51:35,8.0,2.77 G
2019-06-09 21:51:37,7.0,2.77 G
2019-06-09 21:51:39,9.0,2.77 G
2019-06-09 21:51:41,32.0,2.77 G
2019-06-09 21:51:43,8.0,2.77 G
2019-06-09 21:51:45,8.0,2.77 G
2019-06-09 21:51:47,10.0,2.77 G
2019-06-09 21:51:49,7.0,2.78 G
2019-06-09 21:51:51,7.0,2.78 G
2019-06-09 21:51:53,7.0,2.78 G
2019-06-09 21:51:55,31.0,2.78 G
2019-06-09 21:51:57,8.0,2.78 G
2019-06-09 21:51:59,8.0,2.78 G
2019-06-09 21:52:01,7.0,2.78 G
2019-06-09 21:52:03,8.0,2.78 G
2019-06-09 21:52:05,11.0,2.78 G
2019-06-09 21:52:07,7.0,2.78 G
2019-06-09 21:52:09,5.0,2.78 G
2019-06-09 21:52:11,11.0,2.78 G
2019-06-09 21:52:13,8.0,2.78 G
2019-06-09 21:52:15,9.0,2.78 G
2019-06-09 21:52:17,8.0,2.78 G
2019-06-09 21:52:19,10.0,2.79 G
2019-06-09 21:52:21,8.0,2.79 G
2019-06-09 21:52:23,5.0,2.79 G
2019-06-09 21:52:25,4.0,2.79 G
2019-06-09 21:52:27,1.0,2.79 G
2019-06-09 21:52:29,3.0,2.79 G
2019-06-09 21:52:31,6.0,2.79 G
2019-06-09 21:52:33,3.0,2.79 G
2019-06-09 21:52:35,6.0,2.79 G
2019-06-09 21:52:37,4.0,2.79 G
2019-06-09 21:52:39,5.0,2.79 G
2019-06-09 21:52:41,5.0,2.79 G
2019-06-09 21:52:43,9.0,2.79 G
2019-06-09 21:52:45,4.0,2.79 G
2019-06-09 21:52:47,6.0,2.79 G
2019-06-09 21:52:49,7.0,2.79 G
2019-06-09 21:52:51,7.0,2.79 G
2019-06-09 21:52:53,27.0,2.80 G
2019-06-09 21:52:55,10.0,2.80 G
2019-06-09 21:52:57,12.0,2.80 G
2019-06-09 21:52:59,12.0,2.80 G
2019-06-09 21:53:01,11.0,2.80 G
2019-06-09 21:53:03,10.0,2.80 G
2019-06-09 21:53:05,19.0,2.80 G
2019-06-09 21:53:07,6.0,2.80 G
2019-06-09 21:53:09,42.9,2.80 G
2019-06-09 21:53:11,41.0,2.81 G
2019-06-09 21:53:13,17.0,2.81 G
2019-06-09 21:53:15,15.0,2.81 G
2019-06-09 21:53:17,7.0,2.81 G
2019-06-09 21:53:19,9.0,2.81 G
2019-06-09 21:53:21,6.0,2.81 G
2019-06-09 21:53:23,5.0,2.81 G
2019-06-09 21:53:25,8.0,2.81 G
2019-06-09 21:53:27,31.0,2.81 G
2019-06-09 21:53:29,10.0,2.81 G
2019-06-09 21:53:31,5.0,2.81 G
2019-06-09 21:53:33,5.0,2.81 G
2019-06-09 21:53:35,6.0,2.81 G
2019-06-09 21:53:37,7.0,2.81 G
2019-06-09 21:53:39,8.0,2.81 G
2019-06-09 21:53:41,5.0,2.81 G
2019-06-09 21:53:43,25.0,2.81 G
2019-06-09 21:53:45,9.0,2.82 G
2019-06-09 21:53:48,744.5,2.82 G
2019-06-09 21:53:50,760.5,2.82 G
2019-06-09 21:53:52,759.8,2.82 G
2019-06-09 21:53:54,765.4,2.79 G
2019-06-09 21:53:56,766.5,2.77 G
2019-06-09 21:53:58,682.4,2.71 G
2019-06-09 21:54:00,7.0,2.71 G
2019-06-09 21:54:02,8.0,2.71 G
2019-06-09 21:54:04,8.0,2.71 G
2019-06-09 21:54:06,5.0,2.71 G
2019-06-09 21:54:08,7.0,2.71 G
2019-06-09 21:54:10,8.0,2.71 G
2019-06-09 21:54:12,8.0,2.71 G
2019-06-09 21:54:14,7.0,2.71 G
2019-06-09 21:54:16,9.0,2.71 G
2019-06-09 21:54:18,8.0,2.71 G
2019-06-09 21:54:20,6.0,2.71 G
2019-06-09 21:54:22,8.0,2.71 G
2019-06-09 21:54:24,4.0,2.71 G
2019-06-09 21:54:26,4.0,2.71 G
2019-06-09 21:54:28,3.0,2.71 G
2019-06-09 21:54:30,8.0,2.71 G
2019-06-09 21:54:32,9.0,2.71 G
2019-06-09 21:54:34,3.0,2.71 G
2019-06-09 21:54:36,5.0,2.71 G
2019-06-09 21:54:38,9.0,2.71 G
2019-06-09 21:54:40,9.0,2.71 G
2019-06-09 21:54:42,8.0,2.71 G
2019-06-09 21:54:44,8.0,2.71 G
2019-06-09 21:54:46,8.0,2.71 G
2019-06-09 21:54:48,8.0,2.71 G
2019-06-09 21:54:50,69.0,2.79 G
2019-06-09 21:54:52,754.5,2.83 G
2019-06-09 21:54:54,766.6,2.83 G
2019-06-09 21:54:56,763.5,2.81 G
2019-06-09 21:54:58,4.0,2.80 G
2019-06-09 21:55:00,1.0,2.80 G
2019-06-09 21:55:02,3.0,2.80 G
2019-06-09 21:55:04,4.0,2.80 G
2019-06-09 21:55:06,5.0,2.80 G
2019-06-09 21:55:08,8.0,2.80 G
2019-06-09 21:55:10,8.0,2.80 G
2019-06-09 21:55:12,8.0,2.80 G
2019-06-09 21:55:14,7.0,2.80 G
2019-06-09 21:55:16,8.0,2.80 G
2019-06-09 21:55:18,7.0,2.80 G
2019-06-09 21:55:20,7.0,2.80 G
2019-06-09 21:55:22,7.0,2.80 G
2019-06-09 21:55:24,6.0,2.80 G
2019-06-09 21:55:26,7.0,2.80 G
2019-06-09 21:55:28,7.0,2.80 G
2019-06-09 21:55:30,5.0,2.80 G
2019-06-09 21:55:32,8.0,2.80 G
2019-06-09 21:55:34,3.0,2.80 G
2019-06-09 21:55:36,8.0,2.80 G
2019-06-09 21:55:38,7.0,2.80 G
2019-06-09 21:55:40,5.0,2.80 G
2019-06-09 21:55:42,7.0,2.80 G
2019-06-09 21:55:44,9.0,2.80 G
2019-06-09 21:55:46,5.0,2.80 G
2019-06-09 21:55:48,6.0,2.80 G
2019-06-09 21:55:50,4.0,2.80 G
2019-06-09 21:55:52,8.0,2.80 G
2019-06-09 21:55:54,9.0,2.80 G
2019-06-09 21:55:56,7.0,2.80 G
2019-06-09 21:55:58,8.0,2.80 G
2019-06-09 21:56:00,9.0,2.80 G
2019-06-09 21:56:02,7.0,2.80 G
2019-06-09 21:56:04,6.0,2.80 G
2019-06-09 21:56:06,9.0,2.80 G
2019-06-09 21:56:08,8.0,2.80 G
2019-06-09 21:56:10,9.0,2.80 G
2019-06-09 21:56:12,6.0,2.80 G
2019-06-09 21:56:14,6.0,2.80 G
2019-06-09 21:56:16,6.0,2.80 G
2019-06-09 21:56:18,5.0,2.80 G
2019-06-09 21:56:20,6.0,2.80 G
2019-06-09 21:56:22,7.0,2.80 G
2019-06-09 21:56:24,8.0,2.80 G
2019-06-09 21:56:26,9.0,2.80 G
2019-06-09 21:56:28,9.0,2.80 G
2019-06-09 21:56:30,6.0,2.80 G
2019-06-09 21:56:32,8.0,2.80 G
2019-06-09 21:56:34,7.0,2.80 G
2019-06-09 21:56:36,4.0,2.80 G
2019-06-09 21:56:38,7.0,2.80 G
2019-06-09 21:56:40,5.0,2.80 G
2019-06-09 21:56:43,8.0,2.80 G
2019-06-09 21:56:45,8.0,2.80 G
2019-06-09 21:56:47,8.0,2.80 G
2019-06-09 21:56:49,10.0,2.80 G
2019-06-09 21:56:51,6.0,2.80 G
2019-06-09 21:56:53,6.0,2.80 G
2019-06-09 21:56:55,10.0,2.80 G
2019-06-09 21:56:57,12.0,2.80 G
2019-06-09 21:56:59,8.0,2.80 G
2019-06-09 21:57:01,4.0,2.80 G
2019-06-09 21:57:03,3.0,2.80 G
2019-06-09 21:57:05,5.0,2.80 G
2019-06-09 21:57:07,7.0,2.80 G
2019-06-09 21:57:09,7.0,2.80 G
2019-06-09 21:57:11,9.0,2.80 G
2019-06-09 21:57:13,6.0,2.80 G
2019-06-09 21:57:15,6.0,2.80 G
2019-06-09 21:57:17,8.0,2.80 G
2019-06-09 21:57:19,8.0,2.80 G
2019-06-09 21:57:21,8.0,2.80 G
2019-06-09 21:57:23,5.0,2.80 G
2019-06-09 21:57:25,8.0,2.80 G
2019-06-09 21:57:27,7.0,2.80 G
2019-06-09 21:57:29,7.0,2.80 G
2019-06-09 21:57:31,8.0,2.80 G
2019-06-09 21:57:33,5.0,2.80 G
2019-06-09 21:57:35,735.5,2.80 G
2019-06-09 21:57:37,761.5,2.80 G
2019-06-09 21:57:39,760.5,2.80 G
2019-06-09 21:57:41,759.5,2.80 G
2019-06-09 21:57:43,756.4,2.79 G
2019-06-09 21:57:45,716.5,2.70 G
2019-06-09 21:57:47,6.0,2.70 G
2019-06-09 21:57:49,8.0,2.70 G
2019-06-09 21:57:51,4.0,2.70 G
2019-06-09 21:57:53,1.0,2.70 G
2019-06-09 21:57:55,2.0,2.70 G
2019-06-09 21:57:57,1.0,2.70 G
2019-06-09 21:57:59,2.0,2.70 G
2019-06-09 21:58:01,4.0,2.70 G
2019-06-09 21:58:03,4.0,2.70 G
2019-06-09 21:58:05,7.0,2.70 G
2019-06-09 21:58:07,5.0,2.70 G
2019-06-09 21:58:09,7.0,2.70 G
2019-06-09 21:58:11,8.0,2.70 G
2019-06-09 21:58:13,8.0,2.70 G
2019-06-09 21:58:15,8.0,2.70 G
2019-06-09 21:58:17,8.0,2.70 G
2019-06-09 21:58:19,5.0,2.70 G
2019-06-09 21:58:21,4.0,2.70 G
2019-06-09 21:58:23,9.0,2.70 G
2019-06-09 21:58:25,5.0,2.70 G
2019-06-09 21:58:27,4.0,2.70 G
2019-06-09 21:58:29,9.0,2.70 G
2019-06-09 21:58:31,7.0,2.70 G
2019-06-09 21:58:33,5.0,2.70 G
2019-06-09 21:58:35,7.0,2.70 G
2019-06-09 21:58:37,7.0,2.70 G
2019-06-09 21:58:39,8.0,2.70 G
2019-06-09 21:58:41,6.0,2.70 G
2019-06-09 21:58:43,8.0,2.70 G
2019-06-09 21:58:45,7.0,2.70 G
2019-06-09 21:58:47,5.0,2.70 G
2019-06-09 21:58:49,7.0,2.70 G
2019-06-09 21:58:51,7.0,2.70 G
2019-06-09 21:58:53,7.0,2.70 G
2019-06-09 21:58:55,7.0,2.70 G
2019-06-09 21:58:57,6.0,2.70 G
2019-06-09 21:58:59,8.0,2.70 G
2019-06-09 21:59:01,7.0,2.70 G
2019-06-09 21:59:03,7.0,2.70 G
2019-06-09 21:59:05,5.0,2.70 G
2019-06-09 21:59:07,10.0,2.71 G
2019-06-09 21:59:09,7.0,2.71 G
2019-06-09 21:59:11,7.0,2.71 G
2019-06-09 21:59:13,7.0,2.71 G
2019-06-09 21:59:15,5.0,2.71 G
2019-06-09 21:59:17,6.0,2.71 G
2019-06-09 21:59:19,8.0,2.71 G
2019-06-09 21:59:21,8.0,2.71 G
2019-06-09 21:59:23,6.0,2.71 G
2019-06-09 21:59:25,5.0,2.71 G
2019-06-09 21:59:27,5.0,2.71 G
2019-06-09 21:59:29,4.0,2.71 G
2019-06-09 21:59:31,311.7,2.85 G
2019-06-09 21:59:33,760.4,2.85 G
2019-06-09 21:59:35,764.6,2.84 G
2019-06-09 21:59:38,766.6,2.80 G
2019-06-09 21:59:40,764.6,2.80 G
2019-06-09 21:59:42,759.5,2.80 G
2019-06-09 21:59:44,7.0,2.72 G
2019-06-09 21:59:46,4.0,2.72 G
2019-06-09 21:59:48,3.0,2.72 G
2019-06-09 21:59:50,7.0,2.72 G
2019-06-09 21:59:52,6.0,2.72 G
2019-06-09 21:59:54,4.0,2.72 G
2019-06-09 21:59:56,3.0,2.72 G
2019-06-09 21:59:58,6.0,2.72 G
2019-06-09 22:00:00,8.0,2.72 G
2019-06-09 22:00:02,6.0,2.72 G
2019-06-09 22:00:04,3.0,2.72 G
2019-06-09 22:00:06,4.0,2.72 G
2019-06-09 22:00:08,10.0,2.72 G
2019-06-09 22:00:10,6.0,2.72 G
2019-06-09 22:00:12,4.0,2.72 G
2019-06-09 22:00:14,7.0,2.72 G
2019-06-09 22:00:16,7.0,2.72 G
2019-06-09 22:00:18,7.0,2.72 G
2019-06-09 22:00:20,5.0,2.72 G
2019-06-09 22:00:22,7.0,2.72 G
2019-06-09 22:00:24,8.0,2.72 G
2019-06-09 22:00:26,6.0,2.72 G
2019-06-09 22:00:28,4.0,2.72 G
2019-06-09 22:00:30,8.0,2.72 G
2019-06-09 22:00:32,8.0,2.72 G
2019-06-09 22:00:34,8.0,2.72 G
2019-06-09 22:00:36,2.0,2.72 G
2019-06-09 22:00:38,5.0,2.72 G
2019-06-09 22:00:40,7.0,2.72 G
2019-06-09 22:00:42,6.0,2.72 G
2019-06-09 22:00:44,3.0,2.72 G
2019-06-09 22:00:46,5.0,2.72 G
2019-06-09 22:00:48,6.0,2.72 G
2019-06-09 22:00:50,5.0,2.72 G
2019-06-09 22:00:52,8.0,2.72 G
2019-06-09 22:00:54,2.0,2.72 G
2019-06-09 22:00:56,4.0,2.72 G
2019-06-09 22:00:58,5.0,2.72 G
2019-06-09 22:01:00,7.0,2.72 G
2019-06-09 22:01:02,8.0,2.72 G
2019-06-09 22:01:04,8.0,2.72 G
2019-06-09 22:01:06,6.0,2.72 G
2019-06-09 22:01:08,8.0,2.72 G
2019-06-09 22:01:10,7.0,2.72 G
2019-06-09 22:01:12,9.0,2.72 G
2019-06-09 22:01:14,6.0,2.72 G
2019-06-09 22:01:16,6.0,2.72 G
2019-06-09 22:01:18,5.0,2.72 G
2019-06-09 22:01:20,8.0,2.72 G
2019-06-09 22:01:22,8.0,2.72 G
2019-06-09 22:01:24,8.0,2.72 G
2019-06-09 22:01:26,5.0,2.72 G
2019-06-09 22:01:28,8.0,2.72 G
2019-06-09 22:01:30,7.0,2.72 G
2019-06-09 22:01:32,9.0,2.72 G
2019-06-09 22:01:34,8.0,2.72 G
2019-06-09 22:01:36,8.0,2.72 G
2019-06-09 22:01:38,8.0,2.72 G
2019-06-09 22:01:40,10.0,2.72 G
2019-06-09 22:01:42,8.0,2.72 G
2019-06-09 22:01:44,9.0,2.72 G
2019-06-09 22:01:46,438.9,2.80 G
2019-06-09 22:01:48,762.4,2.80 G
2019-06-09 22:01:50,755.9,2.73 G
2019-06-09 22:01:52,765.5,2.74 G
2019-06-09 22:01:54,767.4,2.73 G
2019-06-09 22:01:56,765.5,2.73 G
2019-06-09 22:01:58,3.0,2.71 G
2019-06-09 22:02:00,6.0,2.71 G
2019-06-09 22:02:02,117.9,2.76 G
2019-06-09 22:02:04,105.9,2.89 G
2019-06-09 22:02:06,766.5,2.92 G
2019-06-09 22:02:08,764.5,2.92 G
2019-06-09 22:02:10,691.4,2.91 G
2019-06-09 22:02:12,4.0,2.91 G
2019-06-09 22:02:14,8.0,2.91 G
2019-06-09 22:02:16,7.0,2.91 G
2019-06-09 22:02:18,8.0,2.91 G
2019-06-09 22:02:20,8.0,2.91 G
2019-06-09 22:02:22,4.0,2.91 G
2019-06-09 22:02:24,8.0,2.91 G
2019-06-09 22:02:26,7.0,2.91 G
2019-06-09 22:02:28,9.0,2.91 G
2019-06-09 22:02:30,5.0,2.91 G
2019-06-09 22:02:32,8.0,2.91 G
2019-06-09 22:02:34,9.0,2.91 G
2019-06-09 22:02:36,8.0,2.91 G
2019-06-09 22:02:39,7.0,2.91 G
2019-06-09 22:02:41,8.0,2.91 G
2019-06-09 22:02:43,8.0,2.91 G
2019-06-09 22:02:45,8.0,2.91 G
2019-06-09 22:02:47,8.0,2.91 G
2019-06-09 22:02:49,7.0,2.91 G
2019-06-09 22:02:51,7.0,2.91 G
2019-06-09 22:02:53,9.0,2.91 G
2019-06-09 22:02:55,8.0,2.91 G
2019-06-09 22:02:57,7.0,2.91 G
2019-06-09 22:02:59,8.0,2.91 G
2019-06-09 22:03:01,8.0,2.91 G
2019-06-09 22:03:03,7.0,2.91 G
2019-06-09 22:03:05,8.0,2.91 G
2019-06-09 22:03:07,8.0,2.91 G
2019-06-09 22:03:09,3.0,2.91 G
2019-06-09 22:03:11,8.0,2.91 G
2019-06-09 22:03:13,7.0,2.91 G
2019-06-09 22:03:15,7.0,2.91 G
2019-06-09 22:03:17,7.0,2.91 G
2019-06-09 22:03:19,8.0,2.91 G
2019-06-09 22:03:21,7.0,2.91 G
2019-06-09 22:03:23,7.0,2.91 G
2019-06-09 22:03:25,7.0,2.91 G
2019-06-09 22:03:27,6.0,2.91 G
2019-06-09 22:03:29,8.0,2.91 G
2019-06-09 22:03:31,4.0,2.91 G
2019-06-09 22:03:33,7.0,2.91 G
2019-06-09 22:03:35,8.0,2.91 G
2019-06-09 22:03:37,8.0,2.91 G
2019-06-09 22:03:39,8.0,2.91 G
2019-06-09 22:03:41,7.0,2.91 G
2019-06-09 22:03:43,3.0,2.91 G
2019-06-09 22:03:45,6.0,2.91 G
2019-06-09 22:03:47,4.0,2.91 G
2019-06-09 22:03:49,8.0,2.91 G
2019-06-09 22:03:51,29.0,2.96 G
2019-06-09 22:03:53,25.0,2.99 G
2019-06-09 22:03:55,19.0,2.99 G
2019-06-09 22:03:57,15.0,3.00 G
2019-06-09 22:03:59,18.0,3.00 G
2019-06-09 22:04:01,15.0,3.00 G
2019-06-09 22:04:03,16.0,3.01 G
2019-06-09 22:04:05,54.9,3.01 G
2019-06-09 22:04:07,104.9,3.01 G
2019-06-09 22:04:09,19.0,3.02 G
2019-06-09 22:04:11,12.0,3.01 G
2019-06-09 22:04:13,16.0,3.01 G
2019-06-09 22:04:15,17.0,3.01 G
2019-06-09 22:04:17,14.0,3.02 G
2019-06-09 22:04:19,13.0,3.02 G
2019-06-09 22:04:21,17.0,3.02 G
2019-06-09 22:04:23,20.0,3.03 G
2019-06-09 22:04:25,19.0,3.03 G
2019-06-09 22:04:27,12.0,3.03 G
2019-06-09 22:04:29,16.0,3.03 G
2019-06-09 22:04:31,13.0,3.03 G
2019-06-09 22:04:33,18.0,3.03 G
2019-06-09 22:04:35,16.0,3.03 G
2019-06-09 22:04:37,20.0,3.03 G
2019-06-09 22:04:39,14.0,3.03 G
2019-06-09 22:04:41,15.0,3.03 G
2019-06-09 22:04:43,14.0,3.03 G
2019-06-09 22:04:45,15.0,3.04 G
2019-06-09 22:04:47,18.0,3.04 G
2019-06-09 22:04:49,20.0,3.04 G
2019-06-09 22:04:51,18.0,3.04 G
2019-06-09 22:04:53,15.0,3.04 G
2019-06-09 22:04:55,13.0,3.04 G
2019-06-09 22:04:57,11.0,3.04 G
2019-06-09 22:04:59,12.0,3.04 G
2019-06-09 22:05:01,16.0,3.04 G
2019-06-09 22:05:03,16.0,3.04 G
2019-06-09 22:05:05,14.0,3.04 G
2019-06-09 22:05:07,20.0,3.04 G
2019-06-09 22:05:09,17.0,3.04 G
2019-06-09 22:05:11,13.0,3.04 G
2019-06-09 22:05:13,12.0,3.04 G
2019-06-09 22:05:15,22.0,3.04 G
2019-06-09 22:05:17,14.0,3.04 G
2019-06-09 22:05:19,16.0,3.04 G
2019-06-09 22:05:21,18.0,3.05 G
2019-06-09 22:05:23,23.0,3.05 G
2019-06-09 22:05:25,20.0,3.05 G
2019-06-09 22:05:27,23.0,3.05 G
2019-06-09 22:05:29,16.0,3.05 G
2019-06-09 22:05:31,18.0,3.05 G
2019-06-09 22:05:33,21.0,3.05 G
2019-06-09 22:05:35,16.0,3.05 G
2019-06-09 22:05:37,22.0,3.05 G
2019-06-09 22:05:39,16.0,3.05 G
2019-06-09 22:05:41,14.0,3.05 G
2019-06-09 22:05:44,18.0,3.05 G
2019-06-09 22:05:46,18.0,3.05 G
2019-06-09 22:05:48,19.0,3.05 G
2019-06-09 22:05:50,17.0,3.05 G
2019-06-09 22:05:52,23.0,3.05 G
2019-06-09 22:05:54,14.0,3.05 G
2019-06-09 22:05:56,13.0,3.05 G
2019-06-09 22:05:58,19.0,3.05 G
2019-06-09 22:06:00,15.0,3.05 G
2019-06-09 22:06:02,14.0,3.05 G
2019-06-09 22:06:04,15.0,3.05 G
2019-06-09 22:06:06,13.0,3.05 G
2019-06-09 22:06:08,7.0,3.05 G
2019-06-09 22:06:10,14.0,3.05 G
2019-06-09 22:06:12,10.0,3.05 G
2019-06-09 22:06:14,15.0,3.05 G
2019-06-09 22:06:16,13.0,3.05 G
2019-06-09 22:06:18,15.0,3.05 G
2019-06-09 22:06:20,12.0,3.05 G
2019-06-09 22:06:22,8.0,3.05 G
2019-06-09 22:06:24,12.0,3.05 G
2019-06-09 22:06:26,13.0,3.05 G
2019-06-09 22:06:28,14.0,3.05 G
2019-06-09 22:06:30,11.0,3.05 G
2019-06-09 22:06:32,23.0,3.05 G
2019-06-09 22:06:34,9.0,3.05 G
2019-06-09 22:06:36,10.0,3.05 G
2019-06-09 22:06:38,14.0,3.05 G
2019-06-09 22:06:40,15.0,3.05 G
2019-06-09 22:06:42,14.0,3.05 G
2019-06-09 22:06:44,17.0,3.05 G
2019-06-09 22:06:46,13.0,3.05 G
2019-06-09 22:06:48,12.0,3.05 G
2019-06-09 22:06:50,14.0,3.05 G
2019-06-09 22:06:52,16.0,3.05 G
2019-06-09 22:06:54,19.0,3.05 G
2019-06-09 22:06:56,21.0,3.05 G
2019-06-09 22:06:58,32.0,3.05 G
2019-06-09 22:07:00,26.0,3.05 G
2019-06-09 22:07:02,24.0,3.05 G
2019-06-09 22:07:04,15.0,3.05 G
2019-06-09 22:07:06,17.0,3.05 G
2019-06-09 22:07:08,43.9,3.05 G
2019-06-09 22:07:10,52.0,3.05 G
2019-06-09 22:07:12,714.7,3.06 G
2019-06-09 22:07:14,756.4,3.06 G
2019-06-09 22:07:16,757.4,3.05 G
2019-06-09 22:07:18,5.0,2.99 G
2019-06-09 22:07:20,6.0,2.99 G
2019-06-09 22:07:22,8.0,2.99 G
2019-06-09 22:07:24,8.0,2.99 G
2019-06-09 22:07:26,7.0,2.99 G
2019-06-09 22:07:28,6.0,2.99 G
2019-06-09 22:07:30,7.0,2.99 G
2019-06-09 22:07:32,5.0,2.99 G
2019-06-09 22:07:34,5.0,2.99 G
2019-06-09 22:07:36,9.0,2.99 G
2019-06-09 22:07:38,9.0,2.99 G
2019-06-09 22:07:40,7.0,2.99 G
2019-06-09 22:07:42,6.0,2.99 G
2019-06-09 22:07:44,8.0,2.99 G
2019-06-09 22:07:46,5.0,2.99 G
2019-06-09 22:07:48,8.0,2.99 G
2019-06-09 22:07:50,8.0,2.99 G
2019-06-09 22:07:52,7.0,2.99 G
2019-06-09 22:07:54,7.0,2.99 G
2019-06-09 22:07:56,8.0,2.99 G
2019-06-09 22:07:58,8.0,2.99 G
2019-06-09 22:08:00,8.0,2.99 G
2019-06-09 22:08:02,8.0,2.99 G
2019-06-09 22:08:04,7.0,2.99 G
2019-06-09 22:08:06,8.0,2.99 G
2019-06-09 22:08:08,9.0,2.99 G
2019-06-09 22:08:10,8.0,2.99 G
2019-06-09 22:08:12,8.0,2.99 G
2019-06-09 22:08:14,7.0,2.99 G
2019-06-09 22:08:16,8.0,2.99 G
2019-06-09 22:08:18,8.0,2.99 G
2019-06-09 22:08:20,7.0,2.99 G
2019-06-09 22:08:22,8.0,2.99 G
2019-06-09 22:08:24,38.0,3.04 G
2019-06-09 22:08:26,760.6,3.06 G
2019-06-09 22:08:28,765.5,3.05 G
2019-06-09 22:08:30,247.7,2.96 G
2019-06-09 22:08:32,5.0,2.96 G
2019-06-09 22:08:34,7.0,2.96 G
2019-06-09 22:08:36,7.0,2.96 G
2019-06-09 22:08:38,8.0,2.96 G
2019-06-09 22:08:40,6.0,2.96 G
2019-06-09 22:08:42,9.0,2.96 G
2019-06-09 22:08:45,11.0,2.96 G
2019-06-09 22:08:47,5.0,2.96 G
2019-06-09 22:08:49,8.0,2.96 G
2019-06-09 22:08:51,3.0,2.96 G
2019-06-09 22:08:53,7.0,2.96 G
2019-06-09 22:08:55,8.0,2.96 G
2019-06-09 22:08:57,8.0,2.96 G
2019-06-09 22:08:59,8.0,2.96 G
2019-06-09 22:09:01,6.0,2.96 G
2019-06-09 22:09:03,8.0,2.96 G
2019-06-09 22:09:05,4.0,2.97 G
2019-06-09 22:09:07,7.0,2.97 G
2019-06-09 22:09:09,9.0,2.98 G
2019-06-09 22:09:11,41.0,2.99 G
2019-06-09 22:09:13,36.0,2.99 G
2019-06-09 22:09:15,45.0,3.00 G
2019-06-09 22:09:17,27.0,3.02 G
2019-06-09 22:09:19,4.0,3.02 G
2019-06-09 22:09:21,9.0,3.02 G
2019-06-09 22:09:23,16.0,3.02 G
2019-06-09 22:09:25,6.0,3.02 G
2019-06-09 22:09:27,7.0,3.02 G
2019-06-09 22:09:29,5.0,3.02 G
2019-06-09 22:09:31,5.0,3.02 G
2019-06-09 22:09:33,5.0,3.02 G
2019-06-09 22:09:35,4.0,3.02 G
2019-06-09 22:09:37,5.0,3.02 G
2019-06-09 22:09:39,3.0,3.02 G
2019-06-09 22:09:41,4.0,3.02 G
2019-06-09 22:09:43,4.0,3.02 G
2019-06-09 22:09:45,1.0,3.02 G
2019-06-09 22:09:47,4.0,3.02 G
2019-06-09 22:09:49,6.0,3.02 G
2019-06-09 22:09:51,3.0,3.02 G
2019-06-09 22:09:53,3.0,3.02 G
2019-06-09 22:09:55,5.0,3.02 G
2019-06-09 22:09:57,4.0,3.03 G
2019-06-09 22:09:59,4.0,3.03 G
2019-06-09 22:10:01,3.0,3.03 G
2019-06-09 22:10:03,6.0,3.03 G
2019-06-09 22:10:05,14.0,3.05 G
2019-06-09 22:10:07,4.0,3.05 G
2019-06-09 22:10:09,4.0,3.05 G
2019-06-09 22:10:11,4.0,3.05 G
2019-06-09 22:10:13,3.0,3.05 G
2019-06-09 22:10:15,5.0,3.05 G
2019-06-09 22:10:17,3.0,3.05 G
2019-06-09 22:10:19,5.0,3.05 G
2019-06-09 22:10:21,3.0,3.05 G
2019-06-09 22:10:23,4.0,3.05 G
2019-06-09 22:10:25,5.0,3.05 G
2019-06-09 22:10:27,6.0,3.05 G
2019-06-09 22:10:29,4.0,3.05 G
2019-06-09 22:10:31,6.0,3.05 G
2019-06-09 22:10:33,8.0,3.05 G
2019-06-09 22:10:35,16.0,3.05 G
2019-06-09 22:10:37,5.0,3.05 G
2019-06-09 22:10:39,4.0,3.05 G
2019-06-09 22:10:41,3.0,3.05 G
2019-06-09 22:10:43,6.0,3.05 G
2019-06-09 22:10:45,4.0,3.05 G
2019-06-09 22:10:47,5.0,3.05 G
2019-06-09 22:10:49,3.0,3.05 G
2019-06-09 22:10:51,3.0,3.05 G
2019-06-09 22:10:53,5.0,3.05 G
2019-06-09 22:10:55,5.0,3.05 G
2019-06-09 22:10:57,7.0,3.05 G
2019-06-09 22:10:59,3.0,3.05 G
2019-06-09 22:11:01,4.0,3.05 G
2019-06-09 22:11:03,3.0,3.05 G
2019-06-09 22:11:05,4.0,3.05 G
2019-06-09 22:11:07,15.0,3.07 G
2019-06-09 22:11:09,3.0,3.07 G
2019-06-09 22:11:11,3.0,3.07 G
2019-06-09 22:11:13,5.0,3.07 G
2019-06-09 22:11:15,4.0,3.07 G
2019-06-09 22:11:17,7.0,3.07 G
2019-06-09 22:11:19,4.0,3.07 G
2019-06-09 22:11:21,6.0,3.07 G
2019-06-09 22:11:23,5.0,3.07 G
2019-06-09 22:11:25,4.0,3.07 G
2019-06-09 22:11:27,4.0,3.07 G
2019-06-09 22:11:29,3.0,3.07 G
2019-06-09 22:11:31,8.0,3.07 G
2019-06-09 22:11:33,3.0,3.07 G
2019-06-09 22:11:35,5.0,3.07 G
2019-06-09 22:11:37,3.0,3.07 G
2019-06-09 22:11:39,6.0,3.07 G
2019-06-09 22:11:41,9.0,3.07 G
2019-06-09 22:11:43,5.0,3.07 G
2019-06-09 22:11:45,5.0,3.07 G
2019-06-09 22:11:48,7.0,3.07 G
2019-06-09 22:11:50,5.0,3.07 G
2019-06-09 22:11:52,8.0,3.07 G
2019-06-09 22:11:54,5.0,3.07 G
2019-06-09 22:11:56,6.0,3.07 G
2019-06-09 22:11:58,3.0,3.07 G
2019-06-09 22:12:00,7.0,3.08 G
2019-06-09 22:12:02,5.0,3.08 G
2019-06-09 22:12:04,4.0,3.08 G
2019-06-09 22:12:06,4.0,3.08 G
2019-06-09 22:12:08,4.0,3.08 G
2019-06-09 22:12:10,6.0,3.08 G
2019-06-09 22:12:12,5.0,3.08 G
2019-06-09 22:12:14,5.0,3.08 G
2019-06-09 22:12:16,3.0,3.08 G
2019-06-09 22:12:18,5.0,3.08 G
2019-06-09 22:12:20,5.0,3.08 G
2019-06-09 22:12:22,3.0,3.08 G
2019-06-09 22:12:24,4.0,3.08 G
2019-06-09 22:12:26,17.0,3.08 G
2019-06-09 22:12:28,4.0,3.08 G
2019-06-09 22:12:30,4.0,3.08 G
2019-06-09 22:12:32,3.0,3.08 G
2019-06-09 22:12:34,7.0,3.08 G
2019-06-09 22:12:36,5.0,3.08 G
2019-06-09 22:12:38,5.0,3.08 G
2019-06-09 22:12:40,4.0,3.08 G
2019-06-09 22:12:42,5.0,3.08 G
2019-06-09 22:12:44,4.0,3.08 G
2019-06-09 22:12:46,5.0,3.08 G
2019-06-09 22:12:48,3.0,3.08 G
2019-06-09 22:12:50,4.0,3.08 G
2019-06-09 22:12:52,4.0,3.08 G
2019-06-09 22:12:54,18.0,3.09 G
2019-06-09 22:12:56,9.0,3.09 G
2019-06-09 22:12:58,5.0,3.09 G
2019-06-09 22:13:00,5.0,3.09 G
2019-06-09 22:13:02,6.0,3.09 G
2019-06-09 22:13:04,7.0,3.09 G
2019-06-09 22:13:06,7.0,3.09 G
2019-06-09 22:13:08,5.0,3.09 G
2019-06-09 22:13:10,762.4,3.09 G
2019-06-09 22:13:12,767.5,3.09 G
2019-06-09 22:13:14,766.5,3.08 G
2019-06-09 22:13:16,763.4,3.06 G
2019-06-09 22:13:18,760.8,3.04 G
2019-06-09 22:13:20,2.0,2.99 G
2019-06-09 22:13:22,7.0,2.99 G
2019-06-09 22:13:24,9.0,2.99 G
2019-06-09 22:13:26,9.0,2.99 G
2019-06-09 22:13:28,4.0,2.99 G
2019-06-09 22:13:30,342.9,3.00 G
2019-06-09 22:13:32,757.5,2.99 G
2019-06-09 22:13:34,759.5,2.98 G
2019-06-09 22:13:36,1.0,2.97 G
2019-06-09 22:13:38,3.0,2.97 G
2019-06-09 22:13:40,6.0,2.97 G
2019-06-09 22:13:42,9.0,2.97 G
2019-06-09 22:13:44,7.0,2.97 G
2019-06-09 22:13:46,4.0,2.97 G
2019-06-09 22:13:48,8.0,2.97 G
2019-06-09 22:13:50,8.0,2.97 G
2019-06-09 22:13:52,8.0,2.97 G
2019-06-09 22:13:54,7.0,2.97 G
2019-06-09 22:13:56,4.0,2.97 G
2019-06-09 22:13:58,7.0,2.97 G
2019-06-09 22:14:00,8.0,2.97 G
2019-06-09 22:14:02,6.0,2.97 G
2019-06-09 22:14:04,8.0,2.97 G
2019-06-09 22:14:06,7.0,2.97 G
2019-06-09 22:14:08,8.0,2.97 G
2019-06-09 22:14:10,9.0,2.97 G
2019-06-09 22:14:12,8.0,2.97 G
2019-06-09 22:14:14,9.0,2.97 G
2019-06-09 22:14:16,8.0,2.97 G
2019-06-09 22:14:18,5.0,2.97 G
2019-06-09 22:14:20,5.0,2.97 G
2019-06-09 22:14:22,9.0,2.97 G
2019-06-09 22:14:24,9.0,2.97 G
2019-06-09 22:14:26,6.0,2.97 G
2019-06-09 22:14:28,8.0,2.97 G
2019-06-09 22:14:30,7.0,2.97 G
2019-06-09 22:14:32,7.0,2.97 G
2019-06-09 22:14:34,6.0,2.97 G
2019-06-09 22:14:36,8.0,2.97 G
2019-06-09 22:14:38,5.0,2.97 G
2019-06-09 22:14:40,8.0,2.97 G
2019-06-09 22:14:43,7.0,2.97 G
2019-06-09 22:14:45,7.0,2.97 G
2019-06-09 22:14:47,7.0,2.97 G
2019-06-09 22:14:49,9.0,2.97 G
2019-06-09 22:14:51,8.0,2.97 G
2019-06-09 22:14:53,8.0,2.97 G
2019-06-09 22:14:55,6.0,2.97 G
2019-06-09 22:14:57,8.0,2.97 G
2019-06-09 22:14:59,8.0,2.97 G
2019-06-09 22:15:01,5.0,2.97 G
2019-06-09 22:15:03,5.0,2.97 G
2019-06-09 22:15:05,8.0,2.97 G
2019-06-09 22:15:07,758.4,2.98 G
2019-06-09 22:15:09,756.7,2.97 G
2019-06-09 22:15:11,362.9,2.97 G
2019-06-09 22:15:13,5.0,2.97 G
2019-06-09 22:15:15,8.0,2.97 G
2019-06-09 22:15:17,103.0,2.98 G
2019-06-09 22:15:19,766.4,2.98 G
2019-06-09 22:15:21,765.5,2.98 G
2019-06-09 22:15:23,306.8,2.98 G
2019-06-09 22:15:25,8.0,2.98 G
2019-06-09 22:15:27,5.0,2.98 G
2019-06-09 22:15:29,4.0,2.98 G
2019-06-09 22:15:31,5.0,2.98 G
2019-06-09 22:15:33,4.0,2.98 G
2019-06-09 22:15:35,6.0,2.98 G
2019-06-09 22:15:37,8.0,2.98 G
2019-06-09 22:15:39,8.0,2.98 G
2019-06-09 22:15:41,9.0,2.98 G
2019-06-09 22:15:43,9.0,2.98 G
2019-06-09 22:15:45,6.0,2.98 G
2019-06-09 22:15:47,6.0,2.98 G
2019-06-09 22:15:49,6.0,2.98 G
2019-06-09 22:15:51,8.0,2.98 G
2019-06-09 22:15:53,7.0,2.98 G
2019-06-09 22:15:55,6.0,2.98 G
2019-06-09 22:15:57,7.0,2.98 G
2019-06-09 22:15:59,7.0,2.98 G
2019-06-09 22:16:01,7.0,2.98 G
2019-06-09 22:16:03,6.0,2.98 G
2019-06-09 22:16:05,5.0,2.98 G
2019-06-09 22:16:07,8.0,2.98 G
2019-06-09 22:16:09,6.0,2.98 G
2019-06-09 22:16:11,8.0,2.98 G
2019-06-09 22:16:13,9.0,2.98 G
2019-06-09 22:16:15,9.0,2.98 G
2019-06-09 22:16:17,9.0,2.98 G
2019-06-09 22:16:19,5.0,2.98 G
2019-06-09 22:16:21,8.0,2.98 G
2019-06-09 22:16:23,9.0,2.98 G
2019-06-09 22:16:25,5.0,2.98 G
2019-06-09 22:16:27,9.0,2.98 G
2019-06-09 22:16:29,8.0,2.98 G
2019-06-09 22:16:31,8.0,2.98 G
2019-06-09 22:16:33,6.0,2.98 G
2019-06-09 22:16:35,5.0,2.98 G
2019-06-09 22:16:37,8.0,2.98 G
2019-06-09 22:16:39,9.0,2.98 G
2019-06-09 22:16:41,7.0,2.98 G
2019-06-09 22:16:43,9.0,2.98 G
2019-06-09 22:16:45,8.0,2.98 G
2019-06-09 22:16:47,9.0,2.98 G
2019-06-09 22:16:49,8.0,2.98 G
2019-06-09 22:16:51,8.0,2.98 G
2019-06-09 22:16:53,8.0,2.98 G
2019-06-09 22:16:55,8.0,2.98 G
2019-06-09 22:16:57,8.0,2.98 G
2019-06-09 22:16:59,8.0,2.98 G
2019-06-09 22:17:01,6.0,2.98 G
2019-06-09 22:17:03,7.0,2.98 G
2019-06-09 22:17:05,5.0,2.98 G
2019-06-09 22:17:07,5.0,2.98 G
2019-06-09 22:17:09,3.0,2.98 G
2019-06-09 22:17:11,3.0,2.98 G
2019-06-09 22:17:13,5.0,2.98 G
2019-06-09 22:17:15,5.0,2.98 G
2019-06-09 22:17:17,6.0,2.98 G
2019-06-09 22:17:19,4.0,2.98 G
2019-06-09 22:17:21,4.0,2.98 G
2019-06-09 22:17:23,3.0,2.98 G
2019-06-09 22:17:25,4.0,2.98 G
2019-06-09 22:17:27,4.0,2.98 G
2019-06-09 22:17:29,4.0,2.98 G
2019-06-09 22:17:31,2.0,2.98 G
2019-06-09 22:17:33,3.0,2.98 G
2019-06-09 22:17:35,3.0,2.98 G
2019-06-09 22:17:37,3.0,2.98 G
2019-06-09 22:17:39,4.0,2.98 G
2019-06-09 22:17:42,2.0,2.98 G
2019-06-09 22:17:44,3.0,2.98 G
2019-06-09 22:17:46,3.0,2.98 G
2019-06-09 22:17:48,2.0,2.98 G
2019-06-09 22:17:50,3.0,2.98 G
2019-06-09 22:17:52,4.0,2.98 G
2019-06-09 22:17:54,3.0,2.98 G
2019-06-09 22:17:56,3.0,2.98 G
2019-06-09 22:17:58,2.0,2.98 G
2019-06-09 22:18:00,6.0,2.98 G
2019-06-09 22:18:02,4.0,2.98 G
2019-06-09 22:18:04,6.0,2.98 G
2019-06-09 22:18:06,6.0,2.98 G
2019-06-09 22:18:08,7.0,2.98 G
2019-06-09 22:18:10,6.0,2.98 G
2019-06-09 22:18:12,9.0,2.98 G
2019-06-09 22:18:14,8.0,2.98 G
2019-06-09 22:18:16,8.0,2.98 G
2019-06-09 22:18:18,11.0,2.98 G
2019-06-09 22:18:20,7.0,2.98 G
2019-06-09 22:18:22,7.0,2.98 G
2019-06-09 22:18:24,36.0,2.99 G
2019-06-09 22:18:26,42.9,3.00 G
2019-06-09 22:18:28,40.0,3.01 G
2019-06-09 22:18:30,36.0,3.01 G
2019-06-09 22:18:32,20.0,3.02 G
2019-06-09 22:18:34,22.0,3.02 G
2019-06-09 22:18:36,26.0,3.02 G
2019-06-09 22:18:38,45.0,3.03 G
2019-06-09 22:18:40,42.0,3.04 G
2019-06-09 22:18:42,45.9,3.04 G
2019-06-09 22:18:44,46.0,3.05 G
2019-06-09 22:18:46,43.0,3.05 G
2019-06-09 22:18:48,46.9,3.06 G
2019-06-09 22:18:50,48.0,3.06 G
2019-06-09 22:18:52,45.0,3.07 G
2019-06-09 22:18:54,41.9,3.07 G
2019-06-09 22:18:56,76.0,3.08 G
2019-06-09 22:18:58,41.0,3.08 G
2019-06-09 22:19:00,46.0,3.08 G
2019-06-09 22:19:02,43.0,3.09 G
2019-06-09 22:19:04,39.0,3.09 G
2019-06-09 22:19:06,30.0,3.09 G
2019-06-09 22:19:08,30.0,3.10 G
2019-06-09 22:19:10,32.0,3.10 G
2019-06-09 22:19:12,47.0,3.17 G
2019-06-09 22:19:14,46.0,3.17 G
2019-06-09 22:19:16,47.9,3.17 G
2019-06-09 22:19:18,46.9,3.18 G
2019-06-09 22:19:20,46.9,3.18 G
2019-06-09 22:19:22,46.9,3.18 G
2019-06-09 22:19:24,34.0,3.18 G
2019-06-09 22:19:26,102.9,3.22 G
2019-06-09 22:19:28,48.0,3.22 G
2019-06-09 22:19:30,48.0,3.22 G
2019-06-09 22:19:32,47.0,3.22 G
2019-06-09 22:19:34,45.9,3.22 G
2019-06-09 22:19:36,49.9,3.22 G
2019-06-09 22:19:38,48.0,3.22 G
2019-06-09 22:19:40,46.9,3.22 G
2019-06-09 22:19:42,98.9,3.34 G
2019-06-09 22:19:44,40.0,3.34 G
2019-06-09 22:19:46,38.0,3.34 G
2019-06-09 22:19:48,41.0,3.34 G
2019-06-09 22:19:50,41.0,3.34 G
2019-06-09 22:19:52,43.9,3.34 G
2019-06-09 22:19:54,49.9,3.34 G
2019-06-09 22:19:56,45.9,3.34 G
2019-06-09 22:19:58,57.9,3.36 G
2019-06-09 22:20:00,45.0,3.36 G
2019-06-09 22:20:02,42.9,3.36 G
2019-06-09 22:20:04,34.0,3.36 G
2019-06-09 22:20:06,48.0,3.36 G
2019-06-09 22:20:08,48.9,3.36 G
2019-06-09 22:20:10,47.0,3.36 G
2019-06-09 22:20:12,42.9,3.36 G
2019-06-09 22:20:14,25.0,3.36 G
2019-06-09 22:20:16,41.0,3.46 G
2019-06-09 22:20:18,41.0,3.46 G
2019-06-09 22:20:20,40.0,3.46 G
2019-06-09 22:20:22,45.0,3.46 G
2019-06-09 22:20:24,761.5,3.53 G
2019-06-09 22:20:26,772.5,3.53 G
2019-06-09 22:20:28,765.7,3.53 G
2019-06-09 22:20:30,765.4,3.53 G
2019-06-09 22:20:32,2.0,3.52 G
2019-06-09 22:20:34,7.0,3.52 G
2019-06-09 22:20:36,7.0,3.52 G
2019-06-09 22:20:38,9.0,3.52 G
2019-06-09 22:20:40,8.0,3.52 G
2019-06-09 22:20:42,8.0,3.52 G
2019-06-09 22:20:45,7.0,3.52 G
2019-06-09 22:20:47,9.0,3.52 G
2019-06-09 22:20:49,7.0,3.52 G
2019-06-09 22:20:51,6.0,3.52 G
2019-06-09 22:20:53,7.0,3.52 G
2019-06-09 22:20:55,3.0,3.52 G
2019-06-09 22:20:57,5.0,3.52 G
2019-06-09 22:20:59,6.0,3.52 G
2019-06-09 22:21:01,6.0,3.52 G
2019-06-09 22:21:03,8.0,3.52 G
2019-06-09 22:21:05,4.0,3.52 G
2019-06-09 22:21:07,6.0,3.52 G
2019-06-09 22:21:09,4.0,3.52 G
2019-06-09 22:21:11,5.0,3.52 G
2019-06-09 22:21:13,5.0,3.52 G
2019-06-09 22:21:15,8.0,3.52 G
2019-06-09 22:21:17,8.0,3.52 G
2019-06-09 22:21:19,7.0,3.52 G
2019-06-09 22:21:21,6.0,3.52 G
2019-06-09 22:21:23,7.0,3.52 G
2019-06-09 22:21:25,7.0,3.52 G
2019-06-09 22:21:27,7.0,3.52 G
2019-06-09 22:21:29,4.0,3.52 G
2019-06-09 22:21:31,7.0,3.52 G
2019-06-09 22:21:33,6.0,3.52 G
2019-06-09 22:21:35,7.0,3.52 G
2019-06-09 22:21:37,8.0,3.52 G
2019-06-09 22:21:39,8.0,3.52 G
2019-06-09 22:21:41,9.0,3.52 G
2019-06-09 22:21:43,31.0,3.53 G
2019-06-09 22:21:45,101.9,3.44 G
2019-06-09 22:21:47,103.0,3.43 G
2019-06-09 22:21:49,103.9,3.39 G
2019-06-09 22:21:51,105.9,3.38 G
2019-06-09 22:21:53,102.9,3.38 G
2019-06-09 22:21:55,102.9,3.39 G
2019-06-09 22:21:57,101.9,3.44 G
2019-06-09 22:21:59,102.9,3.50 G
2019-06-09 22:22:01,100.9,3.56 G
2019-06-09 22:22:03,103.9,3.59 G
2019-06-09 22:22:05,102.9,3.59 G
2019-06-09 22:22:07,100.9,3.59 G
2019-06-09 22:22:09,102.9,3.59 G
2019-06-09 22:22:11,102.9,3.60 G
2019-06-09 22:22:13,101.9,3.60 G
2019-06-09 22:22:15,101.9,3.60 G
2019-06-09 22:22:17,101.9,3.61 G
2019-06-09 22:22:19,101.9,3.61 G
2019-06-09 22:22:21,102.9,3.61 G
2019-06-09 22:22:23,101.9,3.61 G
2019-06-09 22:22:25,103.0,3.61 G
2019-06-09 22:22:27,101.9,3.61 G
2019-06-09 22:22:29,100.9,3.62 G
2019-06-09 22:22:31,102.9,3.62 G
2019-06-09 22:22:33,101.9,3.62 G
2019-06-09 22:22:35,102.9,3.62 G
2019-06-09 22:22:37,102.9,3.62 G
2019-06-09 22:22:39,101.9,3.63 G
2019-06-09 22:22:41,101.9,3.63 G
2019-06-09 22:22:43,104.9,3.63 G
2019-06-09 22:22:45,100.9,3.63 G
2019-06-09 22:22:47,103.9,3.63 G
2019-06-09 22:22:49,106.9,3.63 G
2019-06-09 22:22:51,226.8,3.63 G
2019-06-09 22:22:53,755.5,3.63 G
2019-06-09 22:22:55,764.2,3.64 G
2019-06-09 22:22:57,304.7,3.59 G
2019-06-09 22:22:59,8.0,3.59 G
2019-06-09 22:23:01,4.0,3.59 G
2019-06-09 22:23:03,8.0,3.59 G
2019-06-09 22:23:05,8.0,3.59 G
2019-06-09 22:23:07,8.0,3.59 G
2019-06-09 22:23:09,8.0,3.59 G
2019-06-09 22:23:11,8.0,3.59 G
2019-06-09 22:23:13,8.0,3.59 G
2019-06-09 22:23:15,10.0,3.59 G
2019-06-09 22:23:17,8.0,3.59 G
2019-06-09 22:23:19,6.0,3.59 G
2019-06-09 22:23:21,10.0,3.59 G
2019-06-09 22:23:23,8.0,3.59 G
2019-06-09 22:23:25,4.0,3.59 G
2019-06-09 22:23:27,7.0,3.59 G
2019-06-09 22:23:29,8.0,3.59 G
2019-06-09 22:23:31,9.0,3.59 G
2019-06-09 22:23:33,5.0,3.59 G
2019-06-09 22:23:35,9.0,3.59 G
2019-06-09 22:23:37,8.0,3.59 G
2019-06-09 22:23:39,9.0,3.59 G
2019-06-09 22:23:41,9.0,3.59 G
2019-06-09 22:23:43,8.0,3.59 G
2019-06-09 22:23:45,6.0,3.59 G
2019-06-09 22:23:47,72.9,3.60 G
2019-06-09 22:23:49,103.9,3.60 G
2019-06-09 22:23:51,103.9,3.60 G
2019-06-09 22:23:53,105.9,3.60 G
2019-06-09 22:23:55,102.9,3.60 G
2019-06-09 22:23:57,103.9,3.60 G
2019-06-09 22:23:59,102.9,3.61 G
2019-06-09 22:24:01,102.9,3.61 G
2019-06-09 22:24:03,103.9,3.61 G
2019-06-09 22:24:05,104.0,3.61 G
2019-06-09 22:24:07,102.9,3.61 G
2019-06-09 22:24:09,102.9,3.61 G
2019-06-09 22:24:11,104.0,3.61 G
2019-06-09 22:24:13,102.9,3.61 G
2019-06-09 22:24:15,102.9,3.61 G
2019-06-09 22:24:17,104.9,3.62 G
2019-06-09 22:24:19,105.0,3.62 G
2019-06-09 22:24:21,103.9,3.62 G
2019-06-09 22:24:23,103.9,3.62 G
2019-06-09 22:24:25,102.9,3.62 G
2019-06-09 22:24:27,102.9,3.62 G
2019-06-09 22:24:29,103.9,3.63 G
2019-06-09 22:24:31,103.0,3.63 G
2019-06-09 22:24:33,103.9,3.63 G
2019-06-09 22:24:35,104.9,3.63 G
2019-06-09 22:24:37,102.9,3.63 G
2019-06-09 22:24:39,102.9,3.63 G
2019-06-09 22:24:41,103.9,3.63 G
2019-06-09 22:24:43,102.9,3.63 G
2019-06-09 22:24:45,101.9,3.63 G
2019-06-09 22:24:47,103.9,3.64 G
2019-06-09 22:24:49,103.9,3.64 G
2019-06-09 22:24:51,103.9,3.64 G
2019-06-09 22:24:54,103.9,3.64 G
2019-06-09 22:24:56,104.9,3.64 G
2019-06-09 22:24:58,757.5,3.64 G
2019-06-09 22:25:00,758.5,3.64 G
2019-06-09 22:25:02,760.5,3.64 G
2019-06-09 22:25:04,3.0,3.59 G
2019-06-09 22:25:06,10.0,3.59 G
2019-06-09 22:25:08,748.5,3.59 G
2019-06-09 22:25:10,758.8,3.59 G
2019-06-09 22:25:12,765.5,3.59 G
2019-06-09 22:25:14,5.0,3.57 G
2019-06-09 22:25:16,1.0,3.57 G
2019-06-09 22:25:18,3.0,3.57 G
2019-06-09 22:25:20,3.0,3.57 G
2019-06-09 22:25:22,7.0,3.57 G
2019-06-09 22:25:24,4.0,3.57 G
2019-06-09 22:25:26,4.0,3.57 G
2019-06-09 22:25:28,9.0,3.57 G
2019-06-09 22:25:30,8.0,3.57 G
2019-06-09 22:25:32,9.0,3.57 G
2019-06-09 22:25:34,10.0,3.57 G
2019-06-09 22:25:36,8.0,3.57 G
2019-06-09 22:25:38,8.0,3.57 G
2019-06-09 22:25:40,6.0,3.57 G
2019-06-09 22:25:42,9.0,3.57 G
2019-06-09 22:25:44,9.0,3.57 G
2019-06-09 22:25:46,5.0,3.57 G
2019-06-09 22:25:48,6.0,3.57 G
2019-06-09 22:25:50,8.0,3.57 G
2019-06-09 22:25:52,10.0,3.57 G
2019-06-09 22:25:54,7.0,3.57 G
2019-06-09 22:25:56,7.0,3.57 G
2019-06-09 22:25:58,8.0,3.57 G
2019-06-09 22:26:00,7.0,3.57 G
2019-06-09 22:26:02,6.0,3.57 G
2019-06-09 22:26:04,5.0,3.57 G
2019-06-09 22:26:06,7.0,3.57 G
2019-06-09 22:26:08,6.0,3.57 G
2019-06-09 22:26:10,8.0,3.57 G
2019-06-09 22:26:12,8.0,3.57 G
2019-06-09 22:26:14,7.0,3.57 G
2019-06-09 22:26:16,7.0,3.57 G
2019-06-09 22:26:18,9.0,3.57 G
2019-06-09 22:26:20,9.0,3.57 G
2019-06-09 22:26:22,8.0,3.57 G
2019-06-09 22:26:24,8.0,3.57 G
2019-06-09 22:26:26,9.0,3.57 G
2019-06-09 22:26:28,402.7,3.65 G
2019-06-09 22:26:30,760.5,3.64 G
2019-06-09 22:26:32,752.5,3.64 G
2019-06-09 22:26:34,5.0,3.57 G
2019-06-09 22:26:36,6.0,3.57 G
2019-06-09 22:26:38,6.0,3.57 G
2019-06-09 22:26:40,8.0,3.57 G
2019-06-09 22:26:42,7.0,3.57 G
2019-06-09 22:26:44,4.0,3.57 G
2019-06-09 22:26:46,6.0,3.57 G
2019-06-09 22:26:48,6.0,3.57 G
2019-06-09 22:26:50,8.0,3.57 G
2019-06-09 22:26:52,8.0,3.57 G
2019-06-09 22:26:54,7.0,3.57 G
2019-06-09 22:26:56,6.0,3.57 G
2019-06-09 22:26:58,4.0,3.57 G
2019-06-09 22:27:00,4.0,3.57 G
2019-06-09 22:27:02,7.0,3.57 G
2019-06-09 22:27:04,7.0,3.57 G
2019-06-09 22:27:06,7.0,3.57 G
2019-06-09 22:27:08,9.0,3.57 G
2019-06-09 22:27:10,10.0,3.57 G
2019-06-09 22:27:12,7.0,3.57 G
2019-06-09 22:27:14,7.0,3.57 G
2019-06-09 22:27:16,8.0,3.57 G
2019-06-09 22:27:18,9.0,3.57 G
2019-06-09 22:27:20,6.0,3.57 G
2019-06-09 22:27:22,6.0,3.57 G
2019-06-09 22:27:24,4.0,3.57 G
2019-06-09 22:27:26,6.0,3.57 G
2019-06-09 22:27:28,6.0,3.57 G
2019-06-09 22:27:30,6.0,3.57 G
2019-06-09 22:27:32,3.0,3.57 G
2019-06-09 22:27:34,4.0,3.57 G
2019-06-09 22:27:36,4.0,3.57 G
2019-06-09 22:27:38,5.0,3.57 G
2019-06-09 22:27:40,5.0,3.57 G
2019-06-09 22:27:42,3.0,3.57 G
2019-06-09 22:27:44,4.0,3.57 G
2019-06-09 22:27:46,5.0,3.57 G
2019-06-09 22:27:48,3.0,3.57 G
2019-06-09 22:27:50,5.0,3.57 G
2019-06-09 22:27:52,4.0,3.57 G
2019-06-09 22:27:54,7.0,3.57 G
2019-06-09 22:27:56,34.0,3.64 G
2019-06-09 22:27:59,765.5,3.64 G
2019-06-09 22:28:01,761.4,3.64 G
2019-06-09 22:28:03,344.6,3.60 G
2019-06-09 22:28:05,4.0,3.60 G
2019-06-09 22:28:07,66.0,3.60 G
2019-06-09 22:28:09,759.4,3.60 G
2019-06-09 22:28:11,761.5,3.60 G
2019-06-09 22:28:13,241.7,3.58 G
2019-06-09 22:28:15,7.0,3.58 G
2019-06-09 22:28:17,4.0,3.58 G
2019-06-09 22:28:19,3.0,3.58 G
2019-06-09 22:28:21,6.0,3.58 G
2019-06-09 22:28:23,7.0,3.58 G
2019-06-09 22:28:25,7.0,3.58 G
2019-06-09 22:28:27,6.0,3.58 G
2019-06-09 22:28:29,6.0,3.58 G
2019-06-09 22:28:31,4.0,3.58 G
2019-06-09 22:28:33,4.0,3.58 G
2019-06-09 22:28:35,8.0,3.58 G
2019-06-09 22:28:37,7.0,3.58 G
2019-06-09 22:28:39,8.0,3.58 G
2019-06-09 22:28:41,7.0,3.58 G
2019-06-09 22:28:43,5.0,3.58 G
2019-06-09 22:28:45,7.0,3.58 G
2019-06-09 22:28:47,7.0,3.58 G
2019-06-09 22:28:49,758.2,3.58 G
2019-06-09 22:28:51,763.3,3.58 G
2019-06-09 22:28:53,763.5,3.58 G
2019-06-09 22:28:55,2.0,3.57 G
2019-06-09 22:28:57,3.0,3.57 G
2019-06-09 22:28:59,6.0,3.57 G
2019-06-09 22:29:01,7.0,3.57 G
2019-06-09 22:29:03,4.0,3.57 G
2019-06-09 22:29:05,5.0,3.57 G
2019-06-09 22:29:07,3.0,3.57 G
2019-06-09 22:29:09,3.0,3.57 G
2019-06-09 22:29:11,4.0,3.57 G
2019-06-09 22:29:13,7.0,3.57 G
2019-06-09 22:29:15,7.0,3.57 G
2019-06-09 22:29:17,8.0,3.57 G
2019-06-09 22:29:19,8.0,3.57 G
2019-06-09 22:29:21,6.0,3.57 G
2019-06-09 22:29:23,8.0,3.57 G
2019-06-09 22:29:25,8.0,3.57 G
2019-06-09 22:29:27,5.0,3.57 G
2019-06-09 22:29:29,5.0,3.57 G
2019-06-09 22:29:31,7.0,3.57 G
2019-06-09 22:29:33,8.0,3.57 G
2019-06-09 22:29:35,7.0,3.57 G
2019-06-09 22:29:37,8.0,3.57 G
2019-06-09 22:29:39,7.0,3.57 G
2019-06-09 22:29:41,9.0,3.57 G
2019-06-09 22:29:43,8.0,3.57 G
2019-06-09 22:29:45,6.0,3.57 G
2019-06-09 22:29:47,7.0,3.57 G
2019-06-09 22:29:49,9.0,3.57 G
2019-06-09 22:29:51,6.0,3.57 G
2019-06-09 22:29:53,8.0,3.57 G
2019-06-09 22:29:55,8.0,3.57 G
2019-06-09 22:29:57,5.0,3.57 G
2019-06-09 22:29:59,4.0,3.57 G
2019-06-09 22:30:01,7.0,3.57 G
2019-06-09 22:30:03,7.0,3.57 G
2019-06-09 22:30:05,7.0,3.57 G
2019-06-09 22:30:07,5.0,3.57 G
2019-06-09 22:30:09,8.0,3.57 G
2019-06-09 22:30:11,8.0,3.57 G
2019-06-09 22:30:13,5.0,3.57 G
2019-06-09 22:30:15,9.0,3.57 G
2019-06-09 22:30:17,8.0,3.57 G
2019-06-09 22:30:19,544.8,3.66 G
2019-06-09 22:30:21,765.5,3.66 G
2019-06-09 22:30:23,758.2,3.66 G
2019-06-09 22:30:25,4.0,3.57 G
2019-06-09 22:30:27,7.0,3.57 G
2019-06-09 22:30:29,8.0,3.57 G
2019-06-09 22:30:31,9.0,3.57 G
2019-06-09 22:30:33,8.0,3.57 G
2019-06-09 22:30:35,6.0,3.57 G
2019-06-09 22:30:37,8.0,3.57 G
2019-06-09 22:30:39,7.0,3.57 G
2019-06-09 22:30:41,9.0,3.57 G
2019-06-09 22:30:43,9.0,3.57 G
2019-06-09 22:30:45,10.0,3.57 G
2019-06-09 22:30:47,3.0,3.57 G
2019-06-09 22:30:49,7.0,3.57 G
2019-06-09 22:30:52,8.0,3.57 G
2019-06-09 22:30:54,6.0,3.57 G
2019-06-09 22:30:56,9.0,3.57 G
2019-06-09 22:30:58,9.0,3.57 G
2019-06-09 22:31:00,9.0,3.57 G
2019-06-09 22:31:02,8.0,3.57 G
2019-06-09 22:31:04,8.0,3.57 G
2019-06-09 22:31:06,11.0,3.57 G
2019-06-09 22:31:08,8.0,3.57 G
2019-06-09 22:31:10,8.0,3.57 G
2019-06-09 22:31:12,8.0,3.57 G
2019-06-09 22:31:14,7.0,3.57 G
2019-06-09 22:31:16,8.0,3.57 G
2019-06-09 22:31:18,9.0,3.57 G
2019-06-09 22:31:20,10.0,3.57 G
2019-06-09 22:31:22,9.0,3.57 G
2019-06-09 22:31:24,9.0,3.57 G
2019-06-09 22:31:26,5.0,3.57 G
2019-06-09 22:31:28,7.0,3.57 G
2019-06-09 22:31:30,105.2,3.64 G
2019-06-09 22:31:32,766.4,3.64 G
2019-06-09 22:31:34,757.4,3.64 G
2019-06-09 22:31:36,174.8,3.57 G
2019-06-09 22:31:38,3.0,3.57 G
2019-06-09 22:31:40,2.0,3.57 G
2019-06-09 22:31:42,5.0,3.57 G
2019-06-09 22:31:44,4.0,3.57 G
2019-06-09 22:31:46,5.0,3.57 G
2019-06-09 22:31:48,4.0,3.57 G
2019-06-09 22:31:50,5.0,3.57 G
2019-06-09 22:31:52,3.0,3.57 G
2019-06-09 22:31:54,5.0,3.57 G
2019-06-09 22:31:56,5.0,3.57 G
2019-06-09 22:31:58,4.0,3.57 G
2019-06-09 22:32:00,4.0,3.57 G
2019-06-09 22:32:02,3.0,3.57 G
2019-06-09 22:32:04,5.0,3.57 G
2019-06-09 22:32:06,3.0,3.57 G
2019-06-09 22:32:08,4.0,3.57 G
2019-06-09 22:32:10,7.0,3.57 G
2019-06-09 22:32:12,4.0,3.57 G
2019-06-09 22:32:14,6.0,3.57 G
2019-06-09 22:32:16,6.0,3.57 G
2019-06-09 22:32:18,5.0,3.57 G
2019-06-09 22:32:20,5.0,3.57 G
2019-06-09 22:32:22,5.0,3.57 G
2019-06-09 22:32:24,7.0,3.57 G
2019-06-09 22:32:26,6.0,3.57 G
2019-06-09 22:32:28,4.0,3.57 G
2019-06-09 22:32:30,4.0,3.57 G
2019-06-09 22:32:32,7.0,3.57 G
2019-06-09 22:32:34,5.0,3.57 G
2019-06-09 22:32:36,5.0,3.57 G
2019-06-09 22:32:38,7.0,3.57 G
2019-06-09 22:32:40,5.0,3.57 G
2019-06-09 22:32:42,6.0,3.57 G
2019-06-09 22:32:44,4.0,3.57 G
2019-06-09 22:32:46,5.0,3.57 G
2019-06-09 22:32:48,5.0,3.57 G
2019-06-09 22:32:50,6.0,3.57 G
2019-06-09 22:32:52,4.0,3.57 G
2019-06-09 22:32:54,4.0,3.57 G
2019-06-09 22:32:56,6.0,3.57 G
2019-06-09 22:32:58,5.0,3.57 G
2019-06-09 22:33:00,7.0,3.57 G
2019-06-09 22:33:02,9.0,3.57 G
2019-06-09 22:33:04,4.0,3.57 G
2019-06-09 22:33:06,7.0,3.57 G
2019-06-09 22:33:08,7.0,3.57 G
2019-06-09 22:33:10,6.0,3.57 G
2019-06-09 22:33:12,6.0,3.57 G
2019-06-09 22:33:14,6.0,3.57 G
2019-06-09 22:33:16,8.0,3.57 G
2019-06-09 22:33:18,4.0,3.57 G
2019-06-09 22:33:20,80.9,3.64 G
2019-06-09 22:33:22,756.5,3.64 G
2019-06-09 22:33:24,757.5,3.60 G
2019-06-09 22:33:26,94.9,3.60 G
2019-06-09 22:33:28,1.0,3.60 G
2019-06-09 22:33:30,6.0,3.60 G
2019-06-09 22:33:32,7.0,3.60 G
2019-06-09 22:33:34,7.0,3.60 G
2019-06-09 22:33:36,7.0,3.60 G
2019-06-09 22:33:38,5.0,3.60 G
2019-06-09 22:33:40,5.0,3.60 G
2019-06-09 22:33:42,6.0,3.60 G
2019-06-09 22:33:44,6.0,3.60 G
2019-06-09 22:33:46,5.0,3.60 G
2019-06-09 22:33:49,3.0,3.60 G
2019-06-09 22:33:51,4.0,3.60 G
2019-06-09 22:33:53,4.0,3.60 G
2019-06-09 22:33:55,6.0,3.60 G
2019-06-09 22:33:57,4.0,3.60 G
2019-06-09 22:33:59,2.0,3.60 G
2019-06-09 22:34:01,5.0,3.60 G
2019-06-09 22:34:03,4.0,3.60 G
2019-06-09 22:34:05,3.0,3.60 G
2019-06-09 22:34:07,6.0,3.60 G
2019-06-09 22:34:09,3.0,3.60 G
2019-06-09 22:34:11,2.0,3.60 G
2019-06-09 22:34:13,6.0,3.60 G
2019-06-09 22:34:15,6.0,3.60 G
2019-06-09 22:34:17,5.0,3.60 G
2019-06-09 22:34:19,6.0,3.60 G
2019-06-09 22:34:21,3.0,3.60 G
2019-06-09 22:34:23,3.0,3.60 G
2019-06-09 22:34:25,4.0,3.60 G
2019-06-09 22:34:27,3.0,3.60 G
2019-06-09 22:34:29,4.0,3.60 G
2019-06-09 22:34:31,4.0,3.60 G
2019-06-09 22:34:33,3.0,3.60 G
2019-06-09 22:34:35,4.0,3.60 G
2019-06-09 22:34:37,3.0,3.60 G
2019-06-09 22:34:39,4.0,3.60 G
2019-06-09 22:34:41,3.0,3.60 G
2019-06-09 22:34:43,4.0,3.60 G
2019-06-09 22:34:45,4.0,3.60 G
2019-06-09 22:34:47,6.0,3.60 G
2019-06-09 22:34:49,3.0,3.60 G
2019-06-09 22:34:51,4.0,3.60 G
2019-06-09 22:34:53,98.9,3.61 G
2019-06-09 22:34:55,101.9,3.61 G
2019-06-09 22:34:57,100.9,3.62 G
2019-06-09 22:34:59,99.9,3.62 G
2019-06-09 22:35:01,99.9,3.63 G
2019-06-09 22:35:03,99.9,3.64 G
2019-06-09 22:35:05,101.9,3.64 G
2019-06-09 22:35:07,100.9,3.65 G
2019-06-09 22:35:09,136.9,3.65 G
2019-06-09 22:35:11,764.4,3.65 G
2019-06-09 22:35:13,766.5,3.65 G
2019-06-09 22:35:15,306.7,3.57 G
2019-06-09 22:35:17,4.0,3.57 G
2019-06-09 22:35:19,8.0,3.57 G
2019-06-09 22:35:21,8.0,3.57 G
2019-06-09 22:35:23,8.0,3.57 G
2019-06-09 22:35:25,8.0,3.57 G
2019-06-09 22:35:27,6.0,3.57 G
2019-06-09 22:35:29,8.0,3.57 G
2019-06-09 22:35:31,5.0,3.57 G
2019-06-09 22:35:33,8.0,3.57 G
2019-06-09 22:35:35,7.0,3.57 G
2019-06-09 22:35:37,7.0,3.57 G
2019-06-09 22:35:39,5.0,3.57 G
2019-06-09 22:35:41,9.0,3.57 G
2019-06-09 22:35:43,7.0,3.57 G
2019-06-09 22:35:45,7.0,3.57 G
2019-06-09 22:35:47,7.0,3.57 G
2019-06-09 22:35:49,8.0,3.57 G
2019-06-09 22:35:51,9.0,3.57 G
2019-06-09 22:35:53,8.0,3.57 G
2019-06-09 22:35:55,9.0,3.57 G
2019-06-09 22:35:57,10.0,3.57 G
2019-06-09 22:35:59,9.0,3.57 G
2019-06-09 22:36:01,8.0,3.57 G
2019-06-09 22:36:03,9.0,3.57 G
2019-06-09 22:36:05,8.0,3.57 G
2019-06-09 22:36:07,9.0,3.57 G
2019-06-09 22:36:09,9.0,3.57 G
2019-06-09 22:36:11,9.0,3.57 G
2019-06-09 22:36:13,6.0,3.57 G
2019-06-09 22:36:15,9.0,3.57 G
2019-06-09 22:36:17,9.0,3.57 G
2019-06-09 22:36:19,8.0,3.57 G
2019-06-09 22:36:21,10.0,3.57 G
2019-06-09 22:36:23,5.0,3.57 G
2019-06-09 22:36:25,8.0,3.57 G
2019-06-09 22:36:27,114.9,3.60 G
2019-06-09 22:36:29,106.9,3.60 G
2019-06-09 22:36:31,101.9,3.61 G
2019-06-09 22:36:33,102.9,3.62 G
2019-06-09 22:36:35,101.9,3.63 G
2019-06-09 22:36:37,248.8,3.64 G
2019-06-09 22:36:39,757.5,3.63 G
2019-06-09 22:36:41,758.5,3.63 G
2019-06-09 22:36:43,251.7,3.57 G
2019-06-09 22:36:45,1.0,3.57 G
2019-06-09 22:36:47,3.0,3.57 G
2019-06-09 22:36:49,3.0,3.57 G
2019-06-09 22:36:51,6.0,3.57 G
2019-06-09 22:36:53,4.0,3.57 G
2019-06-09 22:36:55,6.0,3.57 G
2019-06-09 22:36:57,8.0,3.57 G
2019-06-09 22:36:59,4.0,3.57 G
2019-06-09 22:37:02,8.0,3.57 G
2019-06-09 22:37:04,8.0,3.57 G
2019-06-09 22:37:06,7.0,3.57 G
2019-06-09 22:37:08,8.0,3.57 G
2019-06-09 22:37:10,8.0,3.57 G
2019-06-09 22:37:12,6.0,3.57 G
2019-06-09 22:37:14,546.7,3.57 G
2019-06-09 22:37:16,765.2,3.57 G
2019-06-09 22:37:18,762.5,3.57 G
2019-06-09 22:37:20,8.0,3.55 G
2019-06-09 22:37:22,8.0,3.55 G
2019-06-09 22:37:24,7.0,3.55 G
2019-06-09 22:37:26,6.0,3.55 G
2019-06-09 22:37:28,7.0,3.55 G
2019-06-09 22:37:30,5.0,3.55 G
2019-06-09 22:37:32,4.0,3.55 G
2019-06-09 22:37:34,5.0,3.55 G
2019-06-09 22:37:36,4.0,3.55 G
2019-06-09 22:37:38,7.0,3.55 G
2019-06-09 22:37:40,7.0,3.55 G
2019-06-09 22:37:42,5.0,3.55 G
2019-06-09 22:37:44,4.0,3.55 G
2019-06-09 22:37:46,7.0,3.55 G
2019-06-09 22:37:48,5.0,3.55 G
2019-06-09 22:37:50,5.0,3.55 G
2019-06-09 22:37:52,4.0,3.55 G
2019-06-09 22:37:54,4.0,3.55 G
2019-06-09 22:37:56,5.0,3.55 G
2019-06-09 22:37:58,7.0,3.55 G
2019-06-09 22:38:00,7.0,3.55 G
2019-06-09 22:38:02,4.0,3.55 G
2019-06-09 22:38:04,760.5,3.56 G
2019-06-09 22:38:06,763.5,3.56 G
2019-06-09 22:38:08,763.6,3.56 G
2019-06-09 22:38:10,6.0,3.55 G
2019-06-09 22:38:12,7.0,3.55 G
2019-06-09 22:38:14,8.0,3.55 G
2019-06-09 22:38:16,8.0,3.55 G
2019-06-09 22:38:18,6.0,3.55 G
2019-06-09 22:38:20,7.0,3.55 G
2019-06-09 22:38:22,8.0,3.55 G
2019-06-09 22:38:24,7.0,3.55 G
2019-06-09 22:38:26,5.0,3.55 G
2019-06-09 22:38:28,5.0,3.55 G
2019-06-09 22:38:30,7.0,3.55 G
2019-06-09 22:38:32,7.0,3.55 G
2019-06-09 22:38:34,8.0,3.55 G
2019-06-09 22:38:36,8.0,3.55 G
2019-06-09 22:38:38,7.0,3.55 G
2019-06-09 22:38:40,8.0,3.55 G
2019-06-09 22:38:42,7.0,3.55 G
2019-06-09 22:38:44,8.0,3.55 G
2019-06-09 22:38:46,7.0,3.55 G
2019-06-09 22:38:48,7.0,3.55 G
2019-06-09 22:38:50,7.0,3.55 G
2019-06-09 22:38:52,8.0,3.55 G
2019-06-09 22:38:54,4.0,3.55 G
2019-06-09 22:38:56,6.0,3.55 G
2019-06-09 22:38:58,6.0,3.55 G
2019-06-09 22:39:00,7.0,3.55 G
2019-06-09 22:39:02,7.0,3.55 G
2019-06-09 22:39:04,7.0,3.55 G
2019-06-09 22:39:06,8.0,3.55 G
2019-06-09 22:39:08,6.0,3.55 G
2019-06-09 22:39:10,8.0,3.55 G
2019-06-09 22:39:12,6.0,3.55 G
2019-06-09 22:39:14,8.0,3.55 G
2019-06-09 22:39:16,7.0,3.55 G
2019-06-09 22:39:18,3.0,3.55 G
2019-06-09 22:39:20,8.0,3.55 G
2019-06-09 22:39:22,6.0,3.55 G
2019-06-09 22:39:24,5.0,3.55 G
2019-06-09 22:39:26,6.0,3.55 G
2019-06-09 22:39:28,7.0,3.55 G
2019-06-09 22:39:30,8.0,3.55 G
2019-06-09 22:39:32,5.0,3.55 G
2019-06-09 22:39:34,8.0,3.55 G
2019-06-09 22:39:36,4.0,3.55 G
2019-06-09 22:39:38,8.0,3.55 G
2019-06-09 22:39:40,8.0,3.55 G
2019-06-09 22:39:42,8.0,3.55 G
2019-06-09 22:39:44,9.0,3.55 G
2019-06-09 22:39:46,9.0,3.55 G
2019-06-09 22:39:48,7.0,3.55 G
2019-06-09 22:39:50,8.0,3.55 G
2019-06-09 22:39:52,9.0,3.55 G
2019-06-09 22:39:54,9.0,3.55 G
2019-06-09 22:39:56,7.0,3.55 G
2019-06-09 22:39:59,7.0,3.55 G
2019-06-09 22:40:01,8.0,3.55 G
2019-06-09 22:40:03,8.0,3.55 G
2019-06-09 22:40:05,6.0,3.55 G
2019-06-09 22:40:07,8.0,3.55 G
2019-06-09 22:40:09,7.0,3.55 G
2019-06-09 22:40:11,8.0,3.55 G
2019-06-09 22:40:13,7.0,3.55 G
2019-06-09 22:40:15,7.0,3.55 G
2019-06-09 22:40:17,7.0,3.55 G
2019-06-09 22:40:19,8.0,3.55 G
2019-06-09 22:40:21,6.0,3.55 G
2019-06-09 22:40:23,10.0,3.55 G
2019-06-09 22:40:25,8.0,3.55 G
2019-06-09 22:40:27,10.0,3.55 G
2019-06-09 22:40:29,10.0,3.55 G
2019-06-09 22:40:31,6.0,3.55 G
2019-06-09 22:40:33,8.0,3.55 G
2019-06-09 22:40:35,8.0,3.55 G
2019-06-09 22:40:37,7.0,3.55 G
2019-06-09 22:40:39,7.0,3.55 G
2019-06-09 22:40:41,8.0,3.55 G
2019-06-09 22:40:43,6.0,3.55 G
2019-06-09 22:40:45,9.0,3.55 G
2019-06-09 22:40:47,6.0,3.55 G
2019-06-09 22:40:49,22.0,3.56 G
2019-06-09 22:40:51,99.9,3.68 G
2019-06-09 22:40:53,747.4,3.71 G
2019-06-09 22:40:55,757.5,3.71 G
2019-06-09 22:40:57,759.4,3.71 G
2019-06-09 22:40:59,6.0,3.55 G
2019-06-09 22:41:01,5.0,3.55 G
2019-06-09 22:41:03,8.0,3.55 G
2019-06-09 22:41:05,8.0,3.55 G
2019-06-09 22:41:07,8.0,3.55 G
2019-06-09 22:41:09,4.0,3.55 G
2019-06-09 22:41:11,7.0,3.55 G
2019-06-09 22:41:13,9.0,3.55 G
2019-06-09 22:41:15,8.0,3.55 G
2019-06-09 22:41:17,8.0,3.55 G
2019-06-09 22:41:19,9.0,3.55 G
2019-06-09 22:41:21,8.0,3.55 G
2019-06-09 22:41:23,7.0,3.55 G
2019-06-09 22:41:25,5.0,3.55 G
2019-06-09 22:41:27,7.0,3.55 G
2019-06-09 22:41:29,8.0,3.55 G
2019-06-09 22:41:31,7.0,3.55 G
2019-06-09 22:41:33,6.0,3.55 G
2019-06-09 22:41:35,7.0,3.55 G
2019-06-09 22:41:37,8.0,3.55 G
2019-06-09 22:41:39,8.0,3.55 G
2019-06-09 22:41:41,8.0,3.55 G
2019-06-09 22:41:43,4.0,3.55 G
2019-06-09 22:41:45,5.0,3.55 G
2019-06-09 22:41:47,8.0,3.55 G
2019-06-09 22:41:49,9.0,3.55 G
2019-06-09 22:41:51,5.0,3.55 G
2019-06-09 22:41:53,7.0,3.55 G
2019-06-09 22:41:55,8.0,3.55 G
2019-06-09 22:41:57,9.0,3.55 G
2019-06-09 22:41:59,8.0,3.55 G
2019-06-09 22:42:01,4.0,3.55 G
2019-06-09 22:42:03,10.0,3.55 G
2019-06-09 22:42:05,10.0,3.55 G
2019-06-09 22:42:07,9.0,3.55 G
2019-06-09 22:42:09,6.0,3.55 G
2019-06-09 22:42:11,8.0,3.55 G
2019-06-09 22:42:13,9.0,3.55 G
2019-06-09 22:42:15,7.0,3.55 G
2019-06-09 22:42:17,6.0,3.55 G
2019-06-09 22:42:19,8.0,3.55 G
2019-06-09 22:42:21,8.0,3.55 G
2019-06-09 22:42:23,8.0,3.55 G
2019-06-09 22:42:25,9.0,3.55 G
2019-06-09 22:42:27,4.0,3.55 G
2019-06-09 22:42:29,6.0,3.55 G
2019-06-09 22:42:31,7.0,3.55 G
2019-06-09 22:42:33,7.0,3.55 G
2019-06-09 22:42:35,6.0,3.55 G
2019-06-09 22:42:37,4.0,3.55 G
2019-06-09 22:42:39,6.0,3.55 G
2019-06-09 22:42:41,13.0,3.56 G
2019-06-09 22:42:43,4.0,3.56 G
2019-06-09 22:42:45,5.0,3.57 G
2019-06-09 22:42:47,50.0,3.58 G
2019-06-09 22:42:49,755.3,3.58 G
2019-06-09 22:42:51,756.4,3.58 G
2019-06-09 22:42:53,104.9,3.56 G
2019-06-09 22:42:55,3.0,3.56 G
2019-06-09 22:42:58,8.0,3.56 G
2019-06-09 22:43:00,5.0,3.56 G
2019-06-09 22:43:02,6.0,3.56 G
2019-06-09 22:43:04,7.0,3.56 G
2019-06-09 22:43:06,8.0,3.56 G
2019-06-09 22:43:08,7.0,3.56 G
2019-06-09 22:43:10,7.0,3.56 G
2019-06-09 22:43:12,8.0,3.56 G
2019-06-09 22:43:14,7.0,3.56 G
2019-06-09 22:43:16,7.0,3.56 G
2019-06-09 22:43:18,4.0,3.56 G
2019-06-09 22:43:20,4.0,3.56 G
2019-06-09 22:43:22,7.0,3.56 G
2019-06-09 22:43:24,8.0,3.56 G
2019-06-09 22:43:26,7.0,3.56 G
2019-06-09 22:43:28,9.0,3.56 G
2019-06-09 22:43:30,8.0,3.56 G
2019-06-09 22:43:32,7.0,3.56 G
2019-06-09 22:43:34,8.0,3.56 G
2019-06-09 22:43:36,9.0,3.56 G
2019-06-09 22:43:38,9.0,3.56 G
2019-06-09 22:43:40,9.0,3.56 G
2019-06-09 22:43:42,7.0,3.56 G
2019-06-09 22:43:44,5.0,3.56 G
2019-06-09 22:43:46,5.0,3.56 G
2019-06-09 22:43:48,9.0,3.56 G
2019-06-09 22:43:50,8.0,3.56 G
2019-06-09 22:43:52,7.0,3.56 G
2019-06-09 22:43:54,9.0,3.56 G
2019-06-09 22:43:56,4.0,3.56 G
2019-06-09 22:43:58,4.0,3.56 G
2019-06-09 22:44:00,7.0,3.56 G
2019-06-09 22:44:02,8.0,3.56 G
2019-06-09 22:44:04,9.0,3.56 G
2019-06-09 22:44:06,8.0,3.56 G
2019-06-09 22:44:08,6.0,3.56 G
2019-06-09 22:44:10,5.0,3.56 G
2019-06-09 22:44:12,7.0,3.56 G
2019-06-09 22:44:14,8.0,3.56 G
2019-06-09 22:44:16,7.0,3.56 G
2019-06-09 22:44:18,8.0,3.56 G
2019-06-09 22:44:20,9.0,3.56 G
2019-06-09 22:44:22,9.0,3.56 G
2019-06-09 22:44:24,8.0,3.56 G
2019-06-09 22:44:26,8.0,3.56 G
2019-06-09 22:44:28,7.0,3.56 G
2019-06-09 22:44:30,7.0,3.56 G
2019-06-09 22:44:32,7.0,3.56 G
2019-06-09 22:44:34,6.0,3.56 G
2019-06-09 22:44:36,9.0,3.56 G
2019-06-09 22:44:38,8.0,3.56 G
2019-06-09 22:44:40,4.0,3.56 G
2019-06-09 22:44:42,8.0,3.56 G
2019-06-09 22:44:44,7.0,3.56 G
2019-06-09 22:44:46,6.0,3.56 G
2019-06-09 22:44:48,6.0,3.56 G
2019-06-09 22:44:50,7.0,3.56 G
2019-06-09 22:44:52,4.0,3.56 G
2019-06-09 22:44:54,5.0,3.56 G
2019-06-09 22:44:56,7.0,3.56 G
2019-06-09 22:44:58,6.0,3.56 G
2019-06-09 22:45:00,9.0,3.56 G
2019-06-09 22:45:02,3.0,3.56 G
2019-06-09 22:45:04,6.0,3.56 G
2019-06-09 22:45:06,8.0,3.56 G
2019-06-09 22:45:08,5.0,3.56 G
2019-06-09 22:45:10,8.0,3.56 G
2019-06-09 22:45:12,8.0,3.56 G
2019-06-09 22:45:14,7.0,3.56 G
2019-06-09 22:45:16,7.0,3.56 G
2019-06-09 22:45:18,7.0,3.56 G
2019-06-09 22:45:20,9.0,3.56 G
2019-06-09 22:45:22,7.0,3.56 G
2019-06-09 22:45:24,8.0,3.56 G
2019-06-09 22:45:26,8.0,3.56 G
2019-06-09 22:45:28,6.0,3.56 G
2019-06-09 22:45:30,7.0,3.56 G
2019-06-09 22:45:32,4.0,3.56 G
2019-06-09 22:45:34,8.0,3.56 G
2019-06-09 22:45:36,6.0,3.56 G
2019-06-09 22:45:38,8.0,3.56 G
2019-06-09 22:45:40,7.0,3.56 G
2019-06-09 22:45:42,766.3,3.59 G
2019-06-09 22:45:44,765.5,3.59 G
2019-06-09 22:45:46,532.4,3.58 G
2019-06-09 22:45:48,4.0,3.58 G
2019-06-09 22:45:50,7.0,3.58 G
2019-06-09 22:45:52,515.7,3.59 G
2019-06-09 22:45:54,761.4,3.59 G
2019-06-09 22:45:56,762.4,3.58 G
2019-06-09 22:45:59,9.0,3.57 G
2019-06-09 22:46:01,8.0,3.57 G
2019-06-09 22:46:03,8.0,3.57 G
2019-06-09 22:46:05,8.0,3.57 G
2019-06-09 22:46:07,7.0,3.57 G
2019-06-09 22:46:09,8.0,3.57 G
2019-06-09 22:46:11,7.0,3.57 G
2019-06-09 22:46:13,5.0,3.57 G
2019-06-09 22:46:15,6.0,3.57 G
2019-06-09 22:46:17,6.0,3.57 G
2019-06-09 22:46:19,3.0,3.57 G
2019-06-09 22:46:21,5.0,3.57 G
2019-06-09 22:46:23,5.0,3.57 G
2019-06-09 22:46:25,5.0,3.57 G
2019-06-09 22:46:27,4.0,3.57 G
2019-06-09 22:46:29,5.0,3.57 G
2019-06-09 22:46:31,6.0,3.57 G
2019-06-09 22:46:33,6.0,3.57 G
2019-06-09 22:46:35,5.0,3.57 G
2019-06-09 22:46:37,6.0,3.57 G
2019-06-09 22:46:39,7.0,3.57 G
2019-06-09 22:46:41,7.0,3.57 G
2019-06-09 22:46:43,7.0,3.57 G
2019-06-09 22:46:45,7.0,3.57 G
2019-06-09 22:46:47,504.6,3.57 G
2019-06-09 22:46:49,765.7,3.57 G
2019-06-09 22:46:51,766.5,3.57 G
2019-06-09 22:46:53,1.0,3.57 G
2019-06-09 22:46:55,2.0,3.57 G
2019-06-09 22:46:57,2.0,3.57 G
2019-06-09 22:46:59,9.0,3.57 G
2019-06-09 22:47:01,8.0,3.57 G
2019-06-09 22:47:03,6.0,3.57 G
2019-06-09 22:47:05,8.0,3.57 G
2019-06-09 22:47:07,3.0,3.57 G
2019-06-09 22:47:09,8.0,3.57 G
2019-06-09 22:47:11,8.0,3.57 G
2019-06-09 22:47:13,4.0,3.57 G
2019-06-09 22:47:15,8.0,3.57 G
2019-06-09 22:47:17,7.0,3.57 G
2019-06-09 22:47:19,9.0,3.57 G
2019-06-09 22:47:21,9.0,3.57 G
2019-06-09 22:47:23,8.0,3.57 G
2019-06-09 22:47:25,8.0,3.57 G
2019-06-09 22:47:27,7.0,3.57 G
2019-06-09 22:47:29,9.0,3.57 G
2019-06-09 22:47:31,9.0,3.57 G
2019-06-09 22:47:33,7.0,3.57 G
2019-06-09 22:47:35,9.0,3.57 G
2019-06-09 22:47:37,10.0,3.57 G
2019-06-09 22:47:39,14.0,3.57 G
2019-06-09 22:47:41,8.0,3.57 G
2019-06-09 22:47:43,5.0,3.57 G
2019-06-09 22:47:45,9.0,3.57 G
2019-06-09 22:47:47,9.0,3.57 G
2019-06-09 22:47:49,6.0,3.57 G
2019-06-09 22:47:51,6.0,3.57 G
2019-06-09 22:47:53,4.0,3.57 G
2019-06-09 22:47:55,6.0,3.57 G
2019-06-09 22:47:57,4.0,3.57 G
2019-06-09 22:47:59,4.0,3.57 G
2019-06-09 22:48:01,5.0,3.57 G
2019-06-09 22:48:03,4.0,3.57 G
2019-06-09 22:48:05,4.0,3.57 G
2019-06-09 22:48:07,7.0,3.57 G
2019-06-09 22:48:09,7.0,3.57 G
2019-06-09 22:48:11,8.0,3.57 G
2019-06-09 22:48:13,8.0,3.57 G
2019-06-09 22:48:15,5.0,3.57 G
2019-06-09 22:48:17,5.0,3.57 G
2019-06-09 22:48:19,4.0,3.57 G
2019-06-09 22:48:21,4.0,3.57 G
2019-06-09 22:48:23,7.0,3.57 G
2019-06-09 22:48:25,6.0,3.57 G
2019-06-09 22:48:27,104.9,3.57 G
2019-06-09 22:48:29,102.9,3.58 G
2019-06-09 22:48:31,100.9,3.59 G
2019-06-09 22:48:33,102.9,3.59 G
2019-06-09 22:48:35,102.9,3.60 G
2019-06-09 22:48:37,101.9,3.61 G
2019-06-09 22:48:39,101.9,3.61 G
2019-06-09 22:48:41,103.9,3.62 G
2019-06-09 22:48:43,104.9,3.62 G
2019-06-09 22:48:45,103.0,3.63 G
2019-06-09 22:48:47,100.9,3.64 G
2019-06-09 22:48:49,101.9,3.64 G
2019-06-09 22:48:51,101.9,3.65 G
2019-06-09 22:48:53,755.5,3.65 G
2019-06-09 22:48:55,764.3,3.65 G
2019-06-09 22:48:57,763.4,3.65 G
2019-06-09 22:48:59,5.0,3.59 G
2019-06-09 22:49:01,8.0,3.59 G
2019-06-09 22:49:03,7.0,3.59 G
2019-06-09 22:49:05,748.2,3.59 G
2019-06-09 22:49:07,758.7,3.59 G
2019-06-09 22:49:09,758.5,3.59 G
2019-06-09 22:49:11,4.0,3.57 G
2019-06-09 22:49:13,7.0,3.57 G
2019-06-09 22:49:15,5.0,3.57 G
2019-06-09 22:49:18,7.0,3.57 G
2019-06-09 22:49:20,6.0,3.57 G
2019-06-09 22:49:22,5.0,3.57 G
2019-06-09 22:49:24,5.0,3.57 G
2019-06-09 22:49:26,7.0,3.57 G
2019-06-09 22:49:28,7.0,3.57 G
2019-06-09 22:49:30,7.0,3.57 G
2019-06-09 22:49:32,8.0,3.57 G
2019-06-09 22:49:34,6.0,3.57 G
2019-06-09 22:49:36,8.0,3.57 G
2019-06-09 22:49:38,6.0,3.57 G
2019-06-09 22:49:40,5.0,3.57 G
2019-06-09 22:49:42,3.0,3.57 G
2019-06-09 22:49:44,4.0,3.57 G
2019-06-09 22:49:46,8.0,3.57 G
2019-06-09 22:49:48,7.0,3.57 G
2019-06-09 22:49:50,9.0,3.57 G
2019-06-09 22:49:52,7.0,3.57 G
2019-06-09 22:49:54,6.0,3.57 G
2019-06-09 22:49:56,6.0,3.57 G
2019-06-09 22:49:58,4.0,3.57 G
2019-06-09 22:50:00,5.0,3.57 G
2019-06-09 22:50:02,5.0,3.57 G
2019-06-09 22:50:04,5.0,3.57 G
2019-06-09 22:50:06,5.0,3.57 G
2019-06-09 22:50:08,5.0,3.57 G
2019-06-09 22:50:10,4.0,3.57 G
2019-06-09 22:50:12,5.0,3.57 G
2019-06-09 22:50:14,6.0,3.57 G
2019-06-09 22:50:16,7.0,3.57 G
2019-06-09 22:50:18,5.0,3.57 G
2019-06-09 22:50:20,7.0,3.57 G
2019-06-09 22:50:22,7.0,3.57 G
2019-06-09 22:50:24,7.0,3.57 G
2019-06-09 22:50:26,273.9,3.57 G
2019-06-09 22:50:28,765.6,3.57 G
2019-06-09 22:50:30,765.4,3.57 G
2019-06-09 22:50:32,763.4,3.57 G
2019-06-09 22:50:34,757.5,3.57 G
2019-06-09 22:50:36,763.4,3.57 G
2019-06-09 22:50:38,5.0,3.57 G
2019-06-09 22:50:40,4.0,3.57 G
2019-06-09 22:50:42,5.0,3.57 G
2019-06-09 22:50:44,20.0,3.57 G
2019-06-09 22:50:46,47.9,3.57 G
2019-06-09 22:50:48,46.9,3.57 G
2019-06-09 22:50:50,48.9,3.57 G
2019-06-09 22:50:52,51.0,3.57 G
2019-06-09 22:50:54,48.9,3.57 G
2019-06-09 22:50:56,47.9,3.57 G
2019-06-09 22:50:58,48.0,3.57 G
2019-06-09 22:51:00,42.0,3.57 G
2019-06-09 22:51:02,45.9,3.57 G
2019-06-09 22:51:04,39.0,3.57 G
2019-06-09 22:51:06,49.0,3.57 G
2019-06-09 22:51:08,47.9,3.57 G
2019-06-09 22:51:10,43.0,3.57 G
2019-06-09 22:51:12,44.9,3.57 G
2019-06-09 22:51:14,39.0,3.57 G
2019-06-09 22:51:16,41.0,3.57 G
2019-06-09 22:51:18,47.9,3.57 G
2019-06-09 22:51:20,44.0,3.57 G
2019-06-09 22:51:22,32.0,3.57 G
2019-06-09 22:51:24,45.0,3.57 G
2019-06-09 22:51:26,49.0,3.57 G
2019-06-09 22:51:28,42.0,3.57 G
2019-06-09 22:51:30,41.0,3.57 G
2019-06-09 22:51:32,41.0,3.57 G
2019-06-09 22:51:34,107.9,3.58 G
2019-06-09 22:51:36,49.9,3.58 G
2019-06-09 22:51:38,49.9,3.58 G
2019-06-09 22:51:40,47.0,3.58 G
2019-06-09 22:51:42,37.0,3.58 G
2019-06-09 22:51:44,41.0,3.58 G
2019-06-09 22:51:46,39.0,3.58 G
2019-06-09 22:51:48,42.0,3.58 G
2019-06-09 22:51:50,103.9,3.58 G
2019-06-09 22:51:52,36.0,3.58 G
2019-06-09 22:51:54,39.0,3.58 G
2019-06-09 22:51:56,44.0,3.58 G
2019-06-09 22:51:58,47.9,3.58 G
2019-06-09 22:52:00,34.0,3.58 G
2019-06-09 22:52:02,41.0,3.58 G
2019-06-09 22:52:04,51.9,3.58 G
2019-06-09 22:52:06,100.9,3.58 G
2019-06-09 22:52:08,38.0,3.58 G
2019-06-09 22:52:10,33.0,3.58 G
2019-06-09 22:52:12,40.0,3.58 G
2019-06-09 22:52:14,39.0,3.58 G
2019-06-09 22:52:16,44.9,3.58 G
2019-06-09 22:52:18,42.9,3.58 G
2019-06-09 22:52:20,39.0,3.58 G
2019-06-09 22:52:22,41.0,3.58 G
2019-06-09 22:52:25,46.9,3.58 G
2019-06-09 22:52:27,48.9,3.58 G
2019-06-09 22:52:29,50.9,3.58 G
2019-06-09 22:52:31,40.0,3.58 G
2019-06-09 22:52:33,41.9,3.58 G
2019-06-09 22:52:35,7.0,3.58 G
2019-06-09 22:52:37,38.0,3.58 G
2019-06-09 22:52:39,46.0,3.58 G
2019-06-09 22:52:41,39.0,3.58 G
2019-06-09 22:52:43,23.0,3.59 G
2019-06-09 22:52:45,17.0,3.59 G
2019-06-09 22:52:47,7.0,3.59 G
2019-06-09 22:52:49,6.0,3.59 G
2019-06-09 22:52:51,41.0,3.59 G
2019-06-09 22:52:53,48.9,3.59 G
2019-06-09 22:52:55,48.0,3.59 G
2019-06-09 22:52:57,43.9,3.59 G
2019-06-09 22:52:59,48.0,3.59 G
2019-06-09 22:53:01,46.0,3.59 G
2019-06-09 22:53:03,108.9,3.59 G
2019-06-09 22:53:05,44.9,3.59 G
2019-06-09 22:53:07,48.9,3.59 G
2019-06-09 22:53:09,38.0,3.59 G
2019-06-09 22:53:11,41.0,3.59 G
2019-06-09 22:53:13,38.0,3.59 G
2019-06-09 22:53:15,41.0,3.59 G
2019-06-09 22:53:17,46.9,3.59 G
2019-06-09 22:53:19,115.9,3.59 G
2019-06-09 22:53:21,45.9,3.59 G
2019-06-09 22:53:23,46.9,3.59 G
2019-06-09 22:53:25,46.0,3.59 G
2019-06-09 22:53:27,41.0,3.59 G
2019-06-09 22:53:29,49.0,3.59 G
2019-06-09 22:53:31,42.0,3.59 G
2019-06-09 22:53:33,105.9,3.59 G
2019-06-09 22:53:35,23.0,3.59 G
2019-06-09 22:53:37,42.9,3.59 G
2019-06-09 22:53:39,43.9,3.59 G
2019-06-09 22:53:41,28.0,3.59 G
2019-06-09 22:53:43,20.0,3.59 G
2019-06-09 22:53:45,35.0,3.59 G
2019-06-09 22:53:47,7.0,3.59 G
2019-06-09 22:53:49,6.0,3.59 G
2019-06-09 22:53:51,7.0,3.59 G
2019-06-09 22:53:53,6.0,3.59 G
2019-06-09 22:53:55,12.0,3.59 G
2019-06-09 22:53:57,13.0,3.59 G
2019-06-09 22:53:59,6.0,3.59 G
2019-06-09 22:54:01,10.0,3.59 G
2019-06-09 22:54:03,6.0,3.59 G
2019-06-09 22:54:05,5.0,3.59 G
2019-06-09 22:54:07,5.0,3.59 G
2019-06-09 22:54:09,4.0,3.59 G
2019-06-09 22:54:11,3.0,3.59 G
2019-06-09 22:54:13,4.0,3.59 G
2019-06-09 22:54:15,77.9,3.59 G
2019-06-09 22:54:17,3.0,3.59 G
2019-06-09 22:54:19,3.0,3.59 G
2019-06-09 22:54:21,5.0,3.59 G
2019-06-09 22:54:23,3.0,3.59 G
2019-06-09 22:54:25,6.0,3.59 G
2019-06-09 22:54:27,4.0,3.59 G
2019-06-09 22:54:29,9.0,3.59 G
2019-06-09 22:54:31,6.0,3.59 G
2019-06-09 22:54:33,6.0,3.59 G
2019-06-09 22:54:35,21.0,3.59 G
2019-06-09 22:54:37,39.0,3.59 G
2019-06-09 22:54:39,39.0,3.59 G
2019-06-09 22:54:41,42.0,3.59 G
2019-06-09 22:54:43,35.0,3.59 G
2019-06-09 22:54:45,44.9,3.59 G
2019-06-09 22:54:47,40.0,3.59 G
2019-06-09 22:54:49,45.9,3.59 G
2019-06-09 22:54:51,43.9,3.59 G
2019-06-09 22:54:53,4.0,3.59 G
2019-06-09 22:54:55,3.0,3.59 G
2019-06-09 22:54:57,2.0,3.59 G
2019-06-09 22:54:59,6.0,3.59 G
2019-06-09 22:55:01,7.0,3.59 G
2019-06-09 22:55:03,7.0,3.59 G
2019-06-09 22:55:05,7.0,3.59 G
2019-06-09 22:55:07,6.0,3.59 G
2019-06-09 22:55:09,36.0,3.59 G
2019-06-09 22:55:11,27.0,3.59 G
2019-06-09 22:55:13,8.0,3.59 G
2019-06-09 22:55:15,6.0,3.59 G
2019-06-09 22:55:17,6.0,3.59 G
2019-06-09 22:55:19,7.0,3.59 G
2019-06-09 22:55:21,10.0,3.59 G
2019-06-09 22:55:23,10.0,3.59 G
2019-06-09 22:55:25,6.0,3.59 G
2019-06-09 22:55:28,5.0,3.59 G
2019-06-09 22:55:30,3.0,3.59 G
2019-06-09 22:55:32,3.0,3.59 G
2019-06-09 22:55:34,3.0,3.59 G
2019-06-09 22:55:36,2.0,3.59 G
2019-06-09 22:55:38,2.0,3.59 G
2019-06-09 22:55:40,1.0,3.59 G
2019-06-09 22:55:42,283.9,3.60 G
2019-06-09 22:55:44,772.5,3.70 G
2019-06-09 22:55:46,769.5,3.70 G
2019-06-09 22:55:48,772.5,3.65 G
2019-06-09 22:55:50,773.5,3.59 G
2019-06-09 22:55:52,457.7,3.54 G
2019-06-09 22:55:54,9.0,3.54 G
2019-06-09 22:55:56,3.0,3.54 G
2019-06-09 22:55:58,6.0,3.54 G
2019-06-09 22:56:00,5.0,3.54 G
2019-06-09 22:56:02,4.0,3.54 G
2019-06-09 22:56:04,6.0,3.55 G
2019-06-09 22:56:06,5.0,3.55 G
2019-06-09 22:56:08,4.0,3.55 G
2019-06-09 22:56:10,5.0,3.55 G
2019-06-09 22:56:12,5.0,3.55 G
2019-06-09 22:56:14,6.0,3.55 G
2019-06-09 22:56:16,8.0,3.55 G
2019-06-09 22:56:18,6.0,3.55 G
2019-06-09 22:56:20,17.0,3.55 G
2019-06-09 22:56:22,5.0,3.55 G
2019-06-09 22:56:24,5.0,3.55 G
2019-06-09 22:56:26,4.0,3.55 G
2019-06-09 22:56:28,4.0,3.55 G
2019-06-09 22:56:30,5.0,3.55 G
2019-06-09 22:56:32,4.0,3.55 G
2019-06-09 22:56:34,3.0,3.55 G
2019-06-09 22:56:36,5.0,3.55 G
2019-06-09 22:56:38,4.0,3.55 G
2019-06-09 22:56:40,7.0,3.55 G
2019-06-09 22:56:42,5.0,3.55 G
2019-06-09 22:56:44,7.0,3.55 G
2019-06-09 22:56:46,4.0,3.55 G
2019-06-09 22:56:48,7.0,3.55 G
2019-06-09 22:56:50,38.0,3.55 G
2019-06-09 22:56:52,31.0,3.55 G
2019-06-09 22:56:54,31.0,3.55 G
2019-06-09 22:56:56,50.0,3.55 G
2019-06-09 22:56:58,41.0,3.55 G
2019-06-09 22:57:00,45.0,3.55 G
2019-06-09 22:57:02,37.0,3.55 G
2019-06-09 22:57:04,35.0,3.53 G
2019-06-09 22:57:06,39.0,3.53 G
2019-06-09 22:57:08,44.9,3.53 G
2019-06-09 22:57:10,50.9,3.53 G
2019-06-09 22:57:12,78.9,3.53 G
2019-06-09 22:57:14,51.9,3.53 G
2019-06-09 22:57:16,52.9,3.53 G
2019-06-09 22:57:18,53.0,3.53 G
2019-06-09 22:57:20,52.9,3.53 G
2019-06-09 22:57:22,62.9,3.52 G
2019-06-09 22:57:24,41.0,3.52 G
2019-06-09 22:57:26,49.9,3.52 G
2019-06-09 22:57:28,50.0,3.52 G
2019-06-09 22:57:30,46.9,3.52 G
2019-06-09 22:57:32,44.9,3.52 G
2019-06-09 22:57:34,42.9,3.52 G
2019-06-09 22:57:36,40.0,3.52 G
2019-06-09 22:57:38,43.0,3.52 G
2019-06-09 22:57:40,35.0,3.52 G
2019-06-09 22:57:42,57.9,3.51 G
2019-06-09 22:57:44,41.9,3.51 G
2019-06-09 22:57:46,34.0,3.51 G
2019-06-09 22:57:48,31.0,3.51 G
2019-06-09 22:57:50,23.0,3.51 G
2019-06-09 22:57:52,26.0,3.51 G
2019-06-09 22:57:54,27.0,3.51 G
2019-06-09 22:57:56,28.0,3.51 G
2019-06-09 22:57:58,53.0,3.51 G
2019-06-09 22:58:00,40.9,3.51 G
2019-06-09 22:58:02,30.0,3.51 G
2019-06-09 22:58:04,29.0,3.51 G
2019-06-09 22:58:06,45.0,3.51 G
2019-06-09 22:58:08,9.0,3.51 G
2019-06-09 22:58:10,4.0,3.51 G
2019-06-09 22:58:12,4.0,3.51 G
2019-06-09 22:58:14,12.0,3.51 G
2019-06-09 22:58:16,5.0,3.51 G
2019-06-09 22:58:18,12.0,3.51 G
2019-06-09 22:58:20,36.0,3.51 G
2019-06-09 22:58:22,29.0,3.50 G
2019-06-09 22:58:25,37.0,3.50 G
2019-06-09 22:58:27,33.0,3.50 G
2019-06-09 22:58:29,37.0,3.50 G
2019-06-09 22:58:31,34.0,3.50 G
2019-06-09 22:58:33,37.0,3.50 G
2019-06-09 22:58:35,49.9,3.50 G
2019-06-09 22:58:37,35.0,3.50 G
2019-06-09 22:58:39,35.0,3.50 G
2019-06-09 22:58:41,35.0,3.50 G
2019-06-09 22:58:43,34.0,3.50 G
2019-06-09 22:58:45,46.9,3.50 G
2019-06-09 22:58:47,47.9,3.50 G
2019-06-09 22:58:49,67.9,3.49 G
2019-06-09 22:58:51,39.0,3.49 G
2019-06-09 22:58:53,40.0,3.49 G
2019-06-09 22:58:55,37.0,3.49 G
2019-06-09 22:58:57,41.0,3.49 G
2019-06-09 22:58:59,77.9,3.49 G
2019-06-09 22:59:01,9.0,3.49 G
2019-06-09 22:59:03,31.0,3.49 G
2019-06-09 22:59:05,29.0,3.49 G
2019-06-09 22:59:07,30.0,3.49 G
2019-06-09 22:59:09,25.0,3.49 G
2019-06-09 22:59:11,27.0,3.49 G
2019-06-09 22:59:13,32.0,3.49 G
2019-06-09 22:59:15,46.9,3.49 G
2019-06-09 22:59:17,46.9,3.48 G
2019-06-09 22:59:19,45.9,3.48 G
2019-06-09 22:59:21,42.9,3.48 G
2019-06-09 22:59:23,41.0,3.48 G
2019-06-09 22:59:25,38.0,3.48 G
2019-06-09 22:59:27,64.9,3.48 G
2019-06-09 22:59:29,35.0,3.48 G
2019-06-09 22:59:31,21.0,3.48 G
2019-06-09 22:59:33,22.0,3.48 G
2019-06-09 22:59:35,30.0,3.48 G
2019-06-09 22:59:37,31.0,3.48 G
2019-06-09 22:59:39,30.0,3.48 G
2019-06-09 22:59:41,24.0,3.48 G
2019-06-09 22:59:43,23.0,3.48 G
2019-06-09 22:59:45,22.0,3.47 G
2019-06-09 22:59:47,20.0,3.47 G
2019-06-09 22:59:49,22.0,3.47 G
2019-06-09 22:59:51,21.0,3.47 G
2019-06-09 22:59:53,28.0,3.47 G
2019-06-09 22:59:55,36.0,3.47 G
2019-06-09 22:59:57,34.0,3.47 G
2019-06-09 22:59:59,41.0,3.47 G
2019-06-09 23:00:01,72.9,3.47 G
2019-06-09 23:00:03,38.0,3.47 G
2019-06-09 23:00:05,43.0,3.47 G
2019-06-09 23:00:07,45.9,3.47 G
2019-06-09 23:00:09,41.9,3.47 G
2019-06-09 23:00:11,37.0,3.47 G
2019-06-09 23:00:13,613.7,3.46 G
2019-06-09 23:00:15,762.7,3.46 G
2019-06-09 23:00:17,761.5,3.43 G
2019-06-09 23:00:19,296.8,3.41 G
2019-06-09 23:00:21,2.0,3.41 G
2019-06-09 23:00:23,4.0,3.41 G
2019-06-09 23:00:25,5.0,3.41 G
2019-06-09 23:00:27,4.0,3.41 G
2019-06-09 23:00:29,4.0,3.41 G
2019-06-09 23:00:31,5.0,3.41 G
2019-06-09 23:00:33,5.0,3.41 G
2019-06-09 23:00:35,7.0,3.41 G
2019-06-09 23:00:37,6.0,3.41 G
2019-06-09 23:00:39,4.0,3.41 G
2019-06-09 23:00:41,3.0,3.41 G
2019-06-09 23:00:43,5.0,3.41 G
2019-06-09 23:00:45,6.0,3.41 G
2019-06-09 23:00:47,4.0,3.41 G
2019-06-09 23:00:49,5.0,3.41 G
2019-06-09 23:00:51,6.0,3.41 G
2019-06-09 23:00:53,6.0,3.41 G
2019-06-09 23:00:55,4.0,3.41 G
2019-06-09 23:00:57,7.0,3.41 G
2019-06-09 23:00:59,6.0,3.41 G
2019-06-09 23:01:01,7.0,3.41 G
2019-06-09 23:01:03,7.0,3.41 G
2019-06-09 23:01:05,5.0,3.41 G
2019-06-09 23:01:07,6.0,3.41 G
2019-06-09 23:01:09,5.0,3.41 G
2019-06-09 23:01:11,10.0,3.41 G
2019-06-09 23:01:13,6.0,3.41 G
2019-06-09 23:01:15,6.0,3.41 G
2019-06-09 23:01:17,6.0,3.41 G
2019-06-09 23:01:19,6.0,3.41 G
2019-06-09 23:01:21,4.0,3.41 G
2019-06-09 23:01:23,5.0,3.41 G
2019-06-09 23:01:25,3.0,3.41 G
2019-06-09 23:01:27,6.0,3.41 G
2019-06-09 23:01:30,6.0,3.41 G
2019-06-09 23:01:32,6.0,3.41 G
2019-06-09 23:01:34,8.0,3.41 G
2019-06-09 23:01:36,4.0,3.41 G
2019-06-09 23:01:38,7.0,3.41 G
2019-06-09 23:01:40,6.0,3.41 G
2019-06-09 23:01:42,4.0,3.41 G
2019-06-09 23:01:44,6.0,3.41 G
2019-06-09 23:01:46,6.0,3.41 G
2019-06-09 23:01:48,6.0,3.41 G
2019-06-09 23:01:50,5.0,3.41 G
2019-06-09 23:01:52,5.0,3.41 G
2019-06-09 23:01:54,5.0,3.41 G
2019-06-09 23:01:56,5.0,3.41 G
2019-06-09 23:01:58,5.0,3.41 G
2019-06-09 23:02:00,5.0,3.41 G
2019-06-09 23:02:02,4.0,3.41 G
2019-06-09 23:02:04,3.0,3.41 G
2019-06-09 23:02:06,3.0,3.41 G
2019-06-09 23:02:08,3.0,3.41 G
2019-06-09 23:02:10,6.0,3.41 G
2019-06-09 23:02:12,6.0,3.41 G
2019-06-09 23:02:14,8.0,3.41 G
2019-06-09 23:02:16,7.0,3.41 G
2019-06-09 23:02:18,4.0,3.41 G
2019-06-09 23:02:20,6.0,3.41 G
2019-06-09 23:02:22,6.0,3.41 G
2019-06-09 23:02:24,8.0,3.41 G
2019-06-09 23:02:26,5.0,3.41 G
2019-06-09 23:02:28,8.0,3.41 G
2019-06-09 23:02:30,3.0,3.41 G
2019-06-09 23:02:32,7.0,3.41 G
2019-06-09 23:02:34,5.0,3.41 G
2019-06-09 23:02:36,7.0,3.41 G
2019-06-09 23:02:38,4.0,3.41 G
2019-06-09 23:02:40,5.0,3.41 G
2019-06-09 23:02:42,7.0,3.41 G
2019-06-09 23:02:44,8.0,3.41 G
2019-06-09 23:02:46,4.0,3.41 G
2019-06-09 23:02:48,7.0,3.41 G
2019-06-09 23:02:50,6.0,3.41 G
2019-06-09 23:02:52,7.0,3.41 G
2019-06-09 23:02:54,7.0,3.41 G
2019-06-09 23:02:56,5.0,3.41 G
2019-06-09 23:02:58,4.0,3.41 G
2019-06-09 23:03:00,6.0,3.41 G
2019-06-09 23:03:02,6.0,3.41 G
2019-06-09 23:03:04,7.0,3.41 G
2019-06-09 23:03:06,8.0,3.41 G
2019-06-09 23:03:08,8.0,3.41 G
2019-06-09 23:03:10,4.0,3.41 G
2019-06-09 23:03:12,7.0,3.41 G
2019-06-09 23:03:14,5.0,3.41 G
2019-06-09 23:03:16,4.0,3.41 G
2019-06-09 23:03:18,4.0,3.41 G
2019-06-09 23:03:20,5.0,3.41 G
2019-06-09 23:03:22,8.0,3.41 G
2019-06-09 23:03:24,9.0,3.41 G
2019-06-09 23:03:26,8.0,3.41 G
2019-06-09 23:03:28,9.0,3.41 G
2019-06-09 23:03:30,5.0,3.41 G
2019-06-09 23:03:32,8.0,3.41 G
2019-06-09 23:03:34,5.0,3.41 G
2019-06-09 23:03:36,6.0,3.41 G
2019-06-09 23:03:38,5.0,3.41 G
2019-06-09 23:03:40,8.0,3.41 G
2019-06-09 23:03:42,9.0,3.41 G
2019-06-09 23:03:44,8.0,3.41 G
2019-06-09 23:03:46,7.0,3.41 G
2019-06-09 23:03:48,6.0,3.41 G
2019-06-09 23:03:50,8.0,3.41 G
2019-06-09 23:03:52,6.0,3.41 G
2019-06-09 23:03:54,7.0,3.41 G
2019-06-09 23:03:56,7.0,3.41 G
2019-06-09 23:03:58,8.0,3.41 G
2019-06-09 23:04:00,8.0,3.41 G
2019-06-09 23:04:02,8.0,3.41 G
2019-06-09 23:04:04,8.0,3.41 G
2019-06-09 23:04:06,6.0,3.41 G
2019-06-09 23:04:08,4.0,3.41 G
2019-06-09 23:04:10,4.0,3.41 G
2019-06-09 23:04:12,6.0,3.41 G
2019-06-09 23:04:14,574.4,3.40 G
2019-06-09 23:04:16,762.6,3.36 G
2019-06-09 23:04:18,763.6,3.32 G
2019-06-09 23:04:20,763.3,3.29 G
2019-06-09 23:04:22,759.5,3.27 G
2019-06-09 23:04:25,688.3,3.26 G
2019-06-09 23:04:27,6.0,3.26 G
2019-06-09 23:04:29,8.0,3.26 G
2019-06-09 23:04:31,8.0,3.26 G
2019-06-09 23:04:33,8.0,3.26 G
2019-06-09 23:04:35,9.0,3.26 G
2019-06-09 23:04:37,9.0,3.26 G
2019-06-09 23:04:39,7.0,3.26 G
2019-06-09 23:04:41,4.0,3.26 G
2019-06-09 23:04:43,6.0,3.26 G
2019-06-09 23:04:45,8.0,3.26 G
2019-06-09 23:04:47,9.0,3.26 G
2019-06-09 23:04:49,8.0,3.26 G
2019-06-09 23:04:51,5.0,3.26 G
2019-06-09 23:04:53,8.0,3.26 G
2019-06-09 23:04:55,3.0,3.26 G
2019-06-09 23:04:57,7.0,3.26 G
2019-06-09 23:04:59,5.0,3.26 G
2019-06-09 23:05:01,9.0,3.26 G
2019-06-09 23:05:03,7.0,3.26 G
2019-06-09 23:05:05,9.0,3.26 G
2019-06-09 23:05:07,8.0,3.26 G
2019-06-09 23:05:09,9.0,3.26 G
2019-06-09 23:05:11,7.0,3.26 G
2019-06-09 23:05:13,7.0,3.26 G
2019-06-09 23:05:15,6.0,3.26 G
2019-06-09 23:05:17,8.0,3.26 G
2019-06-09 23:05:19,7.0,3.26 G
2019-06-09 23:05:21,5.0,3.26 G
2019-06-09 23:05:23,9.0,3.26 G
2019-06-09 23:05:25,9.0,3.26 G
2019-06-09 23:05:27,8.0,3.26 G
2019-06-09 23:05:29,7.0,3.26 G
2019-06-09 23:05:31,754.3,3.26 G
2019-06-09 23:05:33,755.5,3.25 G
2019-06-09 23:05:35,754.5,3.24 G
2019-06-09 23:05:37,754.4,3.24 G
2019-06-09 23:05:39,758.5,3.23 G
2019-06-09 23:05:41,11.0,3.23 G
2019-06-09 23:05:43,3.0,3.23 G
2019-06-09 23:05:45,3.0,3.23 G
2019-06-09 23:05:47,3.0,3.23 G
2019-06-09 23:05:49,3.0,3.23 G
2019-06-09 23:05:51,2.0,3.23 G
2019-06-09 23:05:53,2.0,3.23 G
2019-06-09 23:05:55,3.0,3.23 G
2019-06-09 23:05:57,4.0,3.23 G
2019-06-09 23:05:59,3.0,3.23 G
2019-06-09 23:06:01,3.0,3.23 G
2019-06-09 23:06:03,4.0,3.23 G
2019-06-09 23:06:05,4.0,3.23 G
2019-06-09 23:06:07,5.0,3.23 G
2019-06-09 23:06:09,3.0,3.23 G
2019-06-09 23:06:11,4.0,3.23 G
2019-06-09 23:06:13,4.0,3.23 G
2019-06-09 23:06:15,2.0,3.23 G
2019-06-09 23:06:17,4.0,3.23 G
2019-06-09 23:06:19,2.0,3.23 G
2019-06-09 23:06:21,4.0,3.23 G
2019-06-09 23:06:23,6.0,3.23 G
2019-06-09 23:06:25,5.0,3.23 G
2019-06-09 23:06:27,7.0,3.23 G
2019-06-09 23:06:29,8.0,3.23 G
2019-06-09 23:06:31,6.0,3.23 G
2019-06-09 23:06:33,4.0,3.23 G
2019-06-09 23:06:35,3.0,3.23 G
2019-06-09 23:06:37,5.0,3.23 G
2019-06-09 23:06:39,4.0,3.23 G
2019-06-09 23:06:41,4.0,3.23 G
2019-06-09 23:06:43,4.0,3.23 G
2019-06-09 23:06:45,4.0,3.23 G
2019-06-09 23:06:47,2.0,3.23 G
2019-06-09 23:06:49,4.0,3.23 G
2019-06-09 23:06:51,5.0,3.23 G
2019-06-09 23:06:53,4.0,3.23 G
2019-06-09 23:06:55,4.0,3.23 G
2019-06-09 23:06:57,4.0,3.23 G
2019-06-09 23:06:59,3.0,3.23 G
2019-06-09 23:07:01,2.0,3.23 G
2019-06-09 23:07:03,4.0,3.23 G
2019-06-09 23:07:05,2.0,3.23 G
2019-06-09 23:07:07,3.0,3.23 G
2019-06-09 23:07:09,2.0,3.23 G
2019-06-09 23:07:11,6.0,3.23 G
2019-06-09 23:07:13,6.0,3.23 G
2019-06-09 23:07:15,14.0,3.23 G
2019-06-09 23:07:17,7.0,3.23 G
2019-06-09 23:07:19,5.0,3.23 G
2019-06-09 23:07:21,6.0,3.23 G
2019-06-09 23:07:24,6.0,3.23 G
2019-06-09 23:07:26,4.0,3.23 G
2019-06-09 23:07:28,4.0,3.23 G
2019-06-09 23:07:30,5.0,3.23 G
2019-06-09 23:07:32,6.0,3.23 G
2019-06-09 23:07:34,5.0,3.23 G
2019-06-09 23:07:36,6.0,3.23 G
2019-06-09 23:07:38,5.0,3.23 G
2019-06-09 23:07:40,6.0,3.23 G
2019-06-09 23:07:42,5.0,3.23 G
2019-06-09 23:07:44,5.0,3.23 G
2019-06-09 23:07:46,5.0,3.23 G
2019-06-09 23:07:48,5.0,3.23 G
2019-06-09 23:07:50,5.0,3.23 G
2019-06-09 23:07:52,4.0,3.23 G
2019-06-09 23:07:54,5.0,3.23 G
2019-06-09 23:07:56,4.0,3.23 G
2019-06-09 23:07:58,5.0,3.23 G
2019-06-09 23:08:00,4.0,3.23 G
2019-06-09 23:08:02,6.0,3.23 G
2019-06-09 23:08:04,7.0,3.23 G
2019-06-09 23:08:06,5.0,3.23 G
2019-06-09 23:08:08,5.0,3.23 G
2019-06-09 23:08:10,8.0,3.23 G
2019-06-09 23:08:12,8.0,3.23 G
2019-06-09 23:08:14,4.0,3.23 G
2019-06-09 23:08:16,5.0,3.23 G
2019-06-09 23:08:18,5.0,3.23 G
2019-06-09 23:08:20,5.0,3.23 G
2019-06-09 23:08:22,5.0,3.23 G
2019-06-09 23:08:24,4.0,3.23 G
2019-06-09 23:08:26,8.0,3.23 G
2019-06-09 23:08:28,6.0,3.23 G
2019-06-09 23:08:30,8.0,3.23 G
2019-06-09 23:08:32,8.0,3.23 G
2019-06-09 23:08:34,8.0,3.23 G
2019-06-09 23:08:36,8.0,3.23 G
2019-06-09 23:08:38,8.0,3.23 G
2019-06-09 23:08:40,6.0,3.23 G
2019-06-09 23:08:42,10.0,3.23 G
2019-06-09 23:08:44,7.0,3.23 G
2019-06-09 23:08:46,8.0,3.23 G
2019-06-09 23:08:48,7.0,3.23 G
2019-06-09 23:08:50,5.0,3.23 G
2019-06-09 23:08:52,6.0,3.23 G
2019-06-09 23:08:54,5.0,3.23 G
2019-06-09 23:08:56,3.0,3.23 G
2019-06-09 23:08:58,7.0,3.23 G
2019-06-09 23:09:00,7.0,3.23 G
2019-06-09 23:09:02,8.0,3.23 G
2019-06-09 23:09:04,8.0,3.23 G
2019-06-09 23:09:06,8.0,3.23 G
2019-06-09 23:09:08,9.0,3.23 G
2019-06-09 23:09:10,7.0,3.23 G
2019-06-09 23:09:12,7.0,3.23 G
2019-06-09 23:09:14,8.0,3.23 G
2019-06-09 23:09:16,71.9,3.32 G
2019-06-09 23:09:18,102.9,3.39 G
2019-06-09 23:09:20,103.9,3.50 G
2019-06-09 23:09:22,565.9,3.55 G
2019-06-09 23:09:24,759.5,3.55 G
2019-06-09 23:09:26,765.5,3.54 G
2019-06-09 23:09:28,762.5,3.54 G
2019-06-09 23:09:30,762.4,3.54 G
2019-06-09 23:09:32,756.4,3.54 G
2019-06-09 23:09:34,16.0,3.46 G
2019-06-09 23:09:36,4.0,3.46 G
2019-06-09 23:09:38,7.0,3.46 G
2019-06-09 23:09:40,9.0,3.46 G
2019-06-09 23:09:42,104.9,3.54 G
2019-06-09 23:09:44,104.9,3.65 G
2019-06-09 23:09:46,101.9,3.73 G
2019-06-09 23:09:48,101.9,3.74 G
2019-06-09 23:09:50,101.9,3.75 G
2019-06-09 23:09:52,101.9,3.75 G
2019-06-09 23:09:54,102.9,3.75 G
2019-06-09 23:09:56,86.9,3.75 G
2019-06-09 23:09:58,83.9,3.75 G
2019-06-09 23:10:00,619.5,3.75 G
2019-06-09 23:10:02,749.5,3.75 G
2019-06-09 23:10:04,758.4,3.75 G
2019-06-09 23:10:06,4.0,3.72 G
2019-06-09 23:10:08,7.0,3.72 G
2019-06-09 23:10:10,4.0,3.72 G
2019-06-09 23:10:12,5.0,3.72 G
2019-06-09 23:10:14,5.0,3.72 G
2019-06-09 23:10:16,7.0,3.72 G
2019-06-09 23:10:18,6.0,3.72 G
2019-06-09 23:10:20,6.0,3.72 G
2019-06-09 23:10:22,4.0,3.72 G
2019-06-09 23:10:24,5.0,3.72 G
2019-06-09 23:10:26,6.0,3.72 G
2019-06-09 23:10:28,6.0,3.72 G
2019-06-09 23:10:30,3.0,3.72 G
2019-06-09 23:10:32,8.0,3.72 G
2019-06-09 23:10:35,8.0,3.72 G
2019-06-09 23:10:37,17.0,3.72 G
2019-06-09 23:10:39,17.0,3.72 G
2019-06-09 23:10:41,11.0,3.72 G
2019-06-09 23:10:43,12.0,3.72 G
2019-06-09 23:10:45,13.0,3.72 G
2019-06-09 23:10:47,19.0,3.72 G
2019-06-09 23:10:49,5.0,3.72 G
2019-06-09 23:10:51,4.0,3.72 G
2019-06-09 23:10:53,3.0,3.72 G
2019-06-09 23:10:55,4.0,3.72 G
2019-06-09 23:10:57,4.0,3.72 G
2019-06-09 23:10:59,4.0,3.72 G
2019-06-09 23:11:01,5.0,3.72 G
2019-06-09 23:11:03,2.0,3.72 G
2019-06-09 23:11:05,4.0,3.72 G
2019-06-09 23:11:07,5.0,3.72 G
2019-06-09 23:11:09,4.0,3.72 G
2019-06-09 23:11:11,6.0,3.72 G
2019-06-09 23:11:13,7.0,3.72 G
2019-06-09 23:11:15,5.0,3.72 G
2019-06-09 23:11:17,4.0,3.72 G
2019-06-09 23:11:19,4.0,3.72 G
2019-06-09 23:11:21,5.0,3.72 G
2019-06-09 23:11:23,5.0,3.72 G
2019-06-09 23:11:25,5.0,3.72 G
2019-06-09 23:11:27,7.0,3.72 G
2019-06-09 23:11:29,6.0,3.72 G
2019-06-09 23:11:31,5.0,3.72 G
2019-06-09 23:11:33,4.0,3.72 G
2019-06-09 23:11:35,5.0,3.72 G
2019-06-09 23:11:37,5.0,3.72 G
2019-06-09 23:11:39,3.0,3.72 G
2019-06-09 23:11:41,3.0,3.72 G
2019-06-09 23:11:43,4.0,3.72 G
2019-06-09 23:11:45,4.0,3.72 G
2019-06-09 23:11:47,4.0,3.72 G
2019-06-09 23:11:49,6.0,3.72 G
2019-06-09 23:11:51,5.0,3.72 G
2019-06-09 23:11:53,5.0,3.72 G
2019-06-09 23:11:55,4.0,3.72 G
2019-06-09 23:11:57,10.0,3.72 G
2019-06-09 23:11:59,5.0,3.72 G
2019-06-09 23:12:01,5.0,3.72 G
2019-06-09 23:12:03,6.0,3.72 G
2019-06-09 23:12:05,5.0,3.72 G
2019-06-09 23:12:07,10.0,3.72 G
2019-06-09 23:12:09,8.0,3.72 G
2019-06-09 23:12:11,6.0,3.72 G
2019-06-09 23:12:13,5.0,3.72 G
2019-06-09 23:12:15,5.0,3.72 G
2019-06-09 23:12:17,5.0,3.72 G
2019-06-09 23:12:19,4.0,3.72 G
2019-06-09 23:12:21,6.0,3.72 G
2019-06-09 23:12:23,5.0,3.72 G
2019-06-09 23:12:25,3.0,3.72 G
2019-06-09 23:12:27,4.0,3.72 G
2019-06-09 23:12:29,4.0,3.72 G
2019-06-09 23:12:31,4.0,3.72 G
2019-06-09 23:12:33,8.0,3.72 G
2019-06-09 23:12:35,7.0,3.72 G
2019-06-09 23:12:37,7.0,3.72 G
2019-06-09 23:12:39,7.0,3.72 G
2019-06-09 23:12:41,3.0,3.72 G
2019-06-09 23:12:43,4.0,3.72 G
2019-06-09 23:12:45,3.0,3.72 G
2019-06-09 23:12:47,3.0,3.72 G
2019-06-09 23:12:49,3.0,3.72 G
2019-06-09 23:12:51,4.0,3.72 G
2019-06-09 23:12:53,4.0,3.72 G
2019-06-09 23:12:55,31.0,3.72 G
2019-06-09 23:12:57,18.0,3.72 G
2019-06-09 23:12:59,11.0,3.72 G
2019-06-09 23:13:01,6.0,3.72 G
2019-06-09 23:13:03,7.0,3.72 G
2019-06-09 23:13:05,11.0,3.72 G
2019-06-09 23:13:07,8.0,3.72 G
2019-06-09 23:13:09,11.0,3.72 G
2019-06-09 23:13:11,6.0,3.72 G
2019-06-09 23:13:13,7.0,3.72 G
2019-06-09 23:13:15,4.0,3.72 G
2019-06-09 23:13:17,5.0,3.72 G
2019-06-09 23:13:19,6.0,3.72 G
2019-06-09 23:13:21,6.0,3.72 G
2019-06-09 23:13:23,5.0,3.72 G
2019-06-09 23:13:25,6.0,3.72 G
2019-06-09 23:13:27,5.0,3.72 G
2019-06-09 23:13:29,5.0,3.72 G
2019-06-09 23:13:32,5.0,3.72 G
2019-06-09 23:13:34,5.0,3.72 G
2019-06-09 23:13:36,9.0,3.72 G
2019-06-09 23:13:38,7.0,3.72 G
2019-06-09 23:13:40,8.0,3.72 G
2019-06-09 23:13:42,6.0,3.72 G
2019-06-09 23:13:44,5.0,3.72 G
2019-06-09 23:13:46,5.0,3.72 G
2019-06-09 23:13:48,7.0,3.72 G
2019-06-09 23:13:50,30.0,3.72 G
2019-06-09 23:13:52,29.0,3.72 G
2019-06-09 23:13:54,33.0,3.72 G
2019-06-09 23:13:56,16.0,3.72 G
2019-06-09 23:13:58,22.0,3.72 G
2019-06-09 23:14:00,17.0,3.72 G
2019-06-09 23:14:02,38.0,3.72 G
2019-06-09 23:14:04,44.9,3.72 G
2019-06-09 23:14:06,38.0,3.72 G
2019-06-09 23:14:08,78.9,3.72 G
2019-06-09 23:14:10,45.9,3.72 G
2019-06-09 23:14:12,45.0,3.72 G
2019-06-09 23:14:14,45.9,3.72 G
2019-06-09 23:14:16,48.9,3.72 G
2019-06-09 23:14:18,43.0,3.72 G
2019-06-09 23:14:20,43.9,3.72 G
2019-06-09 23:14:22,44.9,3.72 G
2019-06-09 23:14:24,43.0,3.72 G
2019-06-09 23:14:26,44.0,3.72 G
2019-06-09 23:14:28,47.0,3.72 G
2019-06-09 23:14:30,44.9,3.72 G
2019-06-09 23:14:32,43.0,3.72 G
2019-06-09 23:14:34,42.0,3.72 G
2019-06-09 23:14:36,38.0,3.72 G
2019-06-09 23:14:38,16.0,3.72 G
2019-06-09 23:14:40,2.0,3.72 G
2019-06-09 23:14:42,3.0,3.72 G
2019-06-09 23:14:44,5.0,3.72 G
2019-06-09 23:14:46,5.0,3.72 G
2019-06-09 23:14:48,4.0,3.72 G
2019-06-09 23:14:50,4.0,3.72 G
2019-06-09 23:14:52,5.0,3.72 G
2019-06-09 23:14:54,5.0,3.72 G
2019-06-09 23:14:56,7.0,3.72 G
2019-06-09 23:14:58,32.0,3.72 G
2019-06-09 23:15:00,20.0,3.72 G
2019-06-09 23:15:02,4.0,3.72 G
2019-06-09 23:15:04,4.0,3.72 G
2019-06-09 23:15:06,4.0,3.72 G
2019-06-09 23:15:08,494.5,3.72 G
2019-06-09 23:15:10,761.5,3.72 G
2019-06-09 23:15:12,766.4,3.72 G
2019-06-09 23:15:14,772.4,3.72 G
2019-06-09 23:15:16,762.6,3.72 G
2019-06-09 23:15:18,7.0,3.71 G
2019-06-09 23:15:20,3.0,3.71 G
2019-06-09 23:15:22,4.0,3.71 G
2019-06-09 23:15:24,4.0,3.71 G
2019-06-09 23:15:26,5.0,3.71 G
2019-06-09 23:15:28,8.0,3.71 G
2019-06-09 23:15:30,8.0,3.71 G
2019-06-09 23:15:32,8.0,3.71 G
2019-06-09 23:15:34,6.0,3.71 G
2019-06-09 23:15:36,8.0,3.71 G
2019-06-09 23:15:38,7.0,3.71 G
2019-06-09 23:15:40,8.0,3.71 G
2019-06-09 23:15:42,7.0,3.71 G
2019-06-09 23:15:44,8.0,3.71 G
2019-06-09 23:15:46,8.0,3.71 G
2019-06-09 23:15:48,8.0,3.71 G
2019-06-09 23:15:50,3.0,3.71 G
2019-06-09 23:15:52,8.0,3.71 G
2019-06-09 23:15:54,6.0,3.71 G
2019-06-09 23:15:56,6.0,3.71 G
2019-06-09 23:15:58,3.0,3.71 G
2019-06-09 23:16:00,8.0,3.71 G
2019-06-09 23:16:02,7.0,3.71 G
2019-06-09 23:16:04,7.0,3.71 G
2019-06-09 23:16:06,7.0,3.71 G
2019-06-09 23:16:08,8.0,3.71 G
2019-06-09 23:16:10,8.0,3.71 G
2019-06-09 23:16:12,7.0,3.71 G
2019-06-09 23:16:14,7.0,3.71 G
2019-06-09 23:16:16,3.0,3.71 G
2019-06-09 23:16:18,7.0,3.71 G
2019-06-09 23:16:20,7.0,3.71 G
2019-06-09 23:16:22,7.0,3.71 G
2019-06-09 23:16:24,4.0,3.71 G
2019-06-09 23:16:26,6.0,3.71 G
2019-06-09 23:16:28,5.0,3.71 G
2019-06-09 23:16:30,7.0,3.71 G
2019-06-09 23:16:33,8.0,3.71 G
2019-06-09 23:16:35,4.0,3.71 G
2019-06-09 23:16:37,8.0,3.71 G
2019-06-09 23:16:39,6.0,3.71 G
2019-06-09 23:16:41,8.0,3.71 G
2019-06-09 23:16:43,4.0,3.71 G
2019-06-09 23:16:45,8.0,3.71 G
2019-06-09 23:16:47,8.0,3.71 G
2019-06-09 23:16:49,8.0,3.71 G
2019-06-09 23:16:51,8.0,3.71 G
2019-06-09 23:16:53,7.0,3.71 G
2019-06-09 23:16:55,8.0,3.71 G
2019-06-09 23:16:57,7.0,3.71 G
2019-06-09 23:16:59,8.0,3.71 G
2019-06-09 23:17:01,8.0,3.71 G
2019-06-09 23:17:03,7.0,3.71 G
2019-06-09 23:17:05,6.0,3.71 G
2019-06-09 23:17:07,5.0,3.71 G
2019-06-09 23:17:09,6.0,3.72 G
2019-06-09 23:17:11,6.0,3.72 G
2019-06-09 23:17:13,8.0,3.72 G
2019-06-09 23:17:15,8.0,3.72 G
2019-06-09 23:17:17,8.0,3.72 G
2019-06-09 23:17:19,6.0,3.72 G
2019-06-09 23:17:21,2.0,3.72 G
2019-06-09 23:17:23,7.0,3.72 G
2019-06-09 23:17:25,8.0,3.72 G
2019-06-09 23:17:27,6.0,3.72 G
2019-06-09 23:17:29,5.0,3.72 G
2019-06-09 23:17:31,6.0,3.72 G
2019-06-09 23:17:33,4.0,3.72 G
2019-06-09 23:17:35,8.0,3.72 G
2019-06-09 23:17:37,8.0,3.72 G
2019-06-09 23:17:39,107.9,3.71 G
2019-06-09 23:17:41,104.9,3.72 G
2019-06-09 23:17:43,102.9,3.72 G
2019-06-09 23:17:45,106.9,3.72 G
2019-06-09 23:17:47,105.0,3.72 G
2019-06-09 23:17:49,105.9,3.72 G
2019-06-09 23:17:51,102.9,3.73 G
2019-06-09 23:17:53,101.9,3.73 G
2019-06-09 23:17:55,102.9,3.73 G
2019-06-09 23:17:57,101.9,3.73 G
2019-06-09 23:17:59,102.0,3.74 G
2019-06-09 23:18:01,100.9,3.74 G
2019-06-09 23:18:03,101.9,3.74 G
2019-06-09 23:18:05,100.9,3.75 G
2019-06-09 23:18:07,101.9,3.75 G
2019-06-09 23:18:09,101.9,3.75 G
2019-06-09 23:18:11,104.9,3.76 G
2019-06-09 23:18:13,101.0,3.76 G
2019-06-09 23:18:15,100.9,3.76 G
2019-06-09 23:18:17,100.9,3.77 G
2019-06-09 23:18:19,101.0,3.77 G
2019-06-09 23:18:21,99.9,3.78 G
2019-06-09 23:18:23,102.0,3.78 G
2019-06-09 23:18:25,101.9,3.78 G
2019-06-09 23:18:27,102.9,3.78 G
2019-06-09 23:18:29,100.0,3.78 G
2019-06-09 23:18:31,100.9,3.79 G
2019-06-09 23:18:33,495.5,3.78 G
2019-06-09 23:18:35,758.4,3.78 G
2019-06-09 23:18:37,762.2,3.72 G
2019-06-09 23:18:39,68.9,3.72 G
2019-06-09 23:18:41,4.0,3.72 G
2019-06-09 23:18:43,5.0,3.72 G
2019-06-09 23:18:45,3.0,3.72 G
2019-06-09 23:18:47,5.0,3.72 G
2019-06-09 23:18:49,3.0,3.72 G
2019-06-09 23:18:51,4.0,3.72 G
2019-06-09 23:18:53,3.0,3.72 G
2019-06-09 23:18:55,3.0,3.72 G
2019-06-09 23:18:57,3.0,3.72 G
2019-06-09 23:18:59,3.0,3.72 G
2019-06-09 23:19:01,3.0,3.72 G
2019-06-09 23:19:03,2.0,3.72 G
2019-06-09 23:19:05,2.0,3.72 G
2019-06-09 23:19:07,2.0,3.72 G
2019-06-09 23:19:09,3.0,3.72 G
2019-06-09 23:19:11,3.0,3.72 G
2019-06-09 23:19:13,1.0,3.72 G
2019-06-09 23:19:15,3.0,3.72 G
2019-06-09 23:19:17,2.0,3.72 G
2019-06-09 23:19:19,3.0,3.72 G
2019-06-09 23:19:21,2.0,3.72 G
2019-06-09 23:19:23,3.0,3.72 G
2019-06-09 23:19:25,4.0,3.72 G
2019-06-09 23:19:27,4.0,3.72 G
2019-06-09 23:19:29,4.0,3.72 G
2019-06-09 23:19:31,4.0,3.72 G
2019-06-09 23:19:33,4.0,3.72 G
2019-06-09 23:19:35,3.0,3.72 G
2019-06-09 23:19:37,4.0,3.72 G
2019-06-09 23:19:39,4.0,3.72 G
2019-06-09 23:19:41,4.0,3.72 G
2019-06-09 23:19:43,4.0,3.72 G
2019-06-09 23:19:45,5.0,3.72 G
2019-06-09 23:19:47,4.0,3.72 G
2019-06-09 23:19:49,5.0,3.72 G
2019-06-09 23:19:51,5.0,3.72 G
2019-06-09 23:19:53,4.0,3.72 G
2019-06-09 23:19:55,7.0,3.72 G
2019-06-09 23:19:57,8.0,3.72 G
2019-06-09 23:19:59,9.0,3.72 G
2019-06-09 23:20:02,5.0,3.72 G
2019-06-09 23:20:04,765.6,3.72 G
2019-06-09 23:20:06,761.4,3.72 G
2019-06-09 23:20:08,426.5,3.71 G
2019-06-09 23:20:10,11.0,3.71 G
2019-06-09 23:20:12,30.0,3.71 G
2019-06-09 23:20:14,32.0,3.71 G
2019-06-09 23:20:16,43.0,3.71 G
2019-06-09 23:20:18,40.9,3.71 G
2019-06-09 23:20:20,752.4,3.71 G
2019-06-09 23:20:22,755.5,3.71 G
2019-06-09 23:20:24,765.4,3.71 G
2019-06-09 23:20:26,5.0,3.71 G
2019-06-09 23:20:28,5.0,3.71 G
2019-06-09 23:20:30,6.0,3.71 G
2019-06-09 23:20:32,9.0,3.71 G
2019-06-09 23:20:34,4.0,3.71 G
2019-06-09 23:20:36,3.0,3.71 G
2019-06-09 23:20:38,3.0,3.71 G
2019-06-09 23:20:40,3.0,3.71 G
2019-06-09 23:20:42,5.0,3.71 G
2019-06-09 23:20:44,8.0,3.71 G
2019-06-09 23:20:46,7.0,3.71 G
2019-06-09 23:20:48,6.0,3.71 G
2019-06-09 23:20:50,8.0,3.71 G
2019-06-09 23:20:52,8.0,3.71 G
2019-06-09 23:20:54,8.0,3.71 G
2019-06-09 23:20:56,7.0,3.71 G
2019-06-09 23:20:58,4.0,3.71 G
2019-06-09 23:21:00,7.0,3.71 G
2019-06-09 23:21:02,8.0,3.71 G
2019-06-09 23:21:04,5.0,3.71 G
2019-06-09 23:21:06,8.0,3.71 G
2019-06-09 23:21:08,6.0,3.71 G
2019-06-09 23:21:10,7.0,3.71 G
2019-06-09 23:21:12,7.0,3.71 G
2019-06-09 23:21:14,7.0,3.71 G
2019-06-09 23:21:16,7.0,3.71 G
2019-06-09 23:21:18,8.0,3.71 G
2019-06-09 23:21:20,8.0,3.71 G
2019-06-09 23:21:22,9.0,3.71 G
2019-06-09 23:21:24,8.0,3.71 G
2019-06-09 23:21:26,8.0,3.71 G
2019-06-09 23:21:28,6.0,3.71 G
2019-06-09 23:21:30,6.0,3.71 G
2019-06-09 23:21:32,5.0,3.71 G
2019-06-09 23:21:34,7.0,3.71 G
2019-06-09 23:21:36,5.0,3.71 G
2019-06-09 23:21:38,5.0,3.71 G
2019-06-09 23:21:40,8.0,3.71 G
2019-06-09 23:21:42,5.0,3.71 G
2019-06-09 23:21:44,72.9,3.83 G
2019-06-09 23:21:46,103.9,3.83 G
2019-06-09 23:21:48,104.9,3.83 G
2019-06-09 23:21:50,102.9,3.84 G
2019-06-09 23:21:52,103.9,3.84 G
2019-06-09 23:21:54,102.9,3.84 G
2019-06-09 23:21:56,102.9,3.84 G
2019-06-09 23:21:58,486.6,3.85 G
2019-06-09 23:22:00,761.3,3.85 G
2019-06-09 23:22:02,761.5,3.83 G
2019-06-09 23:22:04,3.0,3.83 G
2019-06-09 23:22:06,1.0,3.83 G
2019-06-09 23:22:08,5.0,3.83 G
2019-06-09 23:22:10,2.0,3.83 G
2019-06-09 23:22:12,3.0,3.83 G
2019-06-09 23:22:14,4.0,3.83 G
2019-06-09 23:22:16,4.0,3.83 G
2019-06-09 23:22:18,4.0,3.83 G
2019-06-09 23:22:20,4.0,3.83 G
2019-06-09 23:22:22,4.0,3.83 G
2019-06-09 23:22:24,7.0,3.83 G
2019-06-09 23:22:26,7.0,3.83 G
2019-06-09 23:22:28,4.0,3.83 G
2019-06-09 23:22:30,6.0,3.83 G
2019-06-09 23:22:32,5.0,3.83 G
2019-06-09 23:22:34,5.0,3.83 G
2019-06-09 23:22:36,6.0,3.83 G
2019-06-09 23:22:38,1.0,3.83 G
2019-06-09 23:22:40,2.0,3.83 G
2019-06-09 23:22:42,6.0,3.83 G
2019-06-09 23:22:44,7.0,3.83 G
2019-06-09 23:22:46,7.0,3.83 G
2019-06-09 23:22:48,7.0,3.83 G
2019-06-09 23:22:50,8.0,3.83 G
2019-06-09 23:22:52,5.0,3.83 G
2019-06-09 23:22:54,5.0,3.83 G
2019-06-09 23:22:56,9.0,3.83 G
2019-06-09 23:22:58,8.0,3.83 G
2019-06-09 23:23:00,6.0,3.83 G
2019-06-09 23:23:02,8.0,3.83 G
2019-06-09 23:23:04,9.0,3.83 G
2019-06-09 23:23:06,8.0,3.83 G
2019-06-09 23:23:08,6.0,3.83 G
2019-06-09 23:23:10,9.0,3.83 G
2019-06-09 23:23:12,7.0,3.83 G
2019-06-09 23:23:14,4.0,3.83 G
2019-06-09 23:23:17,7.0,3.83 G
2019-06-09 23:23:19,7.0,3.83 G
2019-06-09 23:23:21,9.0,3.83 G
2019-06-09 23:23:23,8.0,3.83 G
2019-06-09 23:23:25,8.0,3.83 G
2019-06-09 23:23:27,6.0,3.83 G
2019-06-09 23:23:29,9.0,3.83 G
2019-06-09 23:23:31,6.0,3.83 G
2019-06-09 23:23:33,71.9,3.84 G
2019-06-09 23:23:35,103.9,3.86 G
2019-06-09 23:23:37,102.9,3.88 G
2019-06-09 23:23:39,468.7,3.89 G
2019-06-09 23:23:41,756.6,3.89 G
2019-06-09 23:23:43,762.5,3.84 G
2019-06-09 23:23:45,12.0,3.71 G
2019-06-09 23:23:47,2.0,3.71 G
2019-06-09 23:23:49,5.0,3.71 G
2019-06-09 23:23:51,6.0,3.71 G
2019-06-09 23:23:53,8.0,3.71 G
2019-06-09 23:23:55,8.0,3.71 G
2019-06-09 23:23:57,8.0,3.71 G
2019-06-09 23:23:59,7.0,3.71 G
2019-06-09 23:24:01,6.0,3.71 G
2019-06-09 23:24:03,8.0,3.71 G
2019-06-09 23:24:05,8.0,3.71 G
2019-06-09 23:24:07,8.0,3.71 G
2019-06-09 23:24:09,5.0,3.71 G
2019-06-09 23:24:11,5.0,3.71 G
2019-06-09 23:24:13,3.0,3.71 G
2019-06-09 23:24:15,7.0,3.71 G
2019-06-09 23:24:17,8.0,3.71 G
2019-06-09 23:24:19,8.0,3.71 G
2019-06-09 23:24:21,8.0,3.71 G
2019-06-09 23:24:23,8.0,3.71 G
2019-06-09 23:24:25,6.0,3.71 G
2019-06-09 23:24:27,7.0,3.71 G
2019-06-09 23:24:29,7.0,3.71 G
2019-06-09 23:24:31,4.0,3.71 G
2019-06-09 23:24:33,7.0,3.71 G
2019-06-09 23:24:35,7.0,3.71 G
2019-06-09 23:24:37,7.0,3.71 G
2019-06-09 23:24:39,4.0,3.71 G
2019-06-09 23:24:41,8.0,3.71 G
2019-06-09 23:24:43,5.0,3.71 G
2019-06-09 23:24:45,8.0,3.71 G
2019-06-09 23:24:47,8.0,3.71 G
2019-06-09 23:24:49,8.0,3.71 G
2019-06-09 23:24:51,8.0,3.71 G
2019-06-09 23:24:53,8.0,3.71 G
2019-06-09 23:24:55,9.0,3.71 G
2019-06-09 23:24:57,4.0,3.71 G
2019-06-09 23:24:59,8.0,3.71 G
2019-06-09 23:25:01,8.0,3.71 G
2019-06-09 23:25:03,6.0,3.71 G
2019-06-09 23:25:05,6.0,3.71 G
2019-06-09 23:25:07,8.0,3.71 G
2019-06-09 23:25:09,4.0,3.71 G
2019-06-09 23:25:11,7.0,3.71 G
2019-06-09 23:25:13,6.0,3.71 G
2019-06-09 23:25:15,4.0,3.71 G
2019-06-09 23:25:17,7.0,3.71 G
2019-06-09 23:25:19,7.0,3.71 G
2019-06-09 23:25:21,8.0,3.71 G
2019-06-09 23:25:23,6.0,3.71 G
2019-06-09 23:25:25,7.0,3.71 G
2019-06-09 23:25:27,7.0,3.71 G
2019-06-09 23:25:29,7.0,3.71 G
2019-06-09 23:25:31,6.0,3.71 G
2019-06-09 23:25:33,7.0,3.71 G
2019-06-09 23:25:35,6.0,3.71 G
2019-06-09 23:25:37,7.0,3.71 G
2019-06-09 23:25:39,4.0,3.71 G
2019-06-09 23:25:41,5.0,3.71 G
2019-06-09 23:25:43,4.0,3.71 G
2019-06-09 23:25:45,4.0,3.71 G
2019-06-09 23:25:47,6.0,3.71 G
2019-06-09 23:25:49,6.0,3.71 G
2019-06-09 23:25:51,7.0,3.71 G
2019-06-09 23:25:53,6.0,3.71 G
2019-06-09 23:25:55,6.0,3.71 G
2019-06-09 23:25:57,7.0,3.71 G
2019-06-09 23:25:59,7.0,3.71 G
2019-06-09 23:26:01,6.0,3.71 G
2019-06-09 23:26:03,5.0,3.71 G
2019-06-09 23:26:05,8.0,3.71 G
2019-06-09 23:26:07,4.0,3.71 G
2019-06-09 23:26:09,7.0,3.71 G
2019-06-09 23:26:11,6.0,3.71 G
2019-06-09 23:26:13,7.0,3.71 G
2019-06-09 23:26:15,5.0,3.71 G
2019-06-09 23:26:17,6.0,3.71 G
2019-06-09 23:26:19,5.0,3.71 G
2019-06-09 23:26:21,3.0,3.71 G
2019-06-09 23:26:23,5.0,3.71 G
2019-06-09 23:26:25,7.0,3.71 G
2019-06-09 23:26:27,8.0,3.71 G
2019-06-09 23:26:30,7.0,3.71 G
2019-06-09 23:26:32,10.0,3.71 G
2019-06-09 23:26:34,102.9,4.02 G
2019-06-09 23:26:36,562.5,4.03 G
2019-06-09 23:26:38,763.6,4.03 G
2019-06-09 23:26:40,762.6,4.03 G
2019-06-09 23:26:42,3.0,3.99 G
2019-06-09 23:26:44,3.0,3.99 G
2019-06-09 23:26:46,2.0,3.99 G
2019-06-09 23:26:48,5.0,3.99 G
2019-06-09 23:26:50,7.0,3.99 G
2019-06-09 23:26:52,764.5,3.98 G
2019-06-09 23:26:54,757.7,3.98 G
2019-06-09 23:26:56,421.5,3.69 G
2019-06-09 23:26:58,3.0,3.69 G
2019-06-09 23:27:00,7.0,3.69 G
2019-06-09 23:27:02,6.0,3.69 G
2019-06-09 23:27:04,8.0,3.69 G
2019-06-09 23:27:06,7.0,3.69 G
2019-06-09 23:27:08,7.0,3.69 G
2019-06-09 23:27:10,9.0,3.69 G
2019-06-09 23:27:12,8.0,3.69 G
2019-06-09 23:27:14,8.0,3.69 G
2019-06-09 23:27:16,7.0,3.69 G
2019-06-09 23:27:18,9.0,3.69 G
2019-06-09 23:27:20,4.0,3.69 G
2019-06-09 23:27:22,3.0,3.69 G
2019-06-09 23:27:24,4.0,3.69 G
2019-06-09 23:27:26,3.0,3.69 G
2019-06-09 23:27:28,8.0,3.69 G
2019-06-09 23:27:30,8.0,3.69 G
2019-06-09 23:27:32,7.0,3.69 G
2019-06-09 23:27:34,9.0,3.69 G
2019-06-09 23:27:36,7.0,3.69 G
2019-06-09 23:27:38,6.0,3.69 G
2019-06-09 23:27:40,4.0,3.69 G
2019-06-09 23:27:42,6.0,3.69 G
2019-06-09 23:27:44,8.0,3.69 G
2019-06-09 23:27:46,9.0,3.69 G
2019-06-09 23:27:48,6.0,3.69 G
2019-06-09 23:27:50,9.0,3.69 G
2019-06-09 23:27:52,8.0,3.69 G
2019-06-09 23:27:54,5.0,3.69 G
2019-06-09 23:27:56,5.0,3.69 G
2019-06-09 23:27:58,6.0,3.69 G
2019-06-09 23:28:00,9.0,3.69 G
2019-06-09 23:28:02,7.0,3.69 G
2019-06-09 23:28:04,5.0,3.69 G
2019-06-09 23:28:06,8.0,3.69 G
2019-06-09 23:28:08,9.0,3.69 G
2019-06-09 23:28:10,10.0,3.69 G
2019-06-09 23:28:12,8.0,3.70 G
2019-06-09 23:28:14,8.0,3.70 G
2019-06-09 23:28:16,9.0,3.70 G
2019-06-09 23:28:18,9.0,3.70 G
2019-06-09 23:28:20,5.0,3.70 G
2019-06-09 23:28:22,9.0,3.70 G
2019-06-09 23:28:24,8.0,3.70 G
2019-06-09 23:28:26,9.0,3.70 G
2019-06-09 23:28:28,10.0,3.70 G
2019-06-09 23:28:30,105.9,3.82 G
2019-06-09 23:28:32,755.4,3.83 G
2019-06-09 23:28:34,757.4,3.83 G
2019-06-09 23:28:36,758.5,3.83 G
2019-06-09 23:28:38,766.5,3.79 G
2019-06-09 23:28:40,765.6,3.78 G
2019-06-09 23:28:42,105.9,3.70 G
2019-06-09 23:28:44,4.0,3.70 G
2019-06-09 23:28:46,5.0,3.70 G
2019-06-09 23:28:48,47.9,3.70 G
2019-06-09 23:28:50,45.9,3.70 G
2019-06-09 23:28:52,46.9,3.70 G
2019-06-09 23:28:54,766.4,3.70 G
2019-06-09 23:28:56,764.5,3.70 G
2019-06-09 23:28:58,576.6,3.70 G
2019-06-09 23:29:00,3.0,3.70 G
2019-06-09 23:29:02,10.0,3.70 G
2019-06-09 23:29:04,6.0,3.70 G
2019-06-09 23:29:06,8.0,3.70 G
2019-06-09 23:29:08,5.0,3.70 G
2019-06-09 23:29:10,7.0,3.70 G
2019-06-09 23:29:12,8.0,3.70 G
2019-06-09 23:29:14,8.0,3.70 G
2019-06-09 23:29:16,8.0,3.70 G
2019-06-09 23:29:18,9.0,3.70 G
2019-06-09 23:29:20,9.0,3.70 G
2019-06-09 23:29:22,8.0,3.70 G
2019-06-09 23:29:24,5.0,3.70 G
2019-06-09 23:29:26,4.0,3.70 G
2019-06-09 23:29:29,5.0,3.70 G
2019-06-09 23:29:31,8.0,3.70 G
2019-06-09 23:29:33,8.0,3.70 G
2019-06-09 23:29:35,8.0,3.70 G
2019-06-09 23:29:37,8.0,3.70 G
2019-06-09 23:29:39,5.0,3.70 G
2019-06-09 23:29:41,761.4,3.70 G
2019-06-09 23:29:43,765.5,3.70 G
2019-06-09 23:29:45,754.4,3.70 G
2019-06-09 23:29:47,4.0,3.70 G
2019-06-09 23:29:49,4.0,3.70 G
2019-06-09 23:29:51,5.0,3.70 G
2019-06-09 23:29:53,8.0,3.70 G
2019-06-09 23:29:55,4.0,3.70 G
2019-06-09 23:29:57,8.0,3.70 G
2019-06-09 23:29:59,6.0,3.70 G
2019-06-09 23:30:01,6.0,3.70 G
2019-06-09 23:30:03,6.0,3.70 G
2019-06-09 23:30:05,5.0,3.70 G
2019-06-09 23:30:07,6.0,3.70 G
2019-06-09 23:30:09,3.0,3.70 G
2019-06-09 23:30:11,4.0,3.70 G
2019-06-09 23:30:13,6.0,3.70 G
2019-06-09 23:30:15,3.0,3.70 G
2019-06-09 23:30:17,5.0,3.70 G
2019-06-09 23:30:19,6.0,3.70 G
2019-06-09 23:30:21,4.0,3.70 G
2019-06-09 23:30:23,4.0,3.70 G
2019-06-09 23:30:25,5.0,3.70 G
2019-06-09 23:30:27,4.0,3.70 G
2019-06-09 23:30:29,4.0,3.70 G
2019-06-09 23:30:31,7.0,3.70 G
2019-06-09 23:30:33,6.0,3.70 G
2019-06-09 23:30:35,5.0,3.70 G
2019-06-09 23:30:37,4.0,3.70 G
2019-06-09 23:30:39,4.0,3.70 G
2019-06-09 23:30:41,6.0,3.70 G
2019-06-09 23:30:43,4.0,3.70 G
2019-06-09 23:30:45,3.0,3.70 G
2019-06-09 23:30:47,4.0,3.70 G
2019-06-09 23:30:49,8.0,3.70 G
2019-06-09 23:30:51,4.0,3.70 G
2019-06-09 23:30:53,5.0,3.70 G
2019-06-09 23:30:55,4.0,3.70 G
2019-06-09 23:30:57,4.0,3.70 G
2019-06-09 23:30:59,4.0,3.70 G
2019-06-09 23:31:01,5.0,3.70 G
2019-06-09 23:31:03,3.0,3.70 G
2019-06-09 23:31:05,5.0,3.70 G
2019-06-09 23:31:07,5.0,3.70 G
2019-06-09 23:31:09,5.0,3.70 G
2019-06-09 23:31:11,7.0,3.70 G
2019-06-09 23:31:13,4.0,3.70 G
2019-06-09 23:31:15,5.0,3.70 G
2019-06-09 23:31:17,4.0,3.70 G
2019-06-09 23:31:19,7.0,3.70 G
2019-06-09 23:31:21,6.0,3.70 G
2019-06-09 23:31:23,4.0,3.70 G
2019-06-09 23:31:25,5.0,3.70 G
2019-06-09 23:31:27,4.0,3.70 G
2019-06-09 23:31:29,10.0,3.70 G
2019-06-09 23:31:31,8.0,3.70 G
2019-06-09 23:31:33,9.0,3.70 G
2019-06-09 23:31:35,10.0,3.70 G
2019-06-09 23:31:37,4.0,3.70 G
2019-06-09 23:31:39,8.0,3.70 G
2019-06-09 23:31:41,20.0,3.70 G
2019-06-09 23:31:43,16.0,3.70 G
2019-06-09 23:31:45,10.0,3.70 G
2019-06-09 23:31:47,4.0,3.70 G
2019-06-09 23:31:49,4.0,3.70 G
2019-06-09 23:31:51,6.0,3.70 G
2019-06-09 23:31:53,5.0,3.70 G
2019-06-09 23:31:55,4.0,3.70 G
2019-06-09 23:31:57,6.0,3.70 G
2019-06-09 23:31:59,40.0,3.71 G
2019-06-09 23:32:01,22.0,3.71 G
2019-06-09 23:32:03,31.0,3.71 G
2019-06-09 23:32:05,40.0,3.71 G
2019-06-09 23:32:07,39.0,3.71 G
2019-06-09 23:32:09,29.0,3.71 G
2019-06-09 23:32:11,15.0,3.71 G
2019-06-09 23:32:13,16.0,3.71 G
2019-06-09 23:32:15,28.0,3.71 G
2019-06-09 23:32:17,31.0,3.71 G
2019-06-09 23:32:19,10.0,3.71 G
2019-06-09 23:32:21,16.0,3.71 G
2019-06-09 23:32:23,12.0,3.71 G
2019-06-09 23:32:25,4.0,3.71 G
2019-06-09 23:32:28,6.0,3.71 G
2019-06-09 23:32:30,8.0,3.71 G
2019-06-09 23:32:32,8.0,3.71 G
2019-06-09 23:32:34,6.0,3.71 G
2019-06-09 23:32:36,6.0,3.71 G
2019-06-09 23:32:38,7.0,3.71 G
2019-06-09 23:32:40,5.0,3.71 G
2019-06-09 23:32:42,6.0,3.71 G
2019-06-09 23:32:44,5.0,3.71 G
2019-06-09 23:32:46,1.0,3.71 G
2019-06-09 23:32:48,5.0,3.71 G
2019-06-09 23:32:50,3.0,3.71 G
2019-06-09 23:32:52,4.0,3.71 G
2019-06-09 23:32:54,4.0,3.71 G
2019-06-09 23:32:56,3.0,3.71 G
2019-06-09 23:32:58,5.0,3.71 G
2019-06-09 23:33:00,5.0,3.71 G
2019-06-09 23:33:02,6.0,3.71 G
2019-06-09 23:33:04,4.0,3.71 G
2019-06-09 23:33:06,4.0,3.71 G
2019-06-09 23:33:08,4.0,3.71 G
2019-06-09 23:33:10,3.0,3.71 G
2019-06-09 23:33:12,4.0,3.71 G
2019-06-09 23:33:14,3.0,3.71 G
2019-06-09 23:33:16,3.0,3.71 G
2019-06-09 23:33:18,3.0,3.71 G
2019-06-09 23:33:20,3.0,3.71 G
2019-06-09 23:33:22,3.0,3.71 G
2019-06-09 23:33:24,4.0,3.71 G
2019-06-09 23:33:26,4.0,3.71 G
2019-06-09 23:33:28,3.0,3.71 G
2019-06-09 23:33:30,3.0,3.71 G
2019-06-09 23:33:32,5.0,3.71 G
2019-06-09 23:33:34,5.0,3.71 G
2019-06-09 23:33:36,3.0,3.71 G
2019-06-09 23:33:38,3.0,3.71 G
2019-06-09 23:33:40,37.0,3.71 G
2019-06-09 23:33:42,7.0,3.71 G
2019-06-09 23:33:44,5.0,3.71 G
2019-06-09 23:33:46,5.0,3.71 G
2019-06-09 23:33:48,5.0,3.71 G
2019-06-09 23:33:50,6.0,3.71 G
2019-06-09 23:33:52,5.0,3.71 G
2019-06-09 23:33:54,5.0,3.71 G
2019-06-09 23:33:56,3.0,3.71 G
2019-06-09 23:33:58,3.0,3.71 G
2019-06-09 23:34:00,4.0,3.71 G
2019-06-09 23:34:02,5.0,3.71 G
2019-06-09 23:34:04,6.0,3.71 G
2019-06-09 23:34:06,6.0,3.71 G
2019-06-09 23:34:08,6.0,3.71 G
2019-06-09 23:34:10,9.0,3.71 G
2019-06-09 23:34:12,7.0,3.71 G
2019-06-09 23:34:14,10.0,3.71 G
2019-06-09 23:34:16,5.0,3.71 G
2019-06-09 23:34:18,5.0,3.71 G
2019-06-09 23:34:20,3.0,3.71 G
2019-06-09 23:34:22,3.0,3.71 G
2019-06-09 23:34:24,5.0,3.71 G
2019-06-09 23:34:26,2.0,3.71 G
2019-06-09 23:34:28,3.0,3.71 G
2019-06-09 23:34:30,4.0,3.71 G
2019-06-09 23:34:32,3.0,3.71 G
2019-06-09 23:34:34,3.0,3.71 G
2019-06-09 23:34:36,3.0,3.71 G
2019-06-09 23:34:38,3.0,3.71 G
2019-06-09 23:34:40,5.0,3.71 G
2019-06-09 23:34:42,3.0,3.71 G
2019-06-09 23:34:44,5.0,3.71 G
2019-06-09 23:34:46,43.0,3.71 G
2019-06-09 23:34:48,761.4,3.71 G
2019-06-09 23:34:50,763.4,3.71 G
2019-06-09 23:34:52,765.4,3.71 G
2019-06-09 23:34:54,20.0,3.71 G
2019-06-09 23:34:56,0.0,3.71 G
2019-06-09 23:34:58,1.0,3.71 G
2019-06-09 23:35:00,1.0,3.71 G
2019-06-09 23:35:02,1.0,3.71 G
2019-06-09 23:35:04,1.0,3.71 G
2019-06-09 23:35:06,1.0,3.71 G
2019-06-09 23:35:08,2.0,3.71 G
2019-06-09 23:35:10,3.0,3.71 G
2019-06-09 23:35:12,4.0,3.71 G
2019-06-09 23:35:14,4.0,3.71 G
2019-06-09 23:35:16,8.0,3.71 G
2019-06-09 23:35:18,4.0,3.71 G
2019-06-09 23:35:20,7.0,3.71 G
2019-06-09 23:35:22,5.0,3.71 G
2019-06-09 23:35:25,3.0,3.71 G
2019-06-09 23:35:27,4.0,3.71 G
2019-06-09 23:35:29,4.0,3.71 G
2019-06-09 23:35:31,4.0,3.71 G
2019-06-09 23:35:33,3.0,3.71 G
2019-06-09 23:35:35,6.0,3.71 G
2019-06-09 23:35:37,5.0,3.71 G
2019-06-09 23:35:39,3.0,3.71 G
2019-06-09 23:35:41,3.0,3.71 G
2019-06-09 23:35:43,3.0,3.71 G
2019-06-09 23:35:45,2.0,3.71 G
2019-06-09 23:35:47,4.0,3.71 G
2019-06-09 23:35:49,8.0,3.71 G
2019-06-09 23:35:51,6.0,3.71 G
2019-06-09 23:35:53,5.0,3.71 G
2019-06-09 23:35:55,7.0,3.71 G
2019-06-09 23:35:57,9.0,3.71 G
2019-06-09 23:35:59,9.0,3.71 G
2019-06-09 23:36:01,7.0,3.71 G
2019-06-09 23:36:03,4.0,3.71 G
2019-06-09 23:36:05,8.0,3.71 G
2019-06-09 23:36:07,6.0,3.71 G
2019-06-09 23:36:09,5.0,3.71 G
2019-06-09 23:36:11,5.0,3.71 G
2019-06-09 23:36:13,5.0,3.71 G
2019-06-09 23:36:15,3.0,3.71 G
2019-06-09 23:36:17,3.0,3.71 G
2019-06-09 23:36:19,4.0,3.71 G
2019-06-09 23:36:21,5.0,3.71 G
2019-06-09 23:36:23,3.0,3.71 G
2019-06-09 23:36:25,2.0,3.71 G
2019-06-09 23:36:27,5.0,3.71 G
2019-06-09 23:36:29,4.0,3.71 G
2019-06-09 23:36:31,3.0,3.71 G
2019-06-09 23:36:33,4.0,3.71 G
2019-06-09 23:36:35,4.0,3.71 G
2019-06-09 23:36:37,3.0,3.71 G
2019-06-09 23:36:39,4.0,3.71 G
2019-06-09 23:36:41,4.0,3.71 G
2019-06-09 23:36:43,4.0,3.71 G
2019-06-09 23:36:45,1.0,3.71 G
2019-06-09 23:36:47,3.0,3.71 G
2019-06-09 23:36:49,3.0,3.71 G
2019-06-09 23:36:51,4.0,3.71 G
2019-06-09 23:36:53,4.0,3.71 G
2019-06-09 23:36:55,4.0,3.71 G
2019-06-09 23:36:57,4.0,3.71 G
2019-06-09 23:36:59,4.0,3.71 G
2019-06-09 23:37:01,4.0,3.71 G
2019-06-09 23:37:03,3.0,3.71 G
2019-06-09 23:37:05,4.0,3.71 G
2019-06-09 23:37:07,4.0,3.71 G
2019-06-09 23:37:09,4.0,3.71 G
2019-06-09 23:37:11,7.0,3.71 G
2019-06-09 23:37:13,4.0,3.71 G
2019-06-09 23:37:15,6.0,3.71 G
2019-06-09 23:37:17,4.0,3.71 G
2019-06-09 23:37:19,18.0,3.77 G
2019-06-09 23:37:21,110.9,3.83 G
2019-06-09 23:37:23,109.9,3.83 G
2019-06-09 23:37:25,102.9,3.83 G
2019-06-09 23:37:27,107.9,3.84 G
2019-06-09 23:37:29,103.9,3.84 G
2019-06-09 23:37:31,103.9,3.84 G
2019-06-09 23:37:33,101.9,3.84 G
2019-06-09 23:37:35,103.9,3.85 G
2019-06-09 23:37:37,105.9,3.85 G
2019-06-09 23:37:39,103.9,3.85 G
2019-06-09 23:37:41,764.5,3.85 G
2019-06-09 23:37:43,763.5,3.85 G
2019-06-09 23:37:45,696.2,3.83 G
2019-06-09 23:37:47,2.0,3.83 G
2019-06-09 23:37:49,4.0,3.83 G
2019-06-09 23:37:51,6.0,3.83 G
2019-06-09 23:37:53,8.0,3.83 G
2019-06-09 23:37:55,8.0,3.83 G
2019-06-09 23:37:57,8.0,3.83 G
2019-06-09 23:37:59,4.0,3.83 G
2019-06-09 23:38:01,3.0,3.83 G
2019-06-09 23:38:03,7.0,3.83 G
2019-06-09 23:38:05,5.0,3.83 G
2019-06-09 23:38:07,6.0,3.83 G
2019-06-09 23:38:09,7.0,3.83 G
2019-06-09 23:38:11,4.0,3.83 G
2019-06-09 23:38:13,6.0,3.83 G
2019-06-09 23:38:15,5.0,3.83 G
2019-06-09 23:38:17,6.0,3.83 G
2019-06-09 23:38:19,6.0,3.83 G
2019-06-09 23:38:21,5.0,3.83 G
2019-06-09 23:38:23,4.0,3.83 G
2019-06-09 23:38:25,5.0,3.83 G
2019-06-09 23:38:27,5.0,3.83 G
2019-06-09 23:38:29,5.0,3.83 G
2019-06-09 23:38:31,3.0,3.83 G
2019-06-09 23:38:34,5.0,3.83 G
2019-06-09 23:38:36,5.0,3.83 G
2019-06-09 23:38:38,5.0,3.83 G
2019-06-09 23:38:40,7.0,3.83 G
2019-06-09 23:38:42,5.0,3.83 G
2019-06-09 23:38:44,5.0,3.83 G
2019-06-09 23:38:46,6.0,3.83 G
2019-06-09 23:38:48,5.0,3.83 G
2019-06-09 23:38:50,7.0,3.83 G
2019-06-09 23:38:52,5.0,3.83 G
2019-06-09 23:38:54,4.0,3.83 G
2019-06-09 23:38:56,65.3,3.88 G
2019-06-09 23:38:58,758.5,3.88 G
2019-06-09 23:39:00,756.4,3.88 G
2019-06-09 23:39:02,168.8,3.72 G
2019-06-09 23:39:04,5.0,3.72 G
2019-06-09 23:39:06,7.0,3.72 G
2019-06-09 23:39:08,7.0,3.72 G
2019-06-09 23:39:10,6.0,3.72 G
2019-06-09 23:39:12,7.0,3.72 G
2019-06-09 23:39:14,7.0,3.72 G
2019-06-09 23:39:16,8.0,3.72 G
2019-06-09 23:39:18,8.0,3.72 G
2019-06-09 23:39:20,6.0,3.72 G
2019-06-09 23:39:22,6.0,3.72 G
2019-06-09 23:39:24,8.0,3.72 G
2019-06-09 23:39:26,6.0,3.72 G
2019-06-09 23:39:28,9.0,3.72 G
2019-06-09 23:39:30,9.0,3.72 G
2019-06-09 23:39:32,7.0,3.72 G
2019-06-09 23:39:34,8.0,3.72 G
2019-06-09 23:39:36,8.0,3.72 G
2019-06-09 23:39:38,57.9,3.73 G
2019-06-09 23:39:40,102.9,3.73 G
2019-06-09 23:39:42,103.9,3.73 G
2019-06-09 23:39:44,103.9,3.74 G
2019-06-09 23:39:46,101.9,3.75 G
2019-06-09 23:39:48,101.9,3.75 G
2019-06-09 23:39:50,101.9,3.75 G
2019-06-09 23:39:52,762.5,3.75 G
2019-06-09 23:39:54,757.5,3.75 G
2019-06-09 23:39:56,568.6,3.72 G
2019-06-09 23:39:58,7.0,3.72 G
2019-06-09 23:40:00,8.0,3.72 G
2019-06-09 23:40:02,7.0,3.72 G
2019-06-09 23:40:04,8.0,3.72 G
2019-06-09 23:40:06,6.0,3.72 G
2019-06-09 23:40:08,10.0,3.72 G
2019-06-09 23:40:10,9.0,3.72 G
2019-06-09 23:40:12,9.0,3.72 G
2019-06-09 23:40:14,7.0,3.72 G
2019-06-09 23:40:16,7.0,3.72 G
2019-06-09 23:40:18,7.0,3.72 G
2019-06-09 23:40:20,6.0,3.72 G
2019-06-09 23:40:22,7.0,3.72 G
2019-06-09 23:40:24,7.0,3.72 G
2019-06-09 23:40:26,8.0,3.72 G
2019-06-09 23:40:28,9.0,3.72 G
2019-06-09 23:40:30,6.0,3.72 G
2019-06-09 23:40:32,8.0,3.72 G
2019-06-09 23:40:34,8.0,3.72 G
2019-06-09 23:40:36,6.0,3.72 G
2019-06-09 23:40:38,7.0,3.72 G
2019-06-09 23:40:40,7.0,3.72 G
2019-06-09 23:40:42,5.0,3.72 G
2019-06-09 23:40:44,6.0,3.72 G
2019-06-09 23:40:46,6.0,3.72 G
2019-06-09 23:40:48,5.0,3.72 G
2019-06-09 23:40:50,6.0,3.72 G
2019-06-09 23:40:52,4.0,3.72 G
2019-06-09 23:40:54,4.0,3.72 G
2019-06-09 23:40:56,5.0,3.72 G
2019-06-09 23:40:58,6.0,3.72 G
2019-06-09 23:41:00,6.0,3.72 G
2019-06-09 23:41:02,6.0,3.72 G
2019-06-09 23:41:04,9.0,3.72 G
2019-06-09 23:41:06,5.0,3.72 G
2019-06-09 23:41:08,9.0,3.72 G
2019-06-09 23:41:10,8.0,3.72 G
2019-06-09 23:41:12,3.0,3.72 G
2019-06-09 23:41:14,6.0,3.72 G
2019-06-09 23:41:16,6.0,3.72 G
2019-06-09 23:41:18,6.0,3.72 G
2019-06-09 23:41:20,6.0,3.72 G
2019-06-09 23:41:22,6.0,3.72 G
2019-06-09 23:41:24,4.0,3.72 G
2019-06-09 23:41:26,4.0,3.72 G
2019-06-09 23:41:28,5.0,3.72 G
2019-06-09 23:41:30,3.0,3.72 G
2019-06-09 23:41:32,4.0,3.72 G
2019-06-09 23:41:34,5.0,3.72 G
2019-06-09 23:41:37,5.0,3.72 G
2019-06-09 23:41:39,6.0,3.72 G
2019-06-09 23:41:41,6.0,3.72 G
2019-06-09 23:41:43,6.0,3.72 G
2019-06-09 23:41:45,3.0,3.72 G
2019-06-09 23:41:47,1.0,3.72 G
2019-06-09 23:41:49,4.0,3.72 G
2019-06-09 23:41:51,8.0,3.72 G
2019-06-09 23:41:53,9.0,3.72 G
2019-06-09 23:41:55,5.0,3.72 G
2019-06-09 23:41:57,7.0,3.72 G
2019-06-09 23:41:59,6.0,3.72 G
2019-06-09 23:42:01,5.0,3.72 G
2019-06-09 23:42:03,5.0,3.72 G
2019-06-09 23:42:05,4.0,3.72 G
2019-06-09 23:42:07,3.0,3.72 G
2019-06-09 23:42:09,6.0,3.72 G
2019-06-09 23:42:11,4.0,3.72 G
2019-06-09 23:42:13,4.0,3.72 G
2019-06-09 23:42:15,3.0,3.72 G
2019-06-09 23:42:17,3.0,3.72 G
2019-06-09 23:42:19,4.0,3.72 G
2019-06-09 23:42:21,4.0,3.72 G
2019-06-09 23:42:23,8.0,3.72 G
2019-06-09 23:42:25,8.0,3.72 G
2019-06-09 23:42:27,9.0,3.72 G
2019-06-09 23:42:29,8.0,3.72 G
2019-06-09 23:42:31,9.0,3.72 G
2019-06-09 23:42:33,8.0,3.72 G
2019-06-09 23:42:35,9.0,3.72 G
2019-06-09 23:42:37,8.0,3.72 G
2019-06-09 23:42:39,7.0,3.72 G
2019-06-09 23:42:41,8.0,3.72 G
2019-06-09 23:42:43,4.0,3.72 G
2019-06-09 23:42:45,4.0,3.72 G
2019-06-09 23:42:47,7.0,3.72 G
2019-06-09 23:42:49,6.0,3.72 G
2019-06-09 23:42:51,6.0,3.72 G
2019-06-09 23:42:53,7.0,3.72 G
2019-06-09 23:42:55,3.0,3.72 G
2019-06-09 23:42:57,107.9,3.72 G
2019-06-09 23:42:59,737.4,3.72 G
2019-06-09 23:43:01,760.3,3.72 G
2019-06-09 23:43:03,757.5,3.72 G
2019-06-09 23:43:05,754.5,3.72 G
2019-06-09 23:43:07,753.4,3.72 G
2019-06-09 23:43:09,80.9,3.70 G
2019-06-09 23:43:11,6.0,3.70 G
2019-06-09 23:43:13,3.0,3.70 G
2019-06-09 23:43:15,7.0,3.70 G
2019-06-09 23:43:17,8.0,3.70 G
2019-06-09 23:43:19,6.0,3.70 G
2019-06-09 23:43:21,5.0,3.70 G
2019-06-09 23:43:23,5.0,3.70 G
2019-06-09 23:43:25,9.0,3.70 G
2019-06-09 23:43:27,8.0,3.70 G
2019-06-09 23:43:29,4.0,3.70 G
2019-06-09 23:43:31,7.0,3.70 G
2019-06-09 23:43:33,7.0,3.70 G
2019-06-09 23:43:35,7.0,3.70 G
2019-06-09 23:43:37,5.0,3.70 G
2019-06-09 23:43:39,8.0,3.70 G
2019-06-09 23:43:41,5.0,3.70 G
2019-06-09 23:43:43,9.0,3.70 G
2019-06-09 23:43:45,7.0,3.70 G
2019-06-09 23:43:47,8.0,3.70 G
2019-06-09 23:43:49,7.0,3.70 G
2019-06-09 23:43:51,8.0,3.70 G
2019-06-09 23:43:53,7.0,3.70 G
2019-06-09 23:43:55,7.0,3.70 G
2019-06-09 23:43:57,8.0,3.70 G
2019-06-09 23:43:59,9.0,3.70 G
2019-06-09 23:44:01,6.0,3.70 G
2019-06-09 23:44:03,8.0,3.70 G
2019-06-09 23:44:05,8.0,3.70 G
2019-06-09 23:44:07,3.0,3.70 G
2019-06-09 23:44:09,8.0,3.70 G
2019-06-09 23:44:11,7.0,3.70 G
2019-06-09 23:44:13,4.0,3.70 G
2019-06-09 23:44:15,7.0,3.70 G
2019-06-09 23:44:17,6.0,3.70 G
2019-06-09 23:44:19,5.0,3.70 G
2019-06-09 23:44:21,7.0,3.70 G
2019-06-09 23:44:23,3.0,3.70 G
2019-06-09 23:44:25,7.0,3.70 G
2019-06-09 23:44:27,3.0,3.70 G
2019-06-09 23:44:29,7.0,3.70 G
2019-06-09 23:44:31,8.0,3.70 G
2019-06-09 23:44:33,8.0,3.70 G
2019-06-09 23:44:35,9.0,3.70 G
2019-06-09 23:44:37,6.0,3.70 G
2019-06-09 23:44:40,6.0,3.70 G
2019-06-09 23:44:42,8.0,3.70 G
2019-06-09 23:44:44,5.0,3.70 G
2019-06-09 23:44:46,5.0,3.70 G
2019-06-09 23:44:48,7.0,3.70 G
2019-06-09 23:44:50,646.5,3.72 G
2019-06-09 23:44:52,758.5,3.72 G
2019-06-09 23:44:54,756.2,3.72 G
2019-06-09 23:44:56,3.0,3.70 G
2019-06-09 23:44:58,5.0,3.70 G
2019-06-09 23:45:00,9.0,3.70 G
2019-06-09 23:45:02,6.0,3.70 G
2019-06-09 23:45:04,4.0,3.70 G
2019-06-09 23:45:06,9.0,3.70 G
2019-06-09 23:45:08,9.0,3.70 G
2019-06-09 23:45:10,8.0,3.70 G
2019-06-09 23:45:12,6.0,3.70 G
2019-06-09 23:45:14,6.0,3.70 G
2019-06-09 23:45:16,5.0,3.70 G
2019-06-09 23:45:18,8.0,3.70 G
2019-06-09 23:45:20,9.0,3.70 G
2019-06-09 23:45:22,9.0,3.70 G
2019-06-09 23:45:24,5.0,3.70 G
2019-06-09 23:45:26,8.0,3.70 G
2019-06-09 23:45:28,9.0,3.70 G
2019-06-09 23:45:30,8.0,3.70 G
2019-06-09 23:45:32,9.0,3.70 G
2019-06-09 23:45:34,8.0,3.70 G
2019-06-09 23:45:36,9.0,3.70 G
2019-06-09 23:45:38,8.0,3.70 G
2019-06-09 23:45:40,7.0,3.70 G
2019-06-09 23:45:42,8.0,3.70 G
2019-06-09 23:45:44,5.0,3.70 G
2019-06-09 23:45:46,7.0,3.70 G
2019-06-09 23:45:48,466.5,3.75 G
2019-06-09 23:45:50,763.5,3.75 G
2019-06-09 23:45:52,764.4,3.74 G
2019-06-09 23:45:54,9.0,3.73 G
2019-06-09 23:45:56,7.0,3.73 G
2019-06-09 23:45:58,5.0,3.74 G
2019-06-09 23:46:00,7.0,3.74 G
2019-06-09 23:46:02,4.0,3.74 G
2019-06-09 23:46:04,3.0,3.74 G
2019-06-09 23:46:06,4.0,3.74 G
2019-06-09 23:46:08,3.0,3.74 G
2019-06-09 23:46:10,2.0,3.74 G
2019-06-09 23:46:12,3.0,3.74 G
2019-06-09 23:46:14,2.0,3.74 G
2019-06-09 23:46:16,3.0,3.74 G
2019-06-09 23:46:18,9.0,3.74 G
2019-06-09 23:46:20,6.0,3.74 G
2019-06-09 23:46:22,7.0,3.74 G
2019-06-09 23:46:24,6.0,3.74 G
2019-06-09 23:46:26,5.0,3.74 G
2019-06-09 23:46:28,4.0,3.74 G
2019-06-09 23:46:30,5.0,3.74 G
2019-06-09 23:46:32,4.0,3.74 G
2019-06-09 23:46:34,4.0,3.74 G
2019-06-09 23:46:36,4.0,3.74 G
2019-06-09 23:46:38,6.0,3.74 G
2019-06-09 23:46:40,5.0,3.74 G
2019-06-09 23:46:42,5.0,3.74 G
2019-06-09 23:46:44,4.0,3.74 G
2019-06-09 23:46:46,7.0,3.74 G
2019-06-09 23:46:48,5.0,3.74 G
2019-06-09 23:46:50,7.0,3.74 G
2019-06-09 23:46:52,6.0,3.74 G
2019-06-09 23:46:54,36.0,3.74 G
2019-06-09 23:46:56,38.0,3.74 G
2019-06-09 23:46:58,34.0,3.74 G
2019-06-09 23:47:00,33.0,3.74 G
2019-06-09 23:47:02,39.9,3.74 G
2019-06-09 23:47:04,116.9,3.74 G
2019-06-09 23:47:06,764.5,3.74 G
2019-06-09 23:47:08,761.4,3.74 G
2019-06-09 23:47:10,454.5,3.70 G
2019-06-09 23:47:12,3.0,3.70 G
2019-06-09 23:47:14,6.0,3.70 G
2019-06-09 23:47:16,760.6,3.71 G
2019-06-09 23:47:18,761.8,3.71 G
2019-06-09 23:47:20,439.5,3.71 G
2019-06-09 23:47:22,8.0,3.71 G
2019-06-09 23:47:24,9.0,3.71 G
2019-06-09 23:47:26,5.0,3.71 G
2019-06-09 23:47:28,8.0,3.71 G
2019-06-09 23:47:30,9.0,3.71 G
2019-06-09 23:47:32,9.0,3.71 G
2019-06-09 23:47:34,8.0,3.71 G
2019-06-09 23:47:36,10.0,3.71 G
2019-06-09 23:47:38,758.3,3.72 G
2019-06-09 23:47:41,758.3,3.72 G
2019-06-09 23:47:43,518.4,3.71 G
2019-06-09 23:47:45,6.0,3.71 G
2019-06-09 23:47:47,2.0,3.71 G
2019-06-09 23:47:49,3.0,3.71 G
2019-06-09 23:47:51,7.0,3.71 G
2019-06-09 23:47:53,6.0,3.71 G
2019-06-09 23:47:55,7.0,3.71 G
2019-06-09 23:47:57,7.0,3.71 G
2019-06-09 23:47:59,6.0,3.71 G
2019-06-09 23:48:01,7.0,3.71 G
2019-06-09 23:48:03,4.0,3.71 G
2019-06-09 23:48:05,7.0,3.71 G
2019-06-09 23:48:07,8.0,3.71 G
2019-06-09 23:48:09,8.0,3.71 G
2019-06-09 23:48:11,8.0,3.71 G
2019-06-09 23:48:13,5.0,3.71 G
2019-06-09 23:48:15,5.0,3.71 G
2019-06-09 23:48:17,8.0,3.71 G
2019-06-09 23:48:19,7.0,3.71 G
2019-06-09 23:48:21,9.0,3.71 G
2019-06-09 23:48:23,8.0,3.71 G
2019-06-09 23:48:25,9.0,3.71 G
2019-06-09 23:48:27,9.0,3.71 G
2019-06-09 23:48:29,5.0,3.71 G
2019-06-09 23:48:31,5.0,3.71 G
2019-06-09 23:48:33,8.0,3.71 G
2019-06-09 23:48:35,1.0,3.71 G
2019-06-09 23:48:37,2.0,3.71 G
2019-06-09 23:48:39,9.0,3.71 G
2019-06-09 23:48:41,6.0,3.71 G
2019-06-09 23:48:43,7.0,3.71 G
2019-06-09 23:48:45,8.0,3.71 G
2019-06-09 23:48:47,4.0,3.71 G
2019-06-09 23:48:49,7.0,3.71 G
2019-06-09 23:48:51,8.0,3.71 G
2019-06-09 23:48:53,8.0,3.71 G
2019-06-09 23:48:55,8.0,3.71 G
2019-06-09 23:48:57,9.0,3.71 G
2019-06-09 23:48:59,5.0,3.71 G
2019-06-09 23:49:01,7.0,3.71 G
2019-06-09 23:49:03,11.0,3.72 G
2019-06-09 23:49:05,7.0,3.72 G
2019-06-09 23:49:07,7.0,3.72 G
2019-06-09 23:49:09,7.0,3.72 G
2019-06-09 23:49:11,6.0,3.72 G
2019-06-09 23:49:13,8.0,3.72 G
2019-06-09 23:49:15,7.0,3.72 G
2019-06-09 23:49:17,6.0,3.72 G
2019-06-09 23:49:19,6.0,3.72 G
2019-06-09 23:49:21,8.0,3.72 G
2019-06-09 23:49:23,356.7,3.84 G
2019-06-09 23:49:25,765.5,3.83 G
2019-06-09 23:49:27,765.6,3.83 G
2019-06-09 23:49:29,756.5,3.79 G
2019-06-09 23:49:31,757.3,3.78 G
2019-06-09 23:49:33,759.5,3.75 G
2019-06-09 23:49:35,7.0,3.70 G
2019-06-09 23:49:37,6.0,3.70 G
2019-06-09 23:49:39,5.0,3.70 G
2019-06-09 23:49:41,8.0,3.70 G
2019-06-09 23:49:43,6.0,3.70 G
2019-06-09 23:49:45,8.0,3.70 G
2019-06-09 23:49:47,8.0,3.70 G
2019-06-09 23:49:49,4.0,3.70 G
2019-06-09 23:49:51,7.0,3.70 G
2019-06-09 23:49:53,4.0,3.70 G
2019-06-09 23:49:55,9.0,3.70 G
2019-06-09 23:49:57,9.0,3.70 G
2019-06-09 23:49:59,8.0,3.70 G
2019-06-09 23:50:01,7.0,3.70 G
2019-06-09 23:50:03,8.0,3.70 G
2019-06-09 23:50:05,745.5,3.73 G
2019-06-09 23:50:07,763.5,3.73 G
2019-06-09 23:50:09,747.9,3.72 G
2019-06-09 23:50:11,3.0,3.70 G
2019-06-09 23:50:13,4.0,3.70 G
2019-06-09 23:50:15,40.0,3.70 G
2019-06-09 23:50:17,44.0,3.70 G
2019-06-09 23:50:19,42.9,3.70 G
2019-06-09 23:50:21,49.0,3.70 G
2019-06-09 23:50:23,47.9,3.70 G
2019-06-09 23:50:25,45.0,3.70 G
2019-06-09 23:50:27,49.9,3.70 G
2019-06-09 23:50:29,48.0,3.70 G
2019-06-09 23:50:31,48.9,3.70 G
2019-06-09 23:50:33,45.9,3.70 G
2019-06-09 23:50:35,48.9,3.70 G
2019-06-09 23:50:37,37.0,3.70 G
2019-06-09 23:50:40,36.0,3.70 G
2019-06-09 23:50:42,41.0,3.70 G
2019-06-09 23:50:44,44.0,3.70 G
2019-06-09 23:50:46,38.0,3.70 G
2019-06-09 23:50:48,47.9,3.70 G
2019-06-09 23:50:50,469.9,3.71 G
2019-06-09 23:50:52,764.2,3.71 G
2019-06-09 23:50:54,764.3,3.71 G
2019-06-09 23:50:56,766.4,3.71 G
2019-06-09 23:50:58,7.0,3.71 G
2019-06-09 23:51:00,7.0,3.71 G
2019-06-09 23:51:02,7.0,3.71 G
2019-06-09 23:51:04,5.0,3.71 G
2019-06-09 23:51:06,8.0,3.71 G
2019-06-09 23:51:08,8.0,3.71 G
2019-06-09 23:51:10,9.0,3.71 G
2019-06-09 23:51:12,8.0,3.71 G
2019-06-09 23:51:14,7.0,3.71 G
2019-06-09 23:51:16,6.0,3.71 G
2019-06-09 23:51:18,7.0,3.71 G
2019-06-09 23:51:20,9.0,3.71 G
2019-06-09 23:51:22,5.0,3.71 G
2019-06-09 23:51:24,8.0,3.71 G
2019-06-09 23:51:26,6.0,3.71 G
2019-06-09 23:51:28,6.0,3.71 G
2019-06-09 23:51:30,6.0,3.71 G
2019-06-09 23:51:32,7.0,3.71 G
2019-06-09 23:51:34,6.0,3.71 G
2019-06-09 23:51:36,4.0,3.71 G
2019-06-09 23:51:38,6.0,3.71 G
2019-06-09 23:51:40,8.0,3.71 G
2019-06-09 23:51:42,6.0,3.71 G
2019-06-09 23:51:44,5.0,3.71 G
2019-06-09 23:51:46,4.0,3.71 G
2019-06-09 23:51:48,5.0,3.71 G
2019-06-09 23:51:50,7.0,3.71 G
2019-06-09 23:51:52,6.0,3.71 G
2019-06-09 23:51:54,6.0,3.71 G
2019-06-09 23:51:56,5.0,3.71 G
2019-06-09 23:51:58,7.0,3.71 G
2019-06-09 23:52:00,3.0,3.71 G
2019-06-09 23:52:02,4.0,3.71 G
2019-06-09 23:52:04,4.0,3.71 G
2019-06-09 23:52:06,5.0,3.71 G
2019-06-09 23:52:08,3.0,3.71 G
2019-06-09 23:52:10,3.0,3.71 G
2019-06-09 23:52:12,4.0,3.71 G
2019-06-09 23:52:14,3.0,3.71 G
2019-06-09 23:52:16,4.0,3.71 G
2019-06-09 23:52:18,3.0,3.71 G
2019-06-09 23:52:20,3.0,3.71 G
2019-06-09 23:52:22,3.0,3.71 G
2019-06-09 23:52:24,6.0,3.71 G
2019-06-09 23:52:26,4.0,3.71 G
2019-06-09 23:52:28,5.0,3.71 G
2019-06-09 23:52:30,4.0,3.71 G
2019-06-09 23:52:32,5.0,3.71 G
2019-06-09 23:52:34,4.0,3.71 G
2019-06-09 23:52:36,8.0,3.72 G
2019-06-09 23:52:38,7.0,3.72 G
2019-06-09 23:52:40,6.0,3.73 G
2019-06-09 23:52:42,518.6,3.73 G
2019-06-09 23:52:44,757.5,3.73 G
2019-06-09 23:52:46,756.4,3.73 G
2019-06-09 23:52:48,3.0,3.71 G
2019-06-09 23:52:50,5.0,3.71 G
2019-06-09 23:52:52,6.0,3.71 G
2019-06-09 23:52:54,8.0,3.71 G
2019-06-09 23:52:56,8.0,3.71 G
2019-06-09 23:52:58,6.0,3.71 G
2019-06-09 23:53:00,6.0,3.71 G
2019-06-09 23:53:02,7.0,3.71 G
2019-06-09 23:53:04,3.0,3.71 G
2019-06-09 23:53:06,6.0,3.71 G
2019-06-09 23:53:08,5.0,3.71 G
2019-06-09 23:53:10,3.0,3.71 G
2019-06-09 23:53:12,6.0,3.71 G
2019-06-09 23:53:14,5.0,3.71 G
2019-06-09 23:53:16,3.0,3.71 G
2019-06-09 23:53:18,5.0,3.71 G
2019-06-09 23:53:20,5.0,3.71 G
2019-06-09 23:53:22,4.0,3.71 G
2019-06-09 23:53:24,6.0,3.71 G
2019-06-09 23:53:26,5.0,3.71 G
2019-06-09 23:53:28,7.0,3.71 G
2019-06-09 23:53:30,4.0,3.71 G
2019-06-09 23:53:32,4.0,3.71 G
2019-06-09 23:53:34,5.0,3.71 G
2019-06-09 23:53:36,3.0,3.71 G
2019-06-09 23:53:38,4.0,3.71 G
2019-06-09 23:53:40,4.0,3.71 G
2019-06-09 23:53:42,3.0,3.71 G
2019-06-09 23:53:44,5.0,3.71 G
2019-06-09 23:53:46,2.0,3.71 G
2019-06-09 23:53:48,5.0,3.71 G
2019-06-09 23:53:50,6.0,3.71 G
2019-06-09 23:53:53,5.0,3.71 G
2019-06-09 23:53:55,5.0,3.71 G
2019-06-09 23:53:57,6.0,3.71 G
2019-06-09 23:53:59,3.0,3.71 G
2019-06-09 23:54:01,5.0,3.71 G
2019-06-09 23:54:03,4.0,3.71 G
2019-06-09 23:54:05,4.0,3.71 G
2019-06-09 23:54:07,8.0,3.71 G
2019-06-09 23:54:09,5.0,3.71 G
2019-06-09 23:54:11,6.0,3.71 G
2019-06-09 23:54:13,3.0,3.71 G
2019-06-09 23:54:15,3.0,3.71 G
2019-06-09 23:54:17,3.0,3.71 G
2019-06-09 23:54:19,5.0,3.71 G
2019-06-09 23:54:21,5.0,3.71 G
2019-06-09 23:54:23,6.0,3.71 G
2019-06-09 23:54:25,4.0,3.71 G
2019-06-09 23:54:27,5.0,3.71 G
2019-06-09 23:54:29,6.0,3.71 G
2019-06-09 23:54:31,5.0,3.71 G
2019-06-09 23:54:33,7.0,3.71 G
2019-06-09 23:54:35,6.0,3.71 G
2019-06-09 23:54:37,9.0,3.71 G
2019-06-09 23:54:39,8.0,3.71 G
2019-06-09 23:54:41,9.0,3.71 G
2019-06-09 23:54:43,5.0,3.71 G
2019-06-09 23:54:45,7.0,3.71 G
2019-06-09 23:54:47,8.0,3.71 G
2019-06-09 23:54:49,3.0,3.71 G
2019-06-09 23:54:51,2.0,3.71 G
2019-06-09 23:54:53,3.0,3.71 G
2019-06-09 23:54:55,4.0,3.71 G
2019-06-09 23:54:57,4.0,3.71 G
2019-06-09 23:54:59,4.0,3.71 G
2019-06-09 23:55:01,4.0,3.71 G
2019-06-09 23:55:03,6.0,3.71 G
2019-06-09 23:55:05,7.0,3.71 G
2019-06-09 23:55:07,9.0,3.71 G
2019-06-09 23:55:09,9.0,3.71 G
2019-06-09 23:55:11,7.0,3.71 G
2019-06-09 23:55:13,9.0,3.71 G
2019-06-09 23:55:15,5.0,3.71 G
2019-06-09 23:55:17,6.0,3.71 G
2019-06-09 23:55:19,6.0,3.71 G
2019-06-09 23:55:21,5.0,3.71 G
2019-06-09 23:55:23,7.0,3.71 G
2019-06-09 23:55:25,8.0,3.71 G
2019-06-09 23:55:27,7.0,3.71 G
2019-06-09 23:55:29,9.0,3.71 G
2019-06-09 23:55:31,8.0,3.71 G
2019-06-09 23:55:33,8.0,3.71 G
2019-06-09 23:55:35,8.0,3.71 G
2019-06-09 23:55:37,7.0,3.71 G
2019-06-09 23:55:39,6.0,3.71 G
2019-06-09 23:55:41,4.0,3.71 G
2019-06-09 23:55:43,7.0,3.71 G
2019-06-09 23:55:45,7.0,3.71 G
2019-06-09 23:55:47,8.0,3.71 G
2019-06-09 23:55:49,8.0,3.71 G
2019-06-09 23:55:51,6.0,3.71 G
2019-06-09 23:55:53,6.0,3.71 G
2019-06-09 23:55:55,10.0,3.71 G
2019-06-09 23:55:57,5.0,3.71 G
2019-06-09 23:55:59,4.0,3.71 G
2019-06-09 23:56:01,5.0,3.71 G
2019-06-09 23:56:03,4.0,3.71 G
2019-06-09 23:56:05,8.0,3.71 G
2019-06-09 23:56:07,6.0,3.71 G
2019-06-09 23:56:09,5.0,3.71 G
2019-06-09 23:56:11,6.0,3.71 G
2019-06-09 23:56:13,7.0,3.71 G
2019-06-09 23:56:15,6.0,3.71 G
2019-06-09 23:56:17,8.0,3.71 G
2019-06-09 23:56:19,5.0,3.73 G
2019-06-09 23:56:21,5.0,3.73 G
2019-06-09 23:56:23,7.0,3.73 G
2019-06-09 23:56:25,5.0,3.73 G
2019-06-09 23:56:27,5.0,3.73 G
2019-06-09 23:56:29,5.0,3.73 G
2019-06-09 23:56:31,5.0,3.73 G
2019-06-09 23:56:33,7.0,3.73 G
2019-06-09 23:56:35,8.0,3.73 G
2019-06-09 23:56:37,4.0,3.73 G
2019-06-09 23:56:39,759.4,3.90 G
2019-06-09 23:56:41,749.4,3.89 G
2019-06-09 23:56:43,755.4,3.84 G
2019-06-09 23:56:45,757.5,3.84 G
2019-06-09 23:56:47,753.5,3.84 G
2019-06-09 23:56:50,752.5,3.84 G
2019-06-09 23:56:52,757.5,3.84 G
2019-06-09 23:56:54,764.5,3.84 G
2019-06-09 23:56:56,4.0,3.71 G
2019-06-09 23:56:58,4.0,3.71 G
2019-06-09 23:57:00,5.0,3.71 G
2019-06-09 23:57:02,3.0,3.71 G
2019-06-09 23:57:04,5.0,3.71 G
2019-06-09 23:57:06,6.0,3.71 G
2019-06-09 23:57:08,6.0,3.71 G
2019-06-09 23:57:10,7.0,3.71 G
2019-06-09 23:57:12,7.0,3.71 G
2019-06-09 23:57:14,6.0,3.71 G
2019-06-09 23:57:16,4.0,3.71 G
2019-06-09 23:57:18,9.0,3.71 G
2019-06-09 23:57:20,8.0,3.71 G
2019-06-09 23:57:22,7.0,3.71 G
2019-06-09 23:57:24,6.0,3.71 G
2019-06-09 23:57:26,8.0,3.71 G
2019-06-09 23:57:28,9.0,3.71 G
2019-06-09 23:57:30,8.0,3.71 G
2019-06-09 23:57:32,8.0,3.71 G
2019-06-09 23:57:34,6.0,3.71 G
2019-06-09 23:57:36,5.0,3.71 G
2019-06-09 23:57:38,4.0,3.71 G
2019-06-09 23:57:40,4.0,3.71 G
2019-06-09 23:57:42,6.0,3.71 G
2019-06-09 23:57:44,9.0,3.71 G
2019-06-09 23:57:46,9.0,3.71 G
2019-06-09 23:57:48,8.0,3.71 G
2019-06-09 23:57:50,5.0,3.71 G
2019-06-09 23:57:52,10.0,3.71 G
2019-06-09 23:57:54,9.0,3.71 G
2019-06-09 23:57:56,8.0,3.71 G
2019-06-09 23:57:58,8.0,3.71 G
2019-06-09 23:58:00,9.0,3.71 G
2019-06-09 23:58:02,8.0,3.71 G
2019-06-09 23:58:04,644.3,3.72 G
2019-06-09 23:58:06,756.5,3.72 G
2019-06-09 23:58:08,758.3,3.71 G
2019-06-09 23:58:10,4.0,3.71 G
2019-06-09 23:58:12,5.0,3.71 G
2019-06-09 23:58:14,6.0,3.71 G
2019-06-09 23:58:16,4.0,3.71 G
2019-06-09 23:58:18,6.0,3.71 G
2019-06-09 23:58:20,8.0,3.71 G
2019-06-09 23:58:22,7.0,3.71 G
2019-06-09 23:58:24,7.0,3.71 G
2019-06-09 23:58:26,6.0,3.71 G
2019-06-09 23:58:28,6.0,3.71 G
2019-06-09 23:58:30,8.0,3.71 G
2019-06-09 23:58:32,6.0,3.71 G
2019-06-09 23:58:34,8.0,3.71 G
2019-06-09 23:58:36,3.0,3.71 G
2019-06-09 23:58:38,4.0,3.71 G
2019-06-09 23:58:40,8.0,3.71 G
2019-06-09 23:58:42,8.0,3.71 G
2019-06-09 23:58:44,7.0,3.71 G
2019-06-09 23:58:46,7.0,3.71 G
2019-06-09 23:58:48,7.0,3.71 G
2019-06-09 23:58:50,6.0,3.71 G
2019-06-09 23:58:52,3.0,3.71 G
2019-06-09 23:58:54,5.0,3.71 G
2019-06-09 23:58:56,5.0,3.71 G
2019-06-09 23:58:58,3.0,3.71 G
2019-06-09 23:59:00,4.0,3.71 G
2019-06-09 23:59:02,7.0,3.71 G
2019-06-09 23:59:04,5.0,3.71 G
2019-06-09 23:59:06,7.0,3.71 G
2019-06-09 23:59:08,8.0,3.71 G
2019-06-09 23:59:10,9.0,3.71 G
2019-06-09 23:59:12,9.0,3.71 G
2019-06-09 23:59:14,5.0,3.71 G
2019-06-09 23:59:16,8.0,3.71 G
2019-06-09 23:59:18,6.0,3.71 G
2019-06-09 23:59:20,8.0,3.71 G
2019-06-09 23:59:22,8.0,3.71 G
2019-06-09 23:59:24,6.0,3.71 G
2019-06-09 23:59:26,8.0,3.71 G
2019-06-09 23:59:28,7.0,3.71 G
2019-06-09 23:59:30,7.0,3.71 G
2019-06-09 23:59:32,6.0,3.71 G
2019-06-09 23:59:34,4.0,3.71 G
2019-06-09 23:59:36,7.0,3.71 G
2019-06-09 23:59:38,4.0,3.71 G
2019-06-09 23:59:40,2.0,3.71 G
2019-06-09 23:59:42,4.0,3.71 G
2019-06-09 23:59:44,4.0,3.71 G
2019-06-09 23:59:47,4.0,3.71 G
2019-06-09 23:59:49,3.0,3.71 G
2019-06-09 23:59:51,3.0,3.71 G
2019-06-09 23:59:53,2.0,3.71 G
2019-06-09 23:59:55,2.0,3.71 G
2019-06-09 23:59:57,2.0,3.71 G
2019-06-09 23:59:59,3.0,3.71 G
2019-06-10 00:00:01,4.0,3.71 G
2019-06-10 00:00:03,4.0,3.71 G
2019-06-10 00:00:05,3.0,3.71 G
2019-06-10 00:00:07,5.0,3.71 G
2019-06-10 00:00:09,4.0,3.71 G
2019-06-10 00:00:11,7.0,3.71 G
2019-06-10 00:00:13,4.0,3.71 G
2019-06-10 00:00:15,7.0,3.71 G
2019-06-10 00:00:17,6.0,3.71 G
2019-06-10 00:00:19,6.0,3.71 G
2019-06-10 00:00:21,7.0,3.71 G
2019-06-10 00:00:23,7.0,3.71 G
2019-06-10 00:00:25,6.0,3.71 G
2019-06-10 00:00:27,7.0,3.71 G
2019-06-10 00:00:29,7.0,3.71 G
2019-06-10 00:00:31,4.0,3.71 G
2019-06-10 00:00:33,6.0,3.71 G
2019-06-10 00:00:35,7.0,3.71 G
2019-06-10 00:00:37,7.0,3.71 G
2019-06-10 00:00:39,5.0,3.71 G
2019-06-10 00:00:41,8.0,3.71 G
2019-06-10 00:00:43,4.0,3.71 G
2019-06-10 00:00:45,4.0,3.71 G
2019-06-10 00:00:47,6.0,3.72 G
2019-06-10 00:00:49,5.0,3.72 G
2019-06-10 00:00:51,6.0,3.72 G
2019-06-10 00:00:53,7.0,3.72 G
2019-06-10 00:00:55,6.0,3.72 G
2019-06-10 00:00:57,5.0,3.72 G
2019-06-10 00:00:59,8.0,3.72 G
2019-06-10 00:01:01,4.0,3.73 G
2019-06-10 00:01:03,6.0,3.75 G
2019-06-10 00:01:05,5.0,3.76 G
2019-06-10 00:01:07,6.0,3.77 G
2019-06-10 00:01:09,4.0,3.78 G
2019-06-10 00:01:11,4.0,3.78 G
2019-06-10 00:01:13,7.0,3.79 G
2019-06-10 00:01:15,6.0,3.80 G
2019-06-10 00:01:17,6.0,3.81 G
2019-06-10 00:01:19,5.0,3.82 G
2019-06-10 00:01:21,7.0,3.83 G
2019-06-10 00:01:23,6.0,3.83 G
2019-06-10 00:01:25,6.0,3.84 G
2019-06-10 00:01:27,7.0,3.84 G
2019-06-10 00:01:29,5.0,3.85 G
2019-06-10 00:01:31,12.0,3.86 G
2019-06-10 00:01:33,6.0,3.86 G
2019-06-10 00:01:35,5.0,3.87 G
2019-06-10 00:01:37,6.0,3.87 G
2019-06-10 00:01:39,6.0,3.88 G
2019-06-10 00:01:41,7.0,3.88 G
2019-06-10 00:01:43,5.0,3.88 G
2019-06-10 00:01:45,5.0,3.89 G
2019-06-10 00:01:47,21.0,3.90 G
2019-06-10 00:01:49,56.9,3.92 G
2019-06-10 00:01:51,45.9,3.93 G
2019-06-10 00:01:53,41.0,3.94 G
2019-06-10 00:01:55,37.0,3.95 G
2019-06-10 00:01:57,72.0,3.95 G
2019-06-10 00:01:59,38.0,3.96 G
2019-06-10 00:02:01,52.9,3.96 G
2019-06-10 00:02:03,727.8,3.96 G
2019-06-10 00:02:05,761.6,3.96 G
2019-06-10 00:02:07,756.4,3.96 G
2019-06-10 00:02:09,763.4,3.96 G
2019-06-10 00:02:11,764.6,3.96 G
2019-06-10 00:02:13,765.7,3.94 G
2019-06-10 00:02:15,5.0,3.70 G
2019-06-10 00:02:17,8.0,3.70 G
2019-06-10 00:02:19,7.0,3.70 G
2019-06-10 00:02:21,8.0,3.70 G
2019-06-10 00:02:23,8.0,3.70 G
2019-06-10 00:02:25,9.0,3.70 G
2019-06-10 00:02:27,7.0,3.70 G
2019-06-10 00:02:29,3.0,3.70 G
2019-06-10 00:02:31,7.0,3.70 G
2019-06-10 00:02:33,7.0,3.70 G
2019-06-10 00:02:35,6.0,3.70 G
2019-06-10 00:02:37,6.0,3.70 G
2019-06-10 00:02:39,7.0,3.70 G
2019-06-10 00:02:41,4.0,3.70 G
2019-06-10 00:02:44,5.0,3.70 G
2019-06-10 00:02:46,5.0,3.70 G
2019-06-10 00:02:48,5.0,3.70 G
2019-06-10 00:02:50,7.0,3.70 G
2019-06-10 00:02:52,5.0,3.70 G
2019-06-10 00:02:54,5.0,3.70 G
2019-06-10 00:02:56,8.0,3.70 G
2019-06-10 00:02:58,7.0,3.70 G
2019-06-10 00:03:00,3.0,3.70 G
2019-06-10 00:03:02,4.0,3.70 G
2019-06-10 00:03:04,7.0,3.70 G
2019-06-10 00:03:06,7.0,3.70 G
2019-06-10 00:03:08,3.0,3.70 G
2019-06-10 00:03:10,7.0,3.70 G
2019-06-10 00:03:12,7.0,3.70 G
2019-06-10 00:03:14,6.0,3.70 G
2019-06-10 00:03:16,5.0,3.70 G
2019-06-10 00:03:18,3.0,3.70 G
2019-06-10 00:03:20,4.0,3.70 G
2019-06-10 00:03:22,3.0,3.70 G
2019-06-10 00:03:24,2.0,3.70 G
2019-06-10 00:03:26,4.0,3.70 G
2019-06-10 00:03:28,3.0,3.70 G
2019-06-10 00:03:30,7.0,3.70 G
2019-06-10 00:03:32,6.0,3.70 G
2019-06-10 00:03:34,9.0,3.70 G
2019-06-10 00:03:36,9.0,3.70 G
2019-06-10 00:03:38,7.0,3.70 G
2019-06-10 00:03:40,6.0,3.70 G
2019-06-10 00:03:42,7.0,3.70 G
2019-06-10 00:03:44,6.0,3.70 G
2019-06-10 00:03:46,7.0,3.70 G
2019-06-10 00:03:48,0.0,3.70 G
2019-06-10 00:03:50,2.0,3.70 G
2019-06-10 00:03:52,3.0,3.70 G
2019-06-10 00:03:54,7.0,3.70 G
2019-06-10 00:03:56,8.0,3.70 G
2019-06-10 00:03:58,8.0,3.70 G
2019-06-10 00:04:00,7.0,3.70 G
2019-06-10 00:04:02,8.0,3.70 G
2019-06-10 00:04:04,6.0,3.70 G
2019-06-10 00:04:06,6.0,3.70 G
2019-06-10 00:04:08,7.0,3.70 G
2019-06-10 00:04:10,6.0,3.70 G
2019-06-10 00:04:12,6.0,3.70 G
2019-06-10 00:04:14,5.0,3.70 G
2019-06-10 00:04:16,5.0,3.70 G
2019-06-10 00:04:18,4.0,3.70 G
2019-06-10 00:04:20,5.0,3.70 G
2019-06-10 00:04:22,5.0,3.70 G
2019-06-10 00:04:24,4.0,3.70 G
2019-06-10 00:04:26,4.0,3.70 G
2019-06-10 00:04:28,7.0,3.70 G
2019-06-10 00:04:30,6.0,3.70 G
2019-06-10 00:04:32,4.0,3.70 G
2019-06-10 00:04:34,5.0,3.70 G
2019-06-10 00:04:36,8.0,3.70 G
2019-06-10 00:04:38,8.0,3.70 G
2019-06-10 00:04:40,8.0,3.70 G
2019-06-10 00:04:42,7.0,3.70 G
2019-06-10 00:04:44,7.0,3.70 G
2019-06-10 00:04:46,8.0,3.70 G
2019-06-10 00:04:48,9.0,3.70 G
2019-06-10 00:04:50,8.0,3.70 G
2019-06-10 00:04:52,8.0,3.70 G
2019-06-10 00:04:54,5.0,3.70 G
2019-06-10 00:04:56,8.0,3.70 G
2019-06-10 00:04:58,5.0,3.70 G
2019-06-10 00:05:00,5.0,3.70 G
2019-06-10 00:05:02,3.0,3.70 G
2019-06-10 00:05:04,4.0,3.70 G
2019-06-10 00:05:06,2.0,3.70 G
2019-06-10 00:05:08,3.0,3.70 G
2019-06-10 00:05:10,4.0,3.70 G
2019-06-10 00:05:12,5.0,3.70 G
2019-06-10 00:05:14,9.0,3.70 G
2019-06-10 00:05:16,12.0,3.70 G
2019-06-10 00:05:18,4.0,3.70 G
2019-06-10 00:05:20,4.0,3.71 G
2019-06-10 00:05:22,5.0,3.71 G
2019-06-10 00:05:24,6.0,3.71 G
2019-06-10 00:05:26,7.0,3.71 G
2019-06-10 00:05:28,11.0,3.71 G
2019-06-10 00:05:30,13.0,3.71 G
2019-06-10 00:05:32,6.0,3.71 G
2019-06-10 00:05:34,7.0,3.72 G
2019-06-10 00:05:36,7.0,3.72 G
2019-06-10 00:05:38,5.0,3.72 G
2019-06-10 00:05:40,3.0,3.72 G
2019-06-10 00:05:42,3.0,3.72 G
2019-06-10 00:05:45,3.0,3.72 G
2019-06-10 00:05:47,3.0,3.72 G
2019-06-10 00:05:49,7.0,3.72 G
2019-06-10 00:05:51,6.0,3.72 G
2019-06-10 00:05:53,4.0,3.72 G
2019-06-10 00:05:55,4.0,3.72 G
2019-06-10 00:05:57,4.0,3.73 G
2019-06-10 00:05:59,4.0,3.73 G
2019-06-10 00:06:01,5.0,3.73 G
2019-06-10 00:06:03,5.0,3.73 G
2019-06-10 00:06:05,5.0,3.73 G
2019-06-10 00:06:07,4.0,3.73 G
2019-06-10 00:06:09,5.0,3.73 G
2019-06-10 00:06:11,2.0,3.73 G
2019-06-10 00:06:13,4.0,3.73 G
2019-06-10 00:06:15,5.0,3.73 G
2019-06-10 00:06:17,4.0,3.73 G
2019-06-10 00:06:19,4.0,3.73 G
2019-06-10 00:06:21,3.0,3.73 G
2019-06-10 00:06:23,3.0,3.73 G
2019-06-10 00:06:25,3.0,3.73 G
2019-06-10 00:06:27,4.0,3.73 G
2019-06-10 00:06:29,4.0,3.73 G
2019-06-10 00:06:31,7.0,3.73 G
2019-06-10 00:06:33,5.0,3.73 G
2019-06-10 00:06:35,3.0,3.73 G
2019-06-10 00:06:37,3.0,3.73 G
2019-06-10 00:06:39,4.0,3.73 G
2019-06-10 00:06:41,4.0,3.74 G
2019-06-10 00:06:43,5.0,3.74 G
2019-06-10 00:06:45,5.0,3.74 G
2019-06-10 00:06:47,6.0,3.74 G
2019-06-10 00:06:49,5.0,3.74 G
2019-06-10 00:06:51,6.0,3.74 G
2019-06-10 00:06:53,5.0,3.74 G
2019-06-10 00:06:55,5.0,3.74 G
2019-06-10 00:06:57,4.0,3.74 G
2019-06-10 00:06:59,5.0,3.74 G
2019-06-10 00:07:01,7.0,3.75 G
2019-06-10 00:07:03,4.0,3.75 G
2019-06-10 00:07:05,4.0,3.75 G
2019-06-10 00:07:07,4.0,3.75 G
2019-06-10 00:07:09,6.0,3.75 G
2019-06-10 00:07:11,4.0,3.75 G
2019-06-10 00:07:13,6.0,3.75 G
2019-06-10 00:07:15,751.3,3.75 G
2019-06-10 00:07:17,756.5,3.75 G
2019-06-10 00:07:19,742.2,3.75 G
2019-06-10 00:07:21,2.0,3.75 G
2019-06-10 00:07:23,2.0,3.75 G
2019-06-10 00:07:25,7.0,3.75 G
2019-06-10 00:07:27,4.0,3.75 G
2019-06-10 00:07:29,13.0,3.76 G
2019-06-10 00:07:31,763.4,3.74 G
2019-06-10 00:07:33,760.5,3.74 G
2019-06-10 00:07:35,437.5,3.71 G
2019-06-10 00:07:37,5.0,3.71 G
2019-06-10 00:07:39,6.0,3.71 G
2019-06-10 00:07:41,7.0,3.71 G
2019-06-10 00:07:43,7.0,3.71 G
2019-06-10 00:07:45,7.0,3.71 G
2019-06-10 00:07:47,5.0,3.71 G
2019-06-10 00:07:49,9.0,3.71 G
2019-06-10 00:07:51,8.0,3.71 G
2019-06-10 00:07:53,7.0,3.71 G
2019-06-10 00:07:55,8.0,3.71 G
2019-06-10 00:07:57,7.0,3.71 G
2019-06-10 00:07:59,8.0,3.71 G
2019-06-10 00:08:01,7.0,3.71 G
2019-06-10 00:08:03,7.0,3.71 G
2019-06-10 00:08:05,9.0,3.71 G
2019-06-10 00:08:07,9.0,3.71 G
2019-06-10 00:08:09,8.0,3.71 G
2019-06-10 00:08:11,9.0,3.71 G
2019-06-10 00:08:13,4.0,3.71 G
2019-06-10 00:08:15,9.0,3.71 G
2019-06-10 00:08:17,9.0,3.71 G
2019-06-10 00:08:19,5.0,3.71 G
2019-06-10 00:08:21,6.0,3.71 G
2019-06-10 00:08:23,5.0,3.71 G
2019-06-10 00:08:25,8.0,3.71 G
2019-06-10 00:08:27,8.0,3.71 G
2019-06-10 00:08:29,9.0,3.71 G
2019-06-10 00:08:31,8.0,3.71 G
2019-06-10 00:08:33,7.0,3.71 G
2019-06-10 00:08:35,4.0,3.71 G
2019-06-10 00:08:37,8.0,3.71 G
2019-06-10 00:08:40,8.0,3.71 G
2019-06-10 00:08:42,7.0,3.71 G
2019-06-10 00:08:44,9.0,3.71 G
2019-06-10 00:08:46,9.0,3.71 G
2019-06-10 00:08:48,6.0,3.71 G
2019-06-10 00:08:50,9.0,3.71 G
2019-06-10 00:08:52,6.0,3.71 G
2019-06-10 00:08:54,9.0,3.71 G
2019-06-10 00:08:56,9.0,3.71 G
2019-06-10 00:08:58,7.0,3.71 G
2019-06-10 00:09:00,4.0,3.71 G
2019-06-10 00:09:02,9.0,3.71 G
2019-06-10 00:09:04,8.0,3.71 G
2019-06-10 00:09:06,36.0,3.71 G
2019-06-10 00:09:08,37.0,3.72 G
2019-06-10 00:09:10,41.0,3.73 G
2019-06-10 00:09:12,41.9,3.73 G
2019-06-10 00:09:14,43.9,3.74 G
2019-06-10 00:09:16,42.9,3.75 G
2019-06-10 00:09:18,44.0,3.75 G
2019-06-10 00:09:20,49.9,3.76 G
2019-06-10 00:09:22,42.0,3.77 G
2019-06-10 00:09:24,86.9,3.77 G
2019-06-10 00:09:26,47.9,3.78 G
2019-06-10 00:09:28,49.9,3.78 G
2019-06-10 00:09:30,43.0,3.79 G
2019-06-10 00:09:32,45.9,3.79 G
2019-06-10 00:09:34,49.9,3.80 G
2019-06-10 00:09:36,50.9,3.80 G
2019-06-10 00:09:38,49.9,3.81 G
2019-06-10 00:09:40,47.9,3.81 G
2019-06-10 00:09:42,42.9,3.82 G
2019-06-10 00:09:44,49.9,3.82 G
2019-06-10 00:09:46,52.0,3.82 G
2019-06-10 00:09:48,38.0,3.83 G
2019-06-10 00:09:50,41.9,3.83 G
2019-06-10 00:09:52,50.9,3.83 G
2019-06-10 00:09:54,50.9,3.84 G
2019-06-10 00:09:56,36.0,3.84 G
2019-06-10 00:09:58,85.9,3.85 G
2019-06-10 00:10:00,46.9,3.85 G
2019-06-10 00:10:02,44.9,3.86 G
2019-06-10 00:10:04,48.0,3.86 G
2019-06-10 00:10:06,44.9,3.86 G
2019-06-10 00:10:08,49.9,3.86 G
2019-06-10 00:10:10,45.0,3.86 G
2019-06-10 00:10:12,39.0,3.87 G
2019-06-10 00:10:14,55.3,3.87 G
2019-06-10 00:10:16,47.0,3.87 G
2019-06-10 00:10:18,44.0,3.87 G
2019-06-10 00:10:20,46.9,3.87 G
2019-06-10 00:10:22,9.0,3.87 G
2019-06-10 00:10:24,3.0,3.87 G
2019-06-10 00:10:26,17.0,3.87 G
2019-06-10 00:10:28,14.0,3.87 G
2019-06-10 00:10:30,19.0,3.87 G
2019-06-10 00:10:32,21.0,3.87 G
2019-06-10 00:10:34,34.0,3.87 G
2019-06-10 00:10:36,27.0,3.87 G
2019-06-10 00:10:38,18.0,3.87 G
2019-06-10 00:10:40,15.0,3.87 G
2019-06-10 00:10:42,9.0,3.87 G
2019-06-10 00:10:44,8.0,3.87 G
2019-06-10 00:10:46,9.0,3.87 G
2019-06-10 00:10:48,18.0,3.87 G
2019-06-10 00:10:50,28.0,3.87 G
2019-06-10 00:10:52,103.9,3.87 G
2019-06-10 00:10:54,24.0,3.87 G
2019-06-10 00:10:56,44.9,3.87 G
2019-06-10 00:10:58,41.9,3.87 G
2019-06-10 00:11:00,42.0,3.88 G
2019-06-10 00:11:02,27.0,3.88 G
2019-06-10 00:11:04,31.0,3.88 G
2019-06-10 00:11:06,33.0,3.88 G
2019-06-10 00:11:08,36.0,3.88 G
2019-06-10 00:11:10,35.0,3.88 G
2019-06-10 00:11:12,33.0,3.88 G
2019-06-10 00:11:14,36.0,3.88 G
2019-06-10 00:11:16,30.0,3.88 G
2019-06-10 00:11:18,13.0,3.88 G
2019-06-10 00:11:20,8.0,3.88 G
2019-06-10 00:11:22,6.0,3.88 G
2019-06-10 00:11:24,4.0,3.88 G
2019-06-10 00:11:26,3.0,3.88 G
2019-06-10 00:11:28,4.0,3.88 G
2019-06-10 00:11:30,3.0,3.88 G
2019-06-10 00:11:32,2.0,3.88 G
2019-06-10 00:11:34,2.0,3.88 G
2019-06-10 00:11:37,3.0,3.88 G
2019-06-10 00:11:39,4.0,3.88 G
2019-06-10 00:11:41,3.0,3.88 G
2019-06-10 00:11:43,3.0,3.88 G
2019-06-10 00:11:45,2.0,3.88 G
2019-06-10 00:11:47,12.0,3.88 G
2019-06-10 00:11:49,17.0,3.88 G
2019-06-10 00:11:51,22.0,3.88 G
2019-06-10 00:11:53,18.0,3.88 G
2019-06-10 00:11:55,16.0,3.88 G
2019-06-10 00:11:57,28.0,3.88 G
2019-06-10 00:11:59,4.0,3.88 G
2019-06-10 00:12:01,2.0,3.88 G
2019-06-10 00:12:03,8.0,3.88 G
2019-06-10 00:12:05,3.0,3.88 G
2019-06-10 00:12:07,2.0,3.88 G
2019-06-10 00:12:09,3.0,3.88 G
2019-06-10 00:12:11,2.0,3.88 G
2019-06-10 00:12:13,4.0,3.88 G
2019-06-10 00:12:15,2.0,3.88 G
2019-06-10 00:12:17,3.0,3.88 G
2019-06-10 00:12:19,26.0,3.88 G
2019-06-10 00:12:21,32.0,3.88 G
2019-06-10 00:12:23,30.0,3.88 G
2019-06-10 00:12:25,26.0,3.88 G
2019-06-10 00:12:27,28.0,3.88 G
2019-06-10 00:12:29,29.0,3.88 G
2019-06-10 00:12:31,29.0,3.88 G
2019-06-10 00:12:33,91.9,3.88 G
2019-06-10 00:12:35,30.0,3.88 G
2019-06-10 00:12:37,591.7,3.89 G
2019-06-10 00:12:39,772.6,3.87 G
2019-06-10 00:12:41,770.3,3.87 G
2019-06-10 00:12:43,769.4,3.87 G
2019-06-10 00:12:45,769.5,3.84 G
2019-06-10 00:12:47,6.0,3.83 G
2019-06-10 00:12:49,7.0,3.83 G
2019-06-10 00:12:51,9.0,3.83 G
2019-06-10 00:12:53,9.0,3.83 G
2019-06-10 00:12:55,5.0,3.83 G
2019-06-10 00:12:57,8.0,3.83 G
2019-06-10 00:12:59,9.0,3.83 G
2019-06-10 00:13:01,9.0,3.83 G
2019-06-10 00:13:03,7.0,3.83 G
2019-06-10 00:13:05,5.0,3.83 G
2019-06-10 00:13:07,4.0,3.83 G
2019-06-10 00:13:09,4.0,3.83 G
2019-06-10 00:13:11,9.0,3.83 G
2019-06-10 00:13:13,8.0,3.83 G
2019-06-10 00:13:15,9.0,3.84 G
2019-06-10 00:13:17,3.0,3.84 G
2019-06-10 00:13:19,2.0,3.84 G
2019-06-10 00:13:21,2.0,3.84 G
2019-06-10 00:13:23,2.0,3.84 G
2019-06-10 00:13:25,2.0,3.84 G
2019-06-10 00:13:27,2.0,3.84 G
2019-06-10 00:13:29,1.0,3.84 G
2019-06-10 00:13:31,2.0,3.84 G
2019-06-10 00:13:33,1.0,3.84 G
2019-06-10 00:13:35,2.0,3.84 G
2019-06-10 00:13:37,1.0,3.84 G
2019-06-10 00:13:39,1.0,3.84 G
2019-06-10 00:13:41,2.0,3.84 G
2019-06-10 00:13:43,48.9,3.86 G
2019-06-10 00:13:45,48.9,3.87 G
2019-06-10 00:13:47,49.9,3.87 G
2019-06-10 00:13:49,50.0,3.88 G
2019-06-10 00:13:51,48.0,3.88 G
2019-06-10 00:13:53,50.9,3.89 G
2019-06-10 00:13:55,47.9,3.89 G
2019-06-10 00:13:57,44.0,3.89 G
2019-06-10 00:13:59,43.0,3.89 G
2019-06-10 00:14:01,42.0,3.89 G
2019-06-10 00:14:03,50.0,3.89 G
2019-06-10 00:14:05,49.0,3.89 G
2019-06-10 00:14:07,48.9,3.89 G
2019-06-10 00:14:09,48.9,3.89 G
2019-06-10 00:14:11,38.0,3.89 G
2019-06-10 00:14:13,10.0,3.89 G
2019-06-10 00:14:15,27.0,3.89 G
2019-06-10 00:14:17,45.0,3.89 G
2019-06-10 00:14:19,42.0,3.89 G
2019-06-10 00:14:21,44.9,3.89 G
2019-06-10 00:14:23,45.0,3.89 G
2019-06-10 00:14:25,39.0,3.89 G
2019-06-10 00:14:27,39.0,3.89 G
2019-06-10 00:14:29,41.9,3.89 G
2019-06-10 00:14:31,40.0,3.89 G
2019-06-10 00:14:33,47.9,3.89 G
2019-06-10 00:14:35,32.0,3.89 G
2019-06-10 00:14:37,38.0,3.89 G
2019-06-10 00:14:39,65.0,3.89 G
2019-06-10 00:14:42,53.0,3.89 G
2019-06-10 00:14:44,51.9,3.89 G
2019-06-10 00:14:46,48.9,3.89 G
2019-06-10 00:14:48,49.9,3.89 G
2019-06-10 00:14:50,47.0,3.89 G
2019-06-10 00:14:52,49.0,3.89 G
2019-06-10 00:14:54,72.9,3.89 G
2019-06-10 00:14:56,45.9,3.89 G
2019-06-10 00:14:58,41.9,3.89 G
2019-06-10 00:15:00,19.0,3.89 G
2019-06-10 00:15:02,26.0,3.89 G
2019-06-10 00:15:04,28.0,3.89 G
2019-06-10 00:15:06,35.0,3.89 G
2019-06-10 00:15:08,35.0,3.89 G
2019-06-10 00:15:10,47.9,3.89 G
2019-06-10 00:15:12,78.9,3.89 G
2019-06-10 00:15:14,45.9,3.89 G
2019-06-10 00:15:16,41.9,3.89 G
2019-06-10 00:15:18,37.0,3.89 G
2019-06-10 00:15:20,45.9,3.89 G
2019-06-10 00:15:22,49.9,3.89 G
2019-06-10 00:15:24,40.0,3.89 G
2019-06-10 00:15:26,41.0,3.89 G
2019-06-10 00:15:28,21.0,3.89 G
2019-06-10 00:15:30,44.0,3.89 G
2019-06-10 00:15:32,42.9,3.89 G
2019-06-10 00:15:34,46.0,3.89 G
2019-06-10 00:15:36,23.0,3.89 G
2019-06-10 00:15:38,22.0,3.89 G
2019-06-10 00:15:40,37.0,3.89 G
2019-06-10 00:15:42,43.0,3.89 G
2019-06-10 00:15:44,41.0,3.89 G
2019-06-10 00:15:46,46.0,3.89 G
2019-06-10 00:15:48,40.0,3.89 G
2019-06-10 00:15:50,46.9,3.89 G
2019-06-10 00:15:52,44.0,3.89 G
2019-06-10 00:15:54,39.0,3.89 G
2019-06-10 00:15:56,38.0,3.89 G
2019-06-10 00:15:58,50.9,3.89 G
2019-06-10 00:16:00,44.9,3.89 G
2019-06-10 00:16:02,50.9,3.89 G
2019-06-10 00:16:04,37.0,3.89 G
2019-06-10 00:16:06,43.0,3.89 G
2019-06-10 00:16:08,42.0,3.89 G
2019-06-10 00:16:10,44.0,3.89 G
2019-06-10 00:16:12,78.0,3.89 G
2019-06-10 00:16:14,52.9,3.89 G
2019-06-10 00:16:16,53.0,3.89 G
2019-06-10 00:16:18,43.9,3.89 G
2019-06-10 00:16:20,47.9,3.89 G
2019-06-10 00:16:22,52.9,3.89 G
2019-06-10 00:16:24,51.0,3.89 G
2019-06-10 00:16:26,39.0,3.89 G
2019-06-10 00:16:28,46.9,3.89 G
2019-06-10 00:16:30,46.9,3.89 G
2019-06-10 00:16:32,54.0,3.89 G
2019-06-10 00:16:34,53.9,3.89 G
2019-06-10 00:16:36,36.0,3.89 G
2019-06-10 00:16:38,75.9,3.89 G
2019-06-10 00:16:40,51.9,3.89 G
2019-06-10 00:16:42,43.0,3.89 G
2019-06-10 00:16:44,48.9,3.89 G
2019-06-10 00:16:46,48.0,3.89 G
2019-06-10 00:16:48,38.0,3.89 G
2019-06-10 00:16:50,41.0,3.89 G
2019-06-10 00:16:52,44.0,3.89 G
2019-06-10 00:16:54,41.0,3.89 G
2019-06-10 00:16:56,50.9,3.89 G
2019-06-10 00:16:58,54.0,3.89 G
2019-06-10 00:17:00,45.0,3.89 G
2019-06-10 00:17:02,33.0,3.89 G
2019-06-10 00:17:04,73.9,3.89 G
2019-06-10 00:17:06,50.9,3.89 G
2019-06-10 00:17:08,52.0,3.89 G
2019-06-10 00:17:10,44.9,3.89 G
2019-06-10 00:17:12,49.9,3.89 G
2019-06-10 00:17:14,41.0,3.89 G
2019-06-10 00:17:16,41.0,3.89 G
2019-06-10 00:17:18,43.0,3.89 G
2019-06-10 00:17:20,38.0,3.89 G
2019-06-10 00:17:22,29.0,3.89 G
2019-06-10 00:17:24,53.0,3.89 G
2019-06-10 00:17:26,51.9,3.89 G
2019-06-10 00:17:28,52.9,3.89 G
2019-06-10 00:17:30,752.5,3.81 G
2019-06-10 00:17:32,763.6,3.80 G
2019-06-10 00:17:34,763.5,3.75 G
2019-06-10 00:17:36,3.0,3.61 G
2019-06-10 00:17:38,4.0,3.61 G
2019-06-10 00:17:40,6.0,3.61 G
2019-06-10 00:17:42,4.0,3.61 G
2019-06-10 00:17:44,4.0,3.61 G
2019-06-10 00:17:46,5.0,3.61 G
2019-06-10 00:17:48,2.0,3.61 G
2019-06-10 00:17:50,5.0,3.61 G
2019-06-10 00:17:52,3.0,3.61 G
2019-06-10 00:17:55,4.0,3.61 G
2019-06-10 00:17:57,6.0,3.61 G
2019-06-10 00:17:59,4.0,3.61 G
2019-06-10 00:18:01,6.0,3.61 G
2019-06-10 00:18:03,2.0,3.61 G
2019-06-10 00:18:05,3.0,3.61 G
2019-06-10 00:18:07,5.0,3.61 G
2019-06-10 00:18:09,4.0,3.61 G
2019-06-10 00:18:11,4.0,3.61 G
2019-06-10 00:18:13,6.0,3.61 G
2019-06-10 00:18:15,8.0,3.61 G
2019-06-10 00:18:17,5.0,3.61 G
2019-06-10 00:18:19,6.0,3.61 G
2019-06-10 00:18:21,6.0,3.61 G
2019-06-10 00:18:23,6.0,3.61 G
2019-06-10 00:18:25,6.0,3.61 G
2019-06-10 00:18:27,8.0,3.61 G
2019-06-10 00:18:29,5.0,3.61 G
2019-06-10 00:18:31,4.0,3.61 G
2019-06-10 00:18:33,4.0,3.61 G
2019-06-10 00:18:35,5.0,3.61 G
2019-06-10 00:18:37,5.0,3.61 G
2019-06-10 00:18:39,7.0,3.61 G
2019-06-10 00:18:41,8.0,3.61 G
2019-06-10 00:18:43,8.0,3.61 G
2019-06-10 00:18:45,7.0,3.61 G
2019-06-10 00:18:47,4.0,3.61 G
2019-06-10 00:18:49,4.0,3.61 G
2019-06-10 00:18:51,6.0,3.61 G
2019-06-10 00:18:53,8.0,3.61 G
2019-06-10 00:18:55,3.0,3.61 G
2019-06-10 00:18:57,5.0,3.61 G
2019-06-10 00:18:59,6.0,3.61 G
2019-06-10 00:19:01,5.0,3.61 G
2019-06-10 00:19:03,3.0,3.61 G
2019-06-10 00:19:05,4.0,3.61 G
2019-06-10 00:19:07,5.0,3.61 G
2019-06-10 00:19:09,5.0,3.61 G
2019-06-10 00:19:11,6.0,3.61 G
2019-06-10 00:19:13,4.0,3.61 G
2019-06-10 00:19:15,8.0,3.61 G
2019-06-10 00:19:17,3.0,3.61 G
2019-06-10 00:19:19,5.0,3.61 G
2019-06-10 00:19:21,6.0,3.61 G
2019-06-10 00:19:23,7.0,3.61 G
2019-06-10 00:19:25,7.0,3.61 G
2019-06-10 00:19:27,713.6,3.69 G
2019-06-10 00:19:29,755.4,3.65 G
2019-06-10 00:19:31,762.5,3.54 G
2019-06-10 00:19:33,9.0,3.49 G
2019-06-10 00:19:35,7.0,3.49 G
2019-06-10 00:19:37,8.0,3.49 G
2019-06-10 00:19:39,5.0,3.49 G
2019-06-10 00:19:41,7.0,3.49 G
2019-06-10 00:19:43,9.0,3.49 G
2019-06-10 00:19:45,7.0,3.49 G
2019-06-10 00:19:47,7.0,3.49 G
2019-06-10 00:19:49,7.0,3.49 G
2019-06-10 00:19:51,7.0,3.49 G
2019-06-10 00:19:53,6.0,3.49 G
2019-06-10 00:19:55,6.0,3.49 G
2019-06-10 00:19:57,8.0,3.49 G
2019-06-10 00:19:59,8.0,3.49 G
2019-06-10 00:20:01,4.0,3.49 G
2019-06-10 00:20:03,7.0,3.49 G
2019-06-10 00:20:05,8.0,3.49 G
2019-06-10 00:20:07,3.0,3.49 G
2019-06-10 00:20:09,7.0,3.49 G
2019-06-10 00:20:11,4.0,3.49 G
2019-06-10 00:20:13,6.0,3.49 G
2019-06-10 00:20:15,8.0,3.49 G
2019-06-10 00:20:17,7.0,3.49 G
2019-06-10 00:20:19,6.0,3.49 G
2019-06-10 00:20:21,7.0,3.49 G
2019-06-10 00:20:23,8.0,3.49 G
2019-06-10 00:20:25,8.0,3.49 G
2019-06-10 00:20:27,6.0,3.49 G
2019-06-10 00:20:29,4.0,3.49 G
2019-06-10 00:20:31,6.0,3.49 G
2019-06-10 00:20:33,6.0,3.49 G
2019-06-10 00:20:35,8.0,3.49 G
2019-06-10 00:20:37,8.0,3.49 G
2019-06-10 00:20:39,7.0,3.49 G
2019-06-10 00:20:41,8.0,3.49 G
2019-06-10 00:20:43,8.0,3.49 G
2019-06-10 00:20:45,7.0,3.49 G
2019-06-10 00:20:47,4.0,3.49 G
2019-06-10 00:20:49,6.0,3.49 G
2019-06-10 00:20:51,6.0,3.49 G
2019-06-10 00:20:54,7.0,3.49 G
2019-06-10 00:20:56,7.0,3.49 G
2019-06-10 00:20:58,6.0,3.49 G
2019-06-10 00:21:00,3.0,3.49 G
2019-06-10 00:21:02,8.0,3.49 G
2019-06-10 00:21:04,9.0,3.49 G
2019-06-10 00:21:06,750.7,3.48 G
2019-06-10 00:21:08,763.5,3.45 G
2019-06-10 00:21:10,760.3,3.43 G
2019-06-10 00:21:12,11.0,3.43 G
2019-06-10 00:21:14,8.0,3.43 G
2019-06-10 00:21:16,5.0,3.43 G
2019-06-10 00:21:18,8.0,3.43 G
2019-06-10 00:21:20,9.0,3.43 G
2019-06-10 00:21:22,4.0,3.43 G
2019-06-10 00:21:24,4.0,3.43 G
2019-06-10 00:21:26,9.0,3.43 G
2019-06-10 00:21:28,6.0,3.43 G
2019-06-10 00:21:30,9.0,3.43 G
2019-06-10 00:21:32,8.0,3.43 G
2019-06-10 00:21:34,7.0,3.43 G
2019-06-10 00:21:36,8.0,3.43 G
2019-06-10 00:21:38,8.0,3.43 G
2019-06-10 00:21:40,9.0,3.43 G
2019-06-10 00:21:42,7.0,3.43 G
2019-06-10 00:21:44,8.0,3.43 G
2019-06-10 00:21:46,5.0,3.43 G
2019-06-10 00:21:48,6.0,3.43 G
2019-06-10 00:21:50,8.0,3.43 G
2019-06-10 00:21:52,8.0,3.43 G
2019-06-10 00:21:54,5.0,3.43 G
2019-06-10 00:21:56,9.0,3.43 G
2019-06-10 00:21:58,6.0,3.43 G
2019-06-10 00:22:00,9.0,3.43 G
2019-06-10 00:22:02,8.0,3.43 G
2019-06-10 00:22:04,4.0,3.43 G
2019-06-10 00:22:06,6.0,3.43 G
2019-06-10 00:22:08,9.0,3.43 G
2019-06-10 00:22:10,7.0,3.43 G
2019-06-10 00:22:12,8.0,3.43 G
2019-06-10 00:22:14,8.0,3.43 G
2019-06-10 00:22:16,8.0,3.43 G
2019-06-10 00:22:18,8.0,3.43 G
2019-06-10 00:22:20,8.0,3.43 G
2019-06-10 00:22:22,8.0,3.43 G
2019-06-10 00:22:24,8.0,3.43 G
2019-06-10 00:22:26,9.0,3.43 G
2019-06-10 00:22:28,6.0,3.43 G
2019-06-10 00:22:30,9.0,3.43 G
2019-06-10 00:22:32,4.0,3.43 G
2019-06-10 00:22:34,3.0,3.43 G
2019-06-10 00:22:36,8.0,3.43 G
2019-06-10 00:22:38,9.0,3.43 G
2019-06-10 00:22:40,7.0,3.43 G
2019-06-10 00:22:42,9.0,3.43 G
2019-06-10 00:22:44,9.0,3.43 G
2019-06-10 00:22:46,9.0,3.43 G
2019-06-10 00:22:48,6.0,3.43 G
2019-06-10 00:22:50,6.0,3.43 G
2019-06-10 00:22:52,7.0,3.43 G
2019-06-10 00:22:54,5.0,3.43 G
2019-06-10 00:22:56,6.0,3.43 G
2019-06-10 00:22:58,8.0,3.43 G
2019-06-10 00:23:00,7.0,3.43 G
2019-06-10 00:23:02,8.0,3.43 G
2019-06-10 00:23:04,9.0,3.43 G
2019-06-10 00:23:06,8.0,3.43 G
2019-06-10 00:23:08,8.0,3.43 G
2019-06-10 00:23:10,9.0,3.43 G
2019-06-10 00:23:12,9.0,3.43 G
2019-06-10 00:23:14,9.0,3.43 G
2019-06-10 00:23:16,8.0,3.43 G
2019-06-10 00:23:18,7.0,3.43 G
2019-06-10 00:23:20,4.0,3.43 G
2019-06-10 00:23:22,9.0,3.43 G
2019-06-10 00:23:24,7.0,3.43 G
2019-06-10 00:23:26,8.0,3.43 G
2019-06-10 00:23:28,3.0,3.43 G
2019-06-10 00:23:30,49.9,3.43 G
2019-06-10 00:23:32,105.9,3.45 G
2019-06-10 00:23:34,105.9,3.50 G
2019-06-10 00:23:36,105.9,3.55 G
2019-06-10 00:23:38,107.9,3.61 G
2019-06-10 00:23:40,101.9,3.63 G
2019-06-10 00:23:42,105.9,3.65 G
2019-06-10 00:23:44,101.9,3.68 G
2019-06-10 00:23:46,101.9,3.70 G
2019-06-10 00:23:48,100.9,3.71 G
2019-06-10 00:23:50,103.9,3.72 G
2019-06-10 00:23:52,100.9,3.73 G
2019-06-10 00:23:54,101.9,3.74 G
2019-06-10 00:23:56,101.9,3.74 G
2019-06-10 00:23:58,100.9,3.75 G
2019-06-10 00:24:00,101.9,3.75 G
2019-06-10 00:24:02,100.9,3.75 G
2019-06-10 00:24:04,101.0,3.76 G
2019-06-10 00:24:06,100.9,3.76 G
2019-06-10 00:24:08,99.9,3.77 G
2019-06-10 00:24:10,100.9,3.77 G
2019-06-10 00:24:12,101.9,3.77 G
2019-06-10 00:24:14,101.0,3.77 G
2019-06-10 00:24:16,101.9,3.77 G
2019-06-10 00:24:18,101.9,3.78 G
2019-06-10 00:24:21,100.9,3.78 G
2019-06-10 00:24:23,101.9,3.78 G
2019-06-10 00:24:25,100.9,3.79 G
2019-06-10 00:24:27,762.5,3.79 G
2019-06-10 00:24:29,764.4,3.79 G
2019-06-10 00:24:31,765.4,3.79 G
2019-06-10 00:24:33,7.0,3.72 G
2019-06-10 00:24:35,8.0,3.72 G
2019-06-10 00:24:37,7.0,3.72 G
2019-06-10 00:24:39,8.0,3.72 G
2019-06-10 00:24:41,8.0,3.72 G
2019-06-10 00:24:43,7.0,3.72 G
2019-06-10 00:24:45,7.0,3.72 G
2019-06-10 00:24:47,7.0,3.72 G
2019-06-10 00:24:49,8.0,3.72 G
2019-06-10 00:24:51,8.0,3.72 G
2019-06-10 00:24:53,8.0,3.72 G
2019-06-10 00:24:55,8.0,3.72 G
2019-06-10 00:24:57,8.0,3.72 G
2019-06-10 00:24:59,7.0,3.72 G
2019-06-10 00:25:01,9.0,3.72 G
2019-06-10 00:25:03,10.0,3.72 G
2019-06-10 00:25:05,6.0,3.72 G
2019-06-10 00:25:07,7.0,3.72 G
2019-06-10 00:25:09,8.0,3.72 G
2019-06-10 00:25:11,7.0,3.72 G
2019-06-10 00:25:13,8.0,3.72 G
2019-06-10 00:25:15,8.0,3.72 G
2019-06-10 00:25:17,7.0,3.72 G
2019-06-10 00:25:19,8.0,3.72 G
2019-06-10 00:25:21,8.0,3.72 G
2019-06-10 00:25:23,6.0,3.72 G
2019-06-10 00:25:25,8.0,3.72 G
2019-06-10 00:25:27,8.0,3.72 G
2019-06-10 00:25:29,6.0,3.72 G
2019-06-10 00:25:31,4.0,3.72 G
2019-06-10 00:25:33,5.0,3.72 G
2019-06-10 00:25:35,104.9,3.72 G
2019-06-10 00:25:37,104.0,3.73 G
2019-06-10 00:25:39,103.9,3.73 G
2019-06-10 00:25:41,102.9,3.73 G
2019-06-10 00:25:43,102.0,3.73 G
2019-06-10 00:25:45,100.9,3.73 G
2019-06-10 00:25:47,101.0,3.73 G
2019-06-10 00:25:49,101.9,3.74 G
2019-06-10 00:25:51,102.9,3.74 G
2019-06-10 00:25:53,100.9,3.74 G
2019-06-10 00:25:55,102.9,3.74 G
2019-06-10 00:25:57,101.9,3.74 G
2019-06-10 00:25:59,102.9,3.75 G
2019-06-10 00:26:01,102.9,3.75 G
2019-06-10 00:26:03,101.9,3.75 G
2019-06-10 00:26:05,101.9,3.75 G
2019-06-10 00:26:07,101.9,3.75 G
2019-06-10 00:26:09,102.9,3.75 G
2019-06-10 00:26:11,102.9,3.76 G
2019-06-10 00:26:13,105.9,3.76 G
2019-06-10 00:26:15,101.9,3.76 G
2019-06-10 00:26:17,101.9,3.76 G
2019-06-10 00:26:19,100.9,3.77 G
2019-06-10 00:26:21,102.9,3.77 G
2019-06-10 00:26:23,102.9,3.77 G
2019-06-10 00:26:25,101.9,3.77 G
2019-06-10 00:26:27,100.9,3.77 G
2019-06-10 00:26:29,102.9,3.77 G
2019-06-10 00:26:31,102.9,3.78 G
2019-06-10 00:26:33,100.9,3.78 G
2019-06-10 00:26:35,102.9,3.78 G
2019-06-10 00:26:37,101.9,3.78 G
2019-06-10 00:26:39,101.9,3.78 G
2019-06-10 00:26:41,102.9,3.78 G
2019-06-10 00:26:43,759.5,3.78 G
2019-06-10 00:26:45,757.5,3.78 G
2019-06-10 00:26:47,763.4,3.78 G
2019-06-10 00:26:49,7.0,3.73 G
2019-06-10 00:26:51,7.0,3.73 G
2019-06-10 00:26:53,7.0,3.73 G
2019-06-10 00:26:55,6.0,3.73 G
2019-06-10 00:26:57,7.0,3.73 G
2019-06-10 00:26:59,4.0,3.73 G
2019-06-10 00:27:01,7.0,3.73 G
2019-06-10 00:27:03,8.0,3.73 G
2019-06-10 00:27:05,8.0,3.73 G
2019-06-10 00:27:07,5.0,3.73 G
2019-06-10 00:27:09,5.0,3.73 G
2019-06-10 00:27:11,755.4,3.74 G
2019-06-10 00:27:13,757.5,3.74 G
2019-06-10 00:27:15,530.6,3.72 G
2019-06-10 00:27:17,3.0,3.72 G
2019-06-10 00:27:19,3.0,3.72 G
2019-06-10 00:27:21,4.0,3.72 G
2019-06-10 00:27:23,7.0,3.72 G
2019-06-10 00:27:25,6.0,3.72 G
2019-06-10 00:27:27,7.0,3.72 G
2019-06-10 00:27:29,5.0,3.72 G
2019-06-10 00:27:31,7.0,3.72 G
2019-06-10 00:27:33,7.0,3.72 G
2019-06-10 00:27:35,7.0,3.72 G
2019-06-10 00:27:37,7.0,3.72 G
2019-06-10 00:27:39,6.0,3.72 G
2019-06-10 00:27:41,9.0,3.72 G
2019-06-10 00:27:43,6.0,3.72 G
2019-06-10 00:27:45,7.0,3.72 G
2019-06-10 00:27:47,7.0,3.72 G
2019-06-10 00:27:49,7.0,3.72 G
2019-06-10 00:27:51,7.0,3.72 G
2019-06-10 00:27:53,7.0,3.72 G
2019-06-10 00:27:55,8.0,3.72 G
2019-06-10 00:27:58,7.0,3.72 G
2019-06-10 00:28:00,8.0,3.72 G
2019-06-10 00:28:02,4.0,3.72 G
2019-06-10 00:28:04,5.0,3.72 G
2019-06-10 00:28:06,7.0,3.72 G
2019-06-10 00:28:08,8.0,3.72 G
2019-06-10 00:28:10,100.9,3.77 G
2019-06-10 00:28:12,767.9,3.76 G
2019-06-10 00:28:14,764.5,3.76 G
2019-06-10 00:28:16,765.6,3.73 G
2019-06-10 00:28:18,6.0,3.72 G
2019-06-10 00:28:20,9.0,3.72 G
2019-06-10 00:28:22,9.0,3.72 G
2019-06-10 00:28:24,5.0,3.72 G
2019-06-10 00:28:26,4.0,3.72 G
2019-06-10 00:28:28,8.0,3.72 G
2019-06-10 00:28:30,8.0,3.72 G
2019-06-10 00:28:32,9.0,3.72 G
2019-06-10 00:28:34,8.0,3.72 G
2019-06-10 00:28:36,51.0,3.74 G
2019-06-10 00:28:38,757.5,3.75 G
2019-06-10 00:28:40,764.6,3.75 G
2019-06-10 00:28:42,764.9,3.74 G
2019-06-10 00:28:44,752.5,3.74 G
2019-06-10 00:28:46,757.5,3.73 G
2019-06-10 00:28:48,571.6,3.70 G
2019-06-10 00:28:50,7.0,3.70 G
2019-06-10 00:28:52,8.0,3.70 G
2019-06-10 00:28:54,4.0,3.70 G
2019-06-10 00:28:56,4.0,3.70 G
2019-06-10 00:28:58,8.0,3.70 G
2019-06-10 00:29:00,9.0,3.70 G
2019-06-10 00:29:02,4.0,3.70 G
2019-06-10 00:29:04,6.0,3.70 G
2019-06-10 00:29:06,8.0,3.70 G
2019-06-10 00:29:08,5.0,3.70 G
2019-06-10 00:29:10,7.0,3.70 G
2019-06-10 00:29:12,6.0,3.70 G
2019-06-10 00:29:14,7.0,3.70 G
2019-06-10 00:29:16,2.0,3.70 G
2019-06-10 00:29:18,8.0,3.70 G
2019-06-10 00:29:20,7.0,3.70 G
2019-06-10 00:29:22,4.0,3.70 G
2019-06-10 00:29:24,7.0,3.70 G
2019-06-10 00:29:26,8.0,3.70 G
2019-06-10 00:29:28,7.0,3.70 G
2019-06-10 00:29:30,7.0,3.70 G
2019-06-10 00:29:32,9.0,3.70 G
2019-06-10 00:29:34,9.0,3.70 G
2019-06-10 00:29:36,5.0,3.70 G
2019-06-10 00:29:38,8.0,3.70 G
2019-06-10 00:29:40,5.0,3.70 G
2019-06-10 00:29:42,8.0,3.70 G
2019-06-10 00:29:44,6.0,3.70 G
2019-06-10 00:29:46,8.0,3.70 G
2019-06-10 00:29:48,8.0,3.70 G
2019-06-10 00:29:50,6.0,3.70 G
2019-06-10 00:29:52,5.0,3.70 G
2019-06-10 00:29:54,7.0,3.70 G
2019-06-10 00:29:56,7.0,3.70 G
2019-06-10 00:29:58,5.0,3.70 G
2019-06-10 00:30:00,5.0,3.70 G
2019-06-10 00:30:02,757.5,3.77 G
2019-06-10 00:30:04,757.4,3.77 G
2019-06-10 00:30:06,756.5,3.77 G
2019-06-10 00:30:08,2.0,3.72 G
2019-06-10 00:30:10,6.0,3.72 G
2019-06-10 00:30:12,5.0,3.72 G
2019-06-10 00:30:14,5.0,3.72 G
2019-06-10 00:30:16,6.0,3.72 G
2019-06-10 00:30:18,6.0,3.72 G
2019-06-10 00:30:20,5.0,3.72 G
2019-06-10 00:30:22,4.0,3.72 G
2019-06-10 00:30:24,7.0,3.72 G
2019-06-10 00:30:26,7.0,3.72 G
2019-06-10 00:30:28,6.0,3.72 G
2019-06-10 00:30:30,7.0,3.72 G
2019-06-10 00:30:32,5.0,3.72 G
2019-06-10 00:30:34,6.0,3.72 G
2019-06-10 00:30:36,4.0,3.72 G
2019-06-10 00:30:38,5.0,3.72 G
2019-06-10 00:30:40,7.0,3.72 G
2019-06-10 00:30:42,7.0,3.72 G
2019-06-10 00:30:44,8.0,3.72 G
2019-06-10 00:30:46,8.0,3.72 G
2019-06-10 00:30:48,4.0,3.72 G
2019-06-10 00:30:50,3.0,3.72 G
2019-06-10 00:30:52,5.0,3.72 G
2019-06-10 00:30:54,5.0,3.72 G
2019-06-10 00:30:56,8.0,3.72 G
2019-06-10 00:30:59,679.4,3.72 G
2019-06-10 00:31:01,764.6,3.72 G
2019-06-10 00:31:03,762.5,3.72 G
2019-06-10 00:31:05,6.0,3.70 G
2019-06-10 00:31:07,6.0,3.70 G
2019-06-10 00:31:09,34.0,3.70 G
2019-06-10 00:31:11,38.0,3.70 G
2019-06-10 00:31:13,36.0,3.70 G
2019-06-10 00:31:15,44.0,3.70 G
2019-06-10 00:31:17,32.0,3.70 G
2019-06-10 00:31:19,35.0,3.70 G
2019-06-10 00:31:21,32.0,3.70 G
2019-06-10 00:31:23,20.0,3.70 G
2019-06-10 00:31:25,24.0,3.70 G
2019-06-10 00:31:27,22.0,3.70 G
2019-06-10 00:31:29,19.0,3.70 G
2019-06-10 00:31:31,36.0,3.70 G
2019-06-10 00:31:33,30.0,3.70 G
2019-06-10 00:31:35,37.0,3.70 G
2019-06-10 00:31:37,38.0,3.70 G
2019-06-10 00:31:39,38.0,3.70 G
2019-06-10 00:31:41,40.0,3.70 G
2019-06-10 00:31:43,38.0,3.70 G
2019-06-10 00:31:45,32.0,3.70 G
2019-06-10 00:31:47,27.0,3.70 G
2019-06-10 00:31:49,31.0,3.70 G
2019-06-10 00:31:51,39.0,3.70 G
2019-06-10 00:31:53,30.0,3.70 G
2019-06-10 00:31:55,8.0,3.70 G
2019-06-10 00:31:57,44.0,3.70 G
2019-06-10 00:31:59,43.9,3.70 G
2019-06-10 00:32:01,34.0,3.70 G
2019-06-10 00:32:03,40.0,3.70 G
2019-06-10 00:32:05,42.0,3.70 G
2019-06-10 00:32:07,16.0,3.70 G
2019-06-10 00:32:09,22.0,3.70 G
2019-06-10 00:32:11,19.0,3.70 G
2019-06-10 00:32:13,4.0,3.70 G
2019-06-10 00:32:15,9.0,3.70 G
2019-06-10 00:32:17,7.0,3.70 G
2019-06-10 00:32:19,6.0,3.70 G
2019-06-10 00:32:21,8.0,3.70 G
2019-06-10 00:32:23,5.0,3.70 G
2019-06-10 00:32:25,5.0,3.70 G
2019-06-10 00:32:27,4.0,3.70 G
2019-06-10 00:32:29,4.0,3.70 G
2019-06-10 00:32:31,6.0,3.70 G
2019-06-10 00:32:33,8.0,3.70 G
2019-06-10 00:32:35,6.0,3.70 G
2019-06-10 00:32:37,5.0,3.70 G
2019-06-10 00:32:39,4.0,3.70 G
2019-06-10 00:32:41,11.0,3.70 G
2019-06-10 00:32:43,7.0,3.70 G
2019-06-10 00:32:45,5.0,3.70 G
2019-06-10 00:32:47,5.0,3.70 G
2019-06-10 00:32:49,4.0,3.70 G
2019-06-10 00:32:51,10.0,3.70 G
2019-06-10 00:32:53,5.0,3.70 G
2019-06-10 00:32:55,8.0,3.70 G
2019-06-10 00:32:57,5.0,3.70 G
2019-06-10 00:32:59,7.0,3.70 G
2019-06-10 00:33:01,5.0,3.70 G
2019-06-10 00:33:03,5.0,3.70 G
2019-06-10 00:33:05,4.0,3.70 G
2019-06-10 00:33:07,4.0,3.70 G
2019-06-10 00:33:09,5.0,3.70 G
2019-06-10 00:33:11,5.0,3.70 G
2019-06-10 00:33:13,5.0,3.70 G
2019-06-10 00:33:15,4.0,3.70 G
2019-06-10 00:33:17,7.0,3.70 G
2019-06-10 00:33:19,7.0,3.70 G
2019-06-10 00:33:21,5.0,3.70 G
2019-06-10 00:33:23,5.0,3.70 G
2019-06-10 00:33:25,7.0,3.70 G
2019-06-10 00:33:27,4.0,3.70 G
2019-06-10 00:33:29,3.0,3.70 G
2019-06-10 00:33:31,4.0,3.70 G
2019-06-10 00:33:33,4.0,3.70 G
2019-06-10 00:33:35,4.0,3.70 G
2019-06-10 00:33:37,7.0,3.70 G
2019-06-10 00:33:39,4.0,3.70 G
2019-06-10 00:33:41,4.0,3.70 G
2019-06-10 00:33:43,6.0,3.70 G
2019-06-10 00:33:45,7.0,3.70 G
2019-06-10 00:33:47,6.0,3.70 G
2019-06-10 00:33:49,5.0,3.70 G
2019-06-10 00:33:51,4.0,3.70 G
2019-06-10 00:33:53,5.0,3.70 G
2019-06-10 00:33:56,7.0,3.70 G
2019-06-10 00:33:58,6.0,3.70 G
2019-06-10 00:34:00,6.0,3.70 G
2019-06-10 00:34:02,5.0,3.70 G
2019-06-10 00:34:04,5.0,3.70 G
2019-06-10 00:34:06,5.0,3.70 G
2019-06-10 00:34:08,4.0,3.70 G
2019-06-10 00:34:10,6.0,3.70 G
2019-06-10 00:34:12,6.0,3.70 G
2019-06-10 00:34:14,6.0,3.70 G
2019-06-10 00:34:16,3.0,3.70 G
2019-06-10 00:34:18,2.0,3.70 G
2019-06-10 00:34:20,6.0,3.70 G
2019-06-10 00:34:22,5.0,3.70 G
2019-06-10 00:34:24,5.0,3.70 G
2019-06-10 00:34:26,64.9,3.72 G
2019-06-10 00:34:28,5.0,3.72 G
2019-06-10 00:34:30,5.0,3.72 G
2019-06-10 00:34:32,4.0,3.72 G
2019-06-10 00:34:34,7.0,3.72 G
2019-06-10 00:34:36,4.0,3.72 G
2019-06-10 00:34:38,4.0,3.72 G
2019-06-10 00:34:40,5.0,3.72 G
2019-06-10 00:34:42,9.0,3.72 G
2019-06-10 00:34:44,6.0,3.72 G
2019-06-10 00:34:46,5.0,3.72 G
2019-06-10 00:34:48,3.0,3.72 G
2019-06-10 00:34:50,3.0,3.72 G
2019-06-10 00:34:52,3.0,3.72 G
2019-06-10 00:34:54,6.0,3.72 G
2019-06-10 00:34:56,4.0,3.72 G
2019-06-10 00:34:58,317.9,3.72 G
2019-06-10 00:35:00,771.5,3.72 G
2019-06-10 00:35:02,765.4,3.72 G
2019-06-10 00:35:04,763.4,3.72 G
2019-06-10 00:35:06,392.6,3.71 G
2019-06-10 00:35:08,5.0,3.71 G
2019-06-10 00:35:10,8.0,3.71 G
2019-06-10 00:35:12,8.0,3.71 G
2019-06-10 00:35:14,5.0,3.71 G
2019-06-10 00:35:16,4.0,3.71 G
2019-06-10 00:35:18,5.0,3.71 G
2019-06-10 00:35:20,7.0,3.71 G
2019-06-10 00:35:22,7.0,3.71 G
2019-06-10 00:35:24,5.0,3.71 G
2019-06-10 00:35:26,8.0,3.71 G
2019-06-10 00:35:28,6.0,3.71 G
2019-06-10 00:35:30,6.0,3.71 G
2019-06-10 00:35:32,4.0,3.71 G
2019-06-10 00:35:34,6.0,3.71 G
2019-06-10 00:35:36,7.0,3.71 G
2019-06-10 00:35:38,5.0,3.71 G
2019-06-10 00:35:40,5.0,3.71 G
2019-06-10 00:35:42,5.0,3.71 G
2019-06-10 00:35:44,6.0,3.71 G
2019-06-10 00:35:46,6.0,3.71 G
2019-06-10 00:35:48,6.0,3.71 G
2019-06-10 00:35:50,7.0,3.71 G
2019-06-10 00:35:52,4.0,3.71 G
2019-06-10 00:35:54,6.0,3.71 G
2019-06-10 00:35:56,5.0,3.71 G
2019-06-10 00:35:58,8.0,3.71 G
2019-06-10 00:36:00,5.0,3.71 G
2019-06-10 00:36:02,5.0,3.71 G
2019-06-10 00:36:04,8.0,3.71 G
2019-06-10 00:36:06,6.0,3.71 G
2019-06-10 00:36:08,4.0,3.71 G
2019-06-10 00:36:10,8.0,3.71 G
2019-06-10 00:36:12,5.0,3.71 G
2019-06-10 00:36:14,4.0,3.71 G
2019-06-10 00:36:16,749.5,3.73 G
2019-06-10 00:36:18,755.2,3.71 G
2019-06-10 00:36:20,697.2,3.69 G
2019-06-10 00:36:22,6.0,3.69 G
2019-06-10 00:36:24,7.0,3.69 G
2019-06-10 00:36:26,7.0,3.69 G
2019-06-10 00:36:28,5.0,3.69 G
2019-06-10 00:36:30,7.0,3.69 G
2019-06-10 00:36:32,6.0,3.69 G
2019-06-10 00:36:34,8.0,3.69 G
2019-06-10 00:36:36,7.0,3.69 G
2019-06-10 00:36:38,8.0,3.69 G
2019-06-10 00:36:40,7.0,3.69 G
2019-06-10 00:36:42,4.0,3.69 G
2019-06-10 00:36:44,8.0,3.69 G
2019-06-10 00:36:46,8.0,3.69 G
2019-06-10 00:36:48,8.0,3.69 G
2019-06-10 00:36:50,6.0,3.69 G
2019-06-10 00:36:52,4.0,3.69 G
2019-06-10 00:36:54,8.0,3.69 G
2019-06-10 00:36:56,4.0,3.69 G
2019-06-10 00:36:58,4.0,3.69 G
2019-06-10 00:37:00,3.0,3.69 G
2019-06-10 00:37:03,9.0,3.69 G
2019-06-10 00:37:05,7.0,3.69 G
2019-06-10 00:37:07,7.0,3.69 G
2019-06-10 00:37:09,8.0,3.69 G
2019-06-10 00:37:11,8.0,3.69 G
2019-06-10 00:37:13,8.0,3.69 G
2019-06-10 00:37:15,7.0,3.69 G
2019-06-10 00:37:17,8.0,3.69 G
2019-06-10 00:37:19,8.0,3.69 G
2019-06-10 00:37:21,4.0,3.69 G
2019-06-10 00:37:23,8.0,3.69 G
2019-06-10 00:37:25,8.0,3.69 G
2019-06-10 00:37:27,499.5,3.76 G
2019-06-10 00:37:29,762.6,3.74 G
2019-06-10 00:37:31,762.5,3.72 G
2019-06-10 00:37:33,7.0,3.65 G
2019-06-10 00:37:35,5.0,3.65 G
2019-06-10 00:37:37,3.0,3.65 G
2019-06-10 00:37:39,7.0,3.65 G
2019-06-10 00:37:41,7.0,3.65 G
2019-06-10 00:37:43,7.0,3.65 G
2019-06-10 00:37:45,8.0,3.65 G
2019-06-10 00:37:47,8.0,3.65 G
2019-06-10 00:37:49,9.0,3.65 G
2019-06-10 00:37:51,9.0,3.65 G
2019-06-10 00:37:53,9.0,3.65 G
2019-06-10 00:37:55,9.0,3.65 G
2019-06-10 00:37:57,8.0,3.65 G
2019-06-10 00:37:59,7.0,3.65 G
2019-06-10 00:38:01,10.0,3.65 G
2019-06-10 00:38:03,4.0,3.65 G
2019-06-10 00:38:05,5.0,3.65 G
2019-06-10 00:38:07,8.0,3.65 G
2019-06-10 00:38:09,9.0,3.65 G
2019-06-10 00:38:11,8.0,3.65 G
2019-06-10 00:38:13,9.0,3.65 G
2019-06-10 00:38:15,5.0,3.65 G
2019-06-10 00:38:17,8.0,3.65 G
2019-06-10 00:38:19,8.0,3.65 G
2019-06-10 00:38:21,8.0,3.65 G
2019-06-10 00:38:23,759.5,3.65 G
2019-06-10 00:38:25,765.5,3.64 G
2019-06-10 00:38:27,324.6,3.64 G
2019-06-10 00:38:29,5.0,3.64 G
2019-06-10 00:38:31,10.0,3.64 G
2019-06-10 00:38:33,3.0,3.64 G
2019-06-10 00:38:35,2.0,3.64 G
2019-06-10 00:38:37,2.0,3.64 G
2019-06-10 00:38:39,2.0,3.64 G
2019-06-10 00:38:41,2.0,3.64 G
2019-06-10 00:38:43,2.0,3.64 G
2019-06-10 00:38:45,1.0,3.64 G
2019-06-10 00:38:47,2.0,3.64 G
2019-06-10 00:38:49,3.0,3.64 G
2019-06-10 00:38:51,6.0,3.64 G
2019-06-10 00:38:53,2.0,3.64 G
2019-06-10 00:38:55,8.0,3.64 G
2019-06-10 00:38:57,5.0,3.64 G
2019-06-10 00:38:59,8.0,3.64 G
2019-06-10 00:39:01,4.0,3.64 G
2019-06-10 00:39:03,3.0,3.64 G
2019-06-10 00:39:05,3.0,3.64 G
2019-06-10 00:39:07,2.0,3.64 G
2019-06-10 00:39:09,4.0,3.64 G
2019-06-10 00:39:11,5.0,3.64 G
2019-06-10 00:39:13,2.0,3.64 G
2019-06-10 00:39:15,3.0,3.64 G
2019-06-10 00:39:17,3.0,3.64 G
2019-06-10 00:39:19,4.0,3.64 G
2019-06-10 00:39:21,3.0,3.64 G
2019-06-10 00:39:23,2.0,3.64 G
2019-06-10 00:39:25,2.0,3.64 G
2019-06-10 00:39:27,2.0,3.64 G
2019-06-10 00:39:29,2.0,3.64 G
2019-06-10 00:39:31,2.0,3.64 G
2019-06-10 00:39:33,2.0,3.64 G
2019-06-10 00:39:35,2.0,3.64 G
2019-06-10 00:39:37,3.0,3.64 G
2019-06-10 00:39:39,2.0,3.64 G
2019-06-10 00:39:41,3.0,3.64 G
2019-06-10 00:39:43,4.0,3.64 G
2019-06-10 00:39:45,4.0,3.64 G
2019-06-10 00:39:47,3.0,3.64 G
2019-06-10 00:39:49,4.0,3.64 G
2019-06-10 00:39:51,4.0,3.64 G
2019-06-10 00:39:53,4.0,3.64 G
2019-06-10 00:39:55,4.0,3.64 G
2019-06-10 00:39:57,340.7,3.64 G
2019-06-10 00:39:59,755.3,3.64 G
2019-06-10 00:40:02,748.4,3.64 G
2019-06-10 00:40:04,5.0,3.64 G
2019-06-10 00:40:06,6.0,3.64 G
2019-06-10 00:40:08,7.0,3.64 G
2019-06-10 00:40:10,5.0,3.64 G
2019-06-10 00:40:12,8.0,3.64 G
2019-06-10 00:40:14,7.0,3.64 G
2019-06-10 00:40:16,8.0,3.64 G
2019-06-10 00:40:18,5.0,3.64 G
2019-06-10 00:40:20,7.0,3.64 G
2019-06-10 00:40:22,6.0,3.64 G
2019-06-10 00:40:24,7.0,3.64 G
2019-06-10 00:40:26,4.0,3.64 G
2019-06-10 00:40:28,7.0,3.64 G
2019-06-10 00:40:30,7.0,3.64 G
2019-06-10 00:40:32,7.0,3.64 G
2019-06-10 00:40:34,7.0,3.64 G
2019-06-10 00:40:36,6.0,3.64 G
2019-06-10 00:40:38,3.0,3.64 G
2019-06-10 00:40:40,4.0,3.64 G
2019-06-10 00:40:42,6.0,3.64 G
2019-06-10 00:40:44,756.5,3.64 G
2019-06-10 00:40:46,764.7,3.64 G
2019-06-10 00:40:48,529.4,3.63 G
2019-06-10 00:40:50,7.0,3.63 G
2019-06-10 00:40:52,7.0,3.63 G
2019-06-10 00:40:54,8.0,3.63 G
2019-06-10 00:40:56,8.0,3.63 G
2019-06-10 00:40:58,5.0,3.63 G
2019-06-10 00:41:00,4.0,3.63 G
2019-06-10 00:41:02,7.0,3.63 G
2019-06-10 00:41:04,4.0,3.63 G
2019-06-10 00:41:06,6.0,3.63 G
2019-06-10 00:41:08,6.0,3.63 G
2019-06-10 00:41:10,3.0,3.63 G
2019-06-10 00:41:12,7.0,3.63 G
2019-06-10 00:41:14,5.0,3.63 G
2019-06-10 00:41:16,4.0,3.63 G
2019-06-10 00:41:18,6.0,3.63 G
2019-06-10 00:41:20,6.0,3.63 G
2019-06-10 00:41:22,7.0,3.63 G
2019-06-10 00:41:24,8.0,3.63 G
2019-06-10 00:41:26,4.0,3.63 G
2019-06-10 00:41:28,7.0,3.63 G
2019-06-10 00:41:30,8.0,3.63 G
2019-06-10 00:41:32,8.0,3.63 G
2019-06-10 00:41:34,7.0,3.63 G
2019-06-10 00:41:36,8.0,3.63 G
2019-06-10 00:41:38,7.0,3.63 G
2019-06-10 00:41:40,8.0,3.63 G
2019-06-10 00:41:42,8.0,3.63 G
2019-06-10 00:41:44,7.0,3.63 G
2019-06-10 00:41:46,7.0,3.63 G
2019-06-10 00:41:48,7.0,3.63 G
2019-06-10 00:41:50,6.0,3.63 G
2019-06-10 00:41:52,5.0,3.63 G
2019-06-10 00:41:54,6.0,3.63 G
2019-06-10 00:41:56,5.0,3.63 G
2019-06-10 00:41:58,4.0,3.63 G
2019-06-10 00:42:00,7.0,3.63 G
2019-06-10 00:42:02,7.0,3.63 G
2019-06-10 00:42:04,7.0,3.63 G
2019-06-10 00:42:06,5.0,3.63 G
2019-06-10 00:42:08,6.0,3.63 G
2019-06-10 00:42:10,4.0,3.63 G
2019-06-10 00:42:12,7.0,3.63 G
2019-06-10 00:42:14,3.0,3.63 G
2019-06-10 00:42:16,3.0,3.63 G
2019-06-10 00:42:18,5.0,3.63 G
2019-06-10 00:42:20,6.0,3.63 G
2019-06-10 00:42:22,7.0,3.63 G
2019-06-10 00:42:24,5.0,3.63 G
2019-06-10 00:42:26,6.0,3.63 G
2019-06-10 00:42:28,7.0,3.63 G
2019-06-10 00:42:30,6.0,3.63 G
2019-06-10 00:42:32,6.0,3.63 G
2019-06-10 00:42:34,10.0,3.63 G
2019-06-10 00:42:36,5.0,3.63 G
2019-06-10 00:42:38,7.0,3.63 G
2019-06-10 00:42:40,4.0,3.63 G
2019-06-10 00:42:42,3.0,3.63 G
2019-06-10 00:42:44,6.0,3.63 G
2019-06-10 00:42:46,7.0,3.63 G
2019-06-10 00:42:48,8.0,3.63 G
2019-06-10 00:42:50,6.0,3.63 G
2019-06-10 00:42:52,6.0,3.63 G
2019-06-10 00:42:54,8.0,3.63 G
2019-06-10 00:42:57,8.0,3.63 G
2019-06-10 00:42:59,7.0,3.63 G
2019-06-10 00:43:01,8.0,3.63 G
2019-06-10 00:43:03,6.0,3.63 G
2019-06-10 00:43:05,6.0,3.63 G
2019-06-10 00:43:07,8.0,3.63 G
2019-06-10 00:43:09,34.0,3.64 G
2019-06-10 00:43:11,28.0,3.65 G
2019-06-10 00:43:13,38.0,3.66 G
2019-06-10 00:43:15,33.0,3.66 G
2019-06-10 00:43:17,29.0,3.66 G
2019-06-10 00:43:19,34.0,3.67 G
2019-06-10 00:43:21,31.0,3.67 G
2019-06-10 00:43:23,30.0,3.68 G
2019-06-10 00:43:25,35.0,3.68 G
2019-06-10 00:43:27,48.0,3.69 G
2019-06-10 00:43:29,40.0,3.70 G
2019-06-10 00:43:31,49.9,3.70 G
2019-06-10 00:43:33,42.0,3.70 G
2019-06-10 00:43:35,42.0,3.71 G
2019-06-10 00:43:37,43.0,3.72 G
2019-06-10 00:43:39,42.0,3.72 G
2019-06-10 00:43:41,42.0,3.72 G
2019-06-10 00:43:43,46.9,3.73 G
2019-06-10 00:43:45,37.0,3.73 G
2019-06-10 00:43:47,48.9,3.74 G
2019-06-10 00:43:49,41.0,3.78 G
2019-06-10 00:43:51,41.0,3.79 G
2019-06-10 00:43:53,39.0,3.79 G
2019-06-10 00:43:55,49.0,3.79 G
2019-06-10 00:43:57,17.0,3.79 G
2019-06-10 00:43:59,18.0,3.79 G
2019-06-10 00:44:01,13.0,3.79 G
2019-06-10 00:44:03,7.0,3.80 G
2019-06-10 00:44:05,5.0,3.80 G
2019-06-10 00:44:07,8.0,3.80 G
2019-06-10 00:44:09,6.0,3.80 G
2019-06-10 00:44:11,9.0,3.80 G
2019-06-10 00:44:13,5.0,3.80 G
2019-06-10 00:44:15,6.0,3.80 G
2019-06-10 00:44:17,4.0,3.80 G
2019-06-10 00:44:19,7.0,3.80 G
2019-06-10 00:44:21,10.0,3.80 G
2019-06-10 00:44:23,9.0,3.80 G
2019-06-10 00:44:25,10.0,3.80 G
2019-06-10 00:44:27,10.0,3.80 G
2019-06-10 00:44:29,8.0,3.80 G
2019-06-10 00:44:31,5.0,3.80 G
2019-06-10 00:44:33,5.0,3.80 G
2019-06-10 00:44:35,9.0,3.80 G
2019-06-10 00:44:37,9.0,3.80 G
2019-06-10 00:44:39,8.0,3.80 G
2019-06-10 00:44:41,9.0,3.80 G
2019-06-10 00:44:43,9.0,3.80 G
2019-06-10 00:44:45,7.0,3.80 G
2019-06-10 00:44:47,18.0,3.80 G
2019-06-10 00:44:49,70.0,3.81 G
2019-06-10 00:44:51,21.0,3.82 G
2019-06-10 00:44:53,6.0,3.82 G
2019-06-10 00:44:55,9.0,3.82 G
2019-06-10 00:44:57,6.0,3.82 G
2019-06-10 00:44:59,6.0,3.82 G
2019-06-10 00:45:01,5.0,3.82 G
2019-06-10 00:45:03,6.0,3.82 G
2019-06-10 00:45:05,14.0,3.82 G
2019-06-10 00:45:07,8.0,3.82 G
2019-06-10 00:45:09,6.0,3.82 G
2019-06-10 00:45:11,8.0,3.82 G
2019-06-10 00:45:13,6.0,3.82 G
2019-06-10 00:45:15,7.0,3.82 G
2019-06-10 00:45:17,5.0,3.82 G
2019-06-10 00:45:19,7.0,3.82 G
2019-06-10 00:45:21,8.0,3.82 G
2019-06-10 00:45:23,6.0,3.82 G
2019-06-10 00:45:25,7.0,3.82 G
2019-06-10 00:45:27,7.0,3.82 G
2019-06-10 00:45:29,7.0,3.82 G
2019-06-10 00:45:31,5.0,3.82 G
2019-06-10 00:45:33,7.0,3.82 G
2019-06-10 00:45:35,6.0,3.82 G
2019-06-10 00:45:37,6.0,3.82 G
2019-06-10 00:45:39,6.0,3.82 G
2019-06-10 00:45:41,2.0,3.82 G
2019-06-10 00:45:43,3.0,3.82 G
2019-06-10 00:45:45,2.0,3.83 G
2019-06-10 00:45:47,2.0,3.83 G
2019-06-10 00:45:49,762.5,3.85 G
2019-06-10 00:45:51,765.7,3.85 G
2019-06-10 00:45:53,765.5,3.85 G
2019-06-10 00:45:55,763.5,3.85 G
2019-06-10 00:45:58,4.0,3.85 G
2019-06-10 00:46:00,6.0,3.85 G
2019-06-10 00:46:02,6.0,3.85 G
2019-06-10 00:46:04,5.0,3.85 G
2019-06-10 00:46:06,4.0,3.85 G
2019-06-10 00:46:08,5.0,3.85 G
2019-06-10 00:46:10,8.0,3.85 G
2019-06-10 00:46:12,7.0,3.85 G
2019-06-10 00:46:14,7.0,3.85 G
2019-06-10 00:46:16,3.0,3.85 G
2019-06-10 00:46:18,8.0,3.85 G
2019-06-10 00:46:20,8.0,3.85 G
2019-06-10 00:46:22,8.0,3.85 G
2019-06-10 00:46:24,4.0,3.85 G
2019-06-10 00:46:26,8.0,3.85 G
2019-06-10 00:46:28,8.0,3.85 G
2019-06-10 00:46:30,7.0,3.85 G
2019-06-10 00:46:32,8.0,3.85 G
2019-06-10 00:46:34,7.0,3.85 G
2019-06-10 00:46:36,4.0,3.85 G
2019-06-10 00:46:38,8.0,3.85 G
2019-06-10 00:46:40,6.0,3.85 G
2019-06-10 00:46:42,8.0,3.85 G
2019-06-10 00:46:44,8.0,3.85 G
2019-06-10 00:46:46,8.0,3.85 G
2019-06-10 00:46:48,7.0,3.85 G
2019-06-10 00:46:50,8.0,3.85 G
2019-06-10 00:46:52,4.0,3.85 G
2019-06-10 00:46:54,8.0,3.85 G
2019-06-10 00:46:56,8.0,3.85 G
2019-06-10 00:46:58,8.0,3.85 G
2019-06-10 00:47:00,7.0,3.85 G
2019-06-10 00:47:02,7.0,3.85 G
2019-06-10 00:47:04,4.0,3.85 G
2019-06-10 00:47:06,5.0,3.85 G
2019-06-10 00:47:08,6.0,3.85 G
2019-06-10 00:47:10,4.0,3.85 G
2019-06-10 00:47:12,7.0,3.85 G
2019-06-10 00:47:14,7.0,3.85 G
2019-06-10 00:47:16,7.0,3.85 G
2019-06-10 00:47:18,6.0,3.85 G
2019-06-10 00:47:20,7.0,3.85 G
2019-06-10 00:47:22,6.0,3.85 G
2019-06-10 00:47:24,4.0,3.85 G
2019-06-10 00:47:26,4.0,3.85 G
2019-06-10 00:47:28,7.0,3.85 G
2019-06-10 00:47:30,7.0,3.85 G
2019-06-10 00:47:32,6.0,3.85 G
2019-06-10 00:47:34,7.0,3.85 G
2019-06-10 00:47:36,6.0,3.85 G
2019-06-10 00:47:38,55.0,3.92 G
2019-06-10 00:47:40,52.0,3.92 G
2019-06-10 00:47:42,56.0,3.92 G
2019-06-10 00:47:44,53.9,3.93 G
2019-06-10 00:47:46,51.9,3.93 G
2019-06-10 00:47:48,57.0,3.93 G
2019-06-10 00:47:50,52.9,3.93 G
2019-06-10 00:47:52,54.9,3.94 G
2019-06-10 00:47:54,51.9,3.94 G
2019-06-10 00:47:56,49.9,3.94 G
2019-06-10 00:47:58,52.9,3.94 G
2019-06-10 00:48:00,50.0,3.94 G
2019-06-10 00:48:02,753.5,3.87 G
2019-06-10 00:48:04,761.5,3.86 G
2019-06-10 00:48:06,765.4,3.85 G
2019-06-10 00:48:08,5.0,3.68 G
2019-06-10 00:48:10,521.0,3.69 G
2019-06-10 00:48:12,761.5,3.69 G
2019-06-10 00:48:14,757.5,3.69 G
2019-06-10 00:48:16,15.0,3.69 G
2019-06-10 00:48:18,5.0,3.69 G
2019-06-10 00:48:20,5.0,3.69 G
2019-06-10 00:48:22,5.0,3.69 G
2019-06-10 00:48:24,6.0,3.69 G
2019-06-10 00:48:26,7.0,3.69 G
2019-06-10 00:48:28,4.0,3.69 G
2019-06-10 00:48:30,4.0,3.69 G
2019-06-10 00:48:32,7.0,3.69 G
2019-06-10 00:48:34,6.0,3.69 G
2019-06-10 00:48:36,7.0,3.69 G
2019-06-10 00:48:38,4.0,3.69 G
2019-06-10 00:48:40,7.0,3.69 G
2019-06-10 00:48:42,6.0,3.69 G
2019-06-10 00:48:44,5.0,3.69 G
2019-06-10 00:48:46,3.0,3.69 G
2019-06-10 00:48:48,8.0,3.69 G
2019-06-10 00:48:50,6.0,3.69 G
2019-06-10 00:48:52,6.0,3.69 G
2019-06-10 00:48:54,5.0,3.69 G
2019-06-10 00:48:56,4.0,3.69 G
2019-06-10 00:48:58,8.0,3.69 G
2019-06-10 00:49:00,7.0,3.69 G
2019-06-10 00:49:02,7.0,3.69 G
2019-06-10 00:49:04,4.0,3.69 G
2019-06-10 00:49:06,6.0,3.69 G
2019-06-10 00:49:09,5.0,3.69 G
2019-06-10 00:49:11,6.0,3.69 G
2019-06-10 00:49:13,3.0,3.69 G
2019-06-10 00:49:15,6.0,3.69 G
2019-06-10 00:49:17,8.0,3.69 G
2019-06-10 00:49:19,5.0,3.69 G
2019-06-10 00:49:21,8.0,3.69 G
2019-06-10 00:49:23,4.0,3.69 G
2019-06-10 00:49:25,8.0,3.69 G
2019-06-10 00:49:27,8.0,3.69 G
2019-06-10 00:49:29,7.0,3.69 G
2019-06-10 00:49:31,7.0,3.69 G
2019-06-10 00:49:33,8.0,3.69 G
2019-06-10 00:49:35,7.0,3.69 G
2019-06-10 00:49:37,7.0,3.69 G
2019-06-10 00:49:39,6.0,3.69 G
2019-06-10 00:49:41,6.0,3.69 G
2019-06-10 00:49:43,3.0,3.69 G
2019-06-10 00:49:45,7.0,3.69 G
2019-06-10 00:49:47,8.0,3.69 G
2019-06-10 00:49:49,6.0,3.69 G
2019-06-10 00:49:51,7.0,3.69 G
2019-06-10 00:49:53,7.0,3.69 G
2019-06-10 00:49:55,7.0,3.69 G
2019-06-10 00:49:57,2.0,3.69 G
2019-06-10 00:49:59,6.0,3.69 G
2019-06-10 00:50:01,7.0,3.69 G
2019-06-10 00:50:03,5.0,3.69 G
2019-06-10 00:50:05,7.0,3.69 G
2019-06-10 00:50:07,8.0,3.69 G
2019-06-10 00:50:09,6.0,3.69 G
2019-06-10 00:50:11,4.0,3.69 G
2019-06-10 00:50:13,5.0,3.69 G
2019-06-10 00:50:15,6.0,3.69 G
2019-06-10 00:50:17,6.0,3.69 G
2019-06-10 00:50:19,6.0,3.69 G
2019-06-10 00:50:21,7.0,3.69 G
2019-06-10 00:50:23,7.0,3.69 G
2019-06-10 00:50:25,7.0,3.69 G
2019-06-10 00:50:27,7.0,3.69 G
2019-06-10 00:50:29,9.0,3.69 G
2019-06-10 00:50:31,4.0,3.69 G
2019-06-10 00:50:33,5.0,3.69 G
2019-06-10 00:50:35,9.0,3.69 G
2019-06-10 00:50:37,8.0,3.69 G
2019-06-10 00:50:39,8.0,3.69 G
2019-06-10 00:50:41,8.0,3.69 G
2019-06-10 00:50:43,8.0,3.69 G
2019-06-10 00:50:45,6.0,3.69 G
2019-06-10 00:50:47,7.0,3.69 G
2019-06-10 00:50:49,8.0,3.69 G
2019-06-10 00:50:51,7.0,3.69 G
2019-06-10 00:50:53,7.0,3.69 G
2019-06-10 00:50:55,9.0,3.69 G
2019-06-10 00:50:57,44.9,3.87 G
2019-06-10 00:50:59,122.9,3.98 G
2019-06-10 00:51:01,750.5,3.98 G
2019-06-10 00:51:03,757.9,3.98 G
2019-06-10 00:51:05,757.5,3.97 G
2019-06-10 00:51:07,762.4,3.96 G
2019-06-10 00:51:09,755.5,3.92 G
2019-06-10 00:51:11,4.0,3.70 G
2019-06-10 00:51:13,6.0,3.70 G
2019-06-10 00:51:15,4.0,3.70 G
2019-06-10 00:51:17,6.0,3.70 G
2019-06-10 00:51:19,8.0,3.70 G
2019-06-10 00:51:21,9.0,3.70 G
2019-06-10 00:51:23,8.0,3.70 G
2019-06-10 00:51:25,8.0,3.70 G
2019-06-10 00:51:27,8.0,3.70 G
2019-06-10 00:51:29,8.0,3.70 G
2019-06-10 00:51:31,6.0,3.70 G
2019-06-10 00:51:33,8.0,3.70 G
2019-06-10 00:51:35,9.0,3.70 G
2019-06-10 00:51:37,7.0,3.70 G
2019-06-10 00:51:39,7.0,3.70 G
2019-06-10 00:51:41,4.0,3.70 G
2019-06-10 00:51:43,3.0,3.70 G
2019-06-10 00:51:45,7.0,3.70 G
2019-06-10 00:51:47,3.0,3.70 G
2019-06-10 00:51:49,4.0,3.70 G
2019-06-10 00:51:51,4.0,3.70 G
2019-06-10 00:51:53,5.0,3.70 G
2019-06-10 00:51:55,8.0,3.70 G
2019-06-10 00:51:57,4.0,3.70 G
2019-06-10 00:51:59,98.9,3.70 G
2019-06-10 00:52:01,100.9,3.71 G
2019-06-10 00:52:03,100.9,3.72 G
2019-06-10 00:52:05,100.9,3.74 G
2019-06-10 00:52:07,99.9,3.74 G
2019-06-10 00:52:09,104.9,3.75 G
2019-06-10 00:52:11,100.9,3.76 G
2019-06-10 00:52:13,100.9,3.76 G
2019-06-10 00:52:15,113.9,3.77 G
2019-06-10 00:52:17,759.4,3.77 G
2019-06-10 00:52:20,764.4,3.77 G
2019-06-10 00:52:22,320.8,3.71 G
2019-06-10 00:52:24,5.0,3.71 G
2019-06-10 00:52:26,5.0,3.71 G
2019-06-10 00:52:28,4.0,3.71 G
2019-06-10 00:52:30,6.0,3.71 G
2019-06-10 00:52:32,5.0,3.71 G
2019-06-10 00:52:34,305.8,3.71 G
2019-06-10 00:52:36,761.2,3.71 G
2019-06-10 00:52:38,761.6,3.70 G
2019-06-10 00:52:40,31.0,3.69 G
2019-06-10 00:52:42,15.0,3.70 G
2019-06-10 00:52:44,41.0,3.70 G
2019-06-10 00:52:46,36.0,3.70 G
2019-06-10 00:52:48,30.0,3.70 G
2019-06-10 00:52:50,41.9,3.70 G
2019-06-10 00:52:52,760.5,3.70 G
2019-06-10 00:52:54,753.2,3.70 G
2019-06-10 00:52:56,756.4,3.70 G
2019-06-10 00:52:58,6.0,3.70 G
2019-06-10 00:53:00,7.0,3.70 G
2019-06-10 00:53:02,7.0,3.70 G
2019-06-10 00:53:04,4.0,3.70 G
2019-06-10 00:53:06,7.0,3.70 G
2019-06-10 00:53:08,5.0,3.70 G
2019-06-10 00:53:10,6.0,3.70 G
2019-06-10 00:53:12,5.0,3.70 G
2019-06-10 00:53:14,5.0,3.70 G
2019-06-10 00:53:16,8.0,3.70 G
2019-06-10 00:53:18,7.0,3.70 G
2019-06-10 00:53:20,7.0,3.70 G
2019-06-10 00:53:22,5.0,3.70 G
2019-06-10 00:53:24,7.0,3.70 G
2019-06-10 00:53:26,5.0,3.70 G
2019-06-10 00:53:28,3.0,3.70 G
2019-06-10 00:53:30,5.0,3.70 G
2019-06-10 00:53:32,3.0,3.70 G
2019-06-10 00:53:34,6.0,3.70 G
2019-06-10 00:53:36,6.0,3.70 G
2019-06-10 00:53:38,6.0,3.70 G
2019-06-10 00:53:40,6.0,3.70 G
2019-06-10 00:53:42,7.0,3.70 G
2019-06-10 00:53:44,5.0,3.70 G
2019-06-10 00:53:46,4.0,3.70 G
2019-06-10 00:53:48,4.0,3.70 G
2019-06-10 00:53:50,757.4,3.78 G
2019-06-10 00:53:52,763.5,3.78 G
2019-06-10 00:53:54,763.6,3.77 G
2019-06-10 00:53:56,4.0,3.77 G
2019-06-10 00:53:58,3.0,3.77 G
2019-06-10 00:54:00,3.0,3.77 G
2019-06-10 00:54:02,3.0,3.77 G
2019-06-10 00:54:04,7.0,3.77 G
2019-06-10 00:54:06,8.0,3.77 G
2019-06-10 00:54:08,8.0,3.77 G
2019-06-10 00:54:10,6.0,3.77 G
2019-06-10 00:54:12,4.0,3.77 G
2019-06-10 00:54:14,6.0,3.77 G
2019-06-10 00:54:16,8.0,3.77 G
2019-06-10 00:54:18,5.0,3.77 G
2019-06-10 00:54:20,7.0,3.77 G
2019-06-10 00:54:22,5.0,3.77 G
2019-06-10 00:54:24,6.0,3.77 G
2019-06-10 00:54:26,9.0,3.77 G
2019-06-10 00:54:28,6.0,3.77 G
2019-06-10 00:54:30,7.0,3.77 G
2019-06-10 00:54:32,8.0,3.77 G
2019-06-10 00:54:34,9.0,3.77 G
2019-06-10 00:54:36,8.0,3.77 G
2019-06-10 00:54:38,6.0,3.77 G
2019-06-10 00:54:40,8.0,3.77 G
2019-06-10 00:54:42,8.0,3.77 G
2019-06-10 00:54:44,8.0,3.77 G
2019-06-10 00:54:46,8.0,3.77 G
2019-06-10 00:54:48,9.0,3.77 G
2019-06-10 00:54:50,6.0,3.77 G
2019-06-10 00:54:52,8.0,3.77 G
2019-06-10 00:54:54,9.0,3.77 G
2019-06-10 00:54:56,8.0,3.77 G
2019-06-10 00:54:58,8.0,3.77 G
2019-06-10 00:55:00,8.0,3.77 G
2019-06-10 00:55:02,9.0,3.77 G
2019-06-10 00:55:04,9.0,3.77 G
2019-06-10 00:55:06,9.0,3.77 G
2019-06-10 00:55:08,8.0,3.77 G
2019-06-10 00:55:10,69.9,3.78 G
2019-06-10 00:55:12,104.9,3.81 G
2019-06-10 00:55:14,105.9,3.84 G
2019-06-10 00:55:16,766.6,3.84 G
2019-06-10 00:55:18,766.5,3.83 G
2019-06-10 00:55:21,717.2,3.71 G
2019-06-10 00:55:23,361.9,3.71 G
2019-06-10 00:55:25,767.5,3.71 G
2019-06-10 00:55:27,764.6,3.70 G
2019-06-10 00:55:29,89.9,3.69 G
2019-06-10 00:55:31,4.0,3.69 G
2019-06-10 00:55:33,9.0,3.69 G
2019-06-10 00:55:35,8.0,3.69 G
2019-06-10 00:55:37,9.0,3.69 G
2019-06-10 00:55:39,6.0,3.69 G
2019-06-10 00:55:41,4.0,3.69 G
2019-06-10 00:55:43,9.0,3.69 G
2019-06-10 00:55:45,9.0,3.69 G
2019-06-10 00:55:47,8.0,3.69 G
2019-06-10 00:55:49,9.0,3.69 G
2019-06-10 00:55:51,9.0,3.69 G
2019-06-10 00:55:53,6.0,3.69 G
2019-06-10 00:55:55,9.0,3.69 G
2019-06-10 00:55:57,8.0,3.69 G
2019-06-10 00:55:59,4.0,3.69 G
2019-06-10 00:56:01,8.0,3.69 G
2019-06-10 00:56:03,9.0,3.69 G
2019-06-10 00:56:05,4.0,3.69 G
2019-06-10 00:56:07,8.0,3.69 G
2019-06-10 00:56:09,8.0,3.69 G
2019-06-10 00:56:11,9.0,3.69 G
2019-06-10 00:56:13,8.0,3.69 G
2019-06-10 00:56:15,8.0,3.69 G
2019-06-10 00:56:17,8.0,3.69 G
2019-06-10 00:56:19,8.0,3.69 G
2019-06-10 00:56:21,8.0,3.69 G
2019-06-10 00:56:23,8.0,3.69 G
2019-06-10 00:56:25,8.0,3.69 G
2019-06-10 00:56:27,8.0,3.69 G
2019-06-10 00:56:29,6.0,3.69 G
2019-06-10 00:56:31,8.0,3.69 G
2019-06-10 00:56:33,94.0,3.76 G
2019-06-10 00:56:35,756.5,3.76 G
2019-06-10 00:56:37,763.4,3.76 G
2019-06-10 00:56:39,534.4,3.69 G
2019-06-10 00:56:41,5.0,3.69 G
2019-06-10 00:56:43,7.0,3.69 G
2019-06-10 00:56:45,7.0,3.69 G
2019-06-10 00:56:47,8.0,3.69 G
2019-06-10 00:56:49,7.0,3.69 G
2019-06-10 00:56:51,7.0,3.69 G
2019-06-10 00:56:53,8.0,3.69 G
2019-06-10 00:56:55,8.0,3.69 G
2019-06-10 00:56:57,4.0,3.69 G
2019-06-10 00:56:59,5.0,3.69 G
2019-06-10 00:57:01,8.0,3.69 G
2019-06-10 00:57:03,8.0,3.69 G
2019-06-10 00:57:05,5.0,3.69 G
2019-06-10 00:57:07,8.0,3.69 G
2019-06-10 00:57:09,8.0,3.69 G
2019-06-10 00:57:11,8.0,3.69 G
2019-06-10 00:57:13,9.0,3.69 G
2019-06-10 00:57:15,8.0,3.69 G
2019-06-10 00:57:17,6.0,3.69 G
2019-06-10 00:57:19,257.8,3.69 G
2019-06-10 00:57:21,766.5,3.69 G
2019-06-10 00:57:23,764.5,3.69 G
2019-06-10 00:57:25,56.0,3.69 G
2019-06-10 00:57:27,5.0,3.69 G
2019-06-10 00:57:29,4.0,3.69 G
2019-06-10 00:57:31,103.9,3.71 G
2019-06-10 00:57:33,758.6,3.71 G
2019-06-10 00:57:35,760.4,3.71 G
2019-06-10 00:57:37,761.5,3.71 G
2019-06-10 00:57:39,11.0,3.71 G
2019-06-10 00:57:41,8.0,3.71 G
2019-06-10 00:57:43,4.0,3.71 G
2019-06-10 00:57:45,9.0,3.71 G
2019-06-10 00:57:47,9.0,3.71 G
2019-06-10 00:57:49,6.0,3.71 G
2019-06-10 00:57:51,8.0,3.71 G
2019-06-10 00:57:53,9.0,3.71 G
2019-06-10 00:57:55,9.0,3.71 G
2019-06-10 00:57:57,9.0,3.71 G
2019-06-10 00:57:59,8.0,3.71 G
2019-06-10 00:58:01,8.0,3.71 G
2019-06-10 00:58:03,7.0,3.71 G
2019-06-10 00:58:05,8.0,3.71 G
2019-06-10 00:58:07,8.0,3.71 G
2019-06-10 00:58:09,7.0,3.71 G
2019-06-10 00:58:11,6.0,3.71 G
2019-06-10 00:58:13,4.0,3.71 G
2019-06-10 00:58:16,7.0,3.71 G
2019-06-10 00:58:18,8.0,3.71 G
2019-06-10 00:58:20,8.0,3.71 G
2019-06-10 00:58:22,5.0,3.71 G
2019-06-10 00:58:24,8.0,3.71 G
2019-06-10 00:58:26,8.0,3.71 G
2019-06-10 00:58:28,7.0,3.71 G
2019-06-10 00:58:30,9.0,3.71 G
2019-06-10 00:58:32,4.0,3.71 G
2019-06-10 00:58:34,22.0,3.72 G
2019-06-10 00:58:36,35.0,3.72 G
2019-06-10 00:58:38,38.0,3.72 G
2019-06-10 00:58:40,29.0,3.72 G
2019-06-10 00:58:42,24.0,3.73 G
2019-06-10 00:58:44,25.0,3.73 G
2019-06-10 00:58:46,25.0,3.73 G
2019-06-10 00:58:48,30.0,3.73 G
2019-06-10 00:58:50,32.0,3.73 G
2019-06-10 00:58:52,35.0,3.73 G
2019-06-10 00:58:54,37.0,3.73 G
2019-06-10 00:58:56,41.0,3.73 G
2019-06-10 00:58:58,34.0,3.73 G
2019-06-10 00:59:00,39.0,3.73 G
2019-06-10 00:59:02,42.9,3.73 G
2019-06-10 00:59:04,42.0,3.74 G
2019-06-10 00:59:06,31.0,3.74 G
2019-06-10 00:59:08,31.0,3.74 G
2019-06-10 00:59:10,38.0,3.74 G
2019-06-10 00:59:12,71.9,3.75 G
2019-06-10 00:59:14,41.9,3.75 G
2019-06-10 00:59:16,42.0,3.75 G
2019-06-10 00:59:18,40.0,3.75 G
2019-06-10 00:59:20,34.0,3.76 G
2019-06-10 00:59:22,24.0,3.76 G
2019-06-10 00:59:24,26.0,3.76 G
2019-06-10 00:59:26,23.0,3.76 G
2019-06-10 00:59:28,17.0,3.76 G
2019-06-10 00:59:30,12.0,3.76 G
2019-06-10 00:59:32,10.0,3.76 G
2019-06-10 00:59:34,30.0,3.76 G
2019-06-10 00:59:36,7.0,3.76 G
2019-06-10 00:59:38,4.0,3.76 G
2019-06-10 00:59:40,3.0,3.76 G
2019-06-10 00:59:42,3.0,3.76 G
2019-06-10 00:59:44,2.0,3.76 G
2019-06-10 00:59:46,3.0,3.76 G
2019-06-10 00:59:48,2.0,3.76 G
2019-06-10 00:59:50,2.0,3.76 G
2019-06-10 00:59:52,3.0,3.76 G
2019-06-10 00:59:54,3.0,3.76 G
2019-06-10 00:59:56,2.0,3.76 G
2019-06-10 00:59:58,2.0,3.76 G
2019-06-10 01:00:00,2.0,3.76 G
2019-06-10 01:00:02,2.0,3.76 G
2019-06-10 01:00:04,2.0,3.76 G
2019-06-10 01:00:06,3.0,3.76 G
2019-06-10 01:00:08,3.0,3.76 G
2019-06-10 01:00:10,3.0,3.76 G
2019-06-10 01:00:12,4.0,3.76 G
2019-06-10 01:00:14,5.0,3.76 G
2019-06-10 01:00:16,4.0,3.76 G
2019-06-10 01:00:18,3.0,3.76 G
2019-06-10 01:00:20,3.0,3.76 G
2019-06-10 01:00:22,3.0,3.76 G
2019-06-10 01:00:24,4.0,3.76 G
2019-06-10 01:00:26,2.0,3.76 G
2019-06-10 01:00:28,4.0,3.76 G
2019-06-10 01:00:30,2.0,3.76 G
2019-06-10 01:00:32,4.0,3.76 G
2019-06-10 01:00:34,2.0,3.76 G
2019-06-10 01:00:36,2.0,3.76 G
2019-06-10 01:00:38,4.0,3.76 G
2019-06-10 01:00:40,4.0,3.76 G
2019-06-10 01:00:42,4.0,3.76 G
2019-06-10 01:00:44,4.0,3.76 G
2019-06-10 01:00:46,3.0,3.76 G
2019-06-10 01:00:48,5.0,3.76 G
2019-06-10 01:00:50,7.0,3.76 G
2019-06-10 01:00:52,6.0,3.76 G
2019-06-10 01:00:54,5.0,3.76 G
2019-06-10 01:00:56,4.0,3.76 G
2019-06-10 01:00:58,5.0,3.76 G
2019-06-10 01:01:00,5.0,3.76 G
2019-06-10 01:01:02,7.0,3.76 G
2019-06-10 01:01:04,3.0,3.76 G
2019-06-10 01:01:06,6.0,3.76 G
2019-06-10 01:01:08,7.0,3.76 G
2019-06-10 01:01:10,5.0,3.76 G
2019-06-10 01:01:12,7.0,3.76 G
2019-06-10 01:01:14,5.0,3.76 G
2019-06-10 01:01:17,6.0,3.76 G
2019-06-10 01:01:19,6.0,3.76 G
2019-06-10 01:01:21,5.0,3.76 G
2019-06-10 01:01:23,5.0,3.76 G
2019-06-10 01:01:25,5.0,3.76 G
2019-06-10 01:01:27,2.0,3.76 G
2019-06-10 01:01:29,5.0,3.76 G
2019-06-10 01:01:31,5.0,3.76 G
2019-06-10 01:01:33,5.0,3.76 G
2019-06-10 01:01:35,4.0,3.76 G
2019-06-10 01:01:37,3.0,3.76 G
2019-06-10 01:01:39,4.0,3.76 G
2019-06-10 01:01:41,3.0,3.76 G
2019-06-10 01:01:43,4.0,3.76 G
2019-06-10 01:01:45,4.0,3.76 G
2019-06-10 01:01:47,5.0,3.76 G
2019-06-10 01:01:49,4.0,3.76 G
2019-06-10 01:01:51,4.0,3.76 G
2019-06-10 01:01:53,4.0,3.76 G
2019-06-10 01:01:55,4.0,3.76 G
2019-06-10 01:01:57,5.0,3.76 G
2019-06-10 01:01:59,3.0,3.76 G
2019-06-10 01:02:01,3.0,3.76 G
2019-06-10 01:02:03,3.0,3.76 G
2019-06-10 01:02:05,2.0,3.76 G
2019-06-10 01:02:07,2.0,3.76 G
2019-06-10 01:02:09,4.0,3.76 G
2019-06-10 01:02:11,2.0,3.76 G
2019-06-10 01:02:13,4.0,3.76 G
2019-06-10 01:02:15,4.0,3.76 G
2019-06-10 01:02:17,4.0,3.76 G
2019-06-10 01:02:19,4.0,3.76 G
2019-06-10 01:02:21,5.0,3.76 G
2019-06-10 01:02:23,3.0,3.76 G
2019-06-10 01:02:25,3.0,3.76 G
2019-06-10 01:02:27,6.0,3.76 G
2019-06-10 01:02:29,3.0,3.76 G
2019-06-10 01:02:31,4.0,3.76 G
2019-06-10 01:02:33,3.0,3.76 G
2019-06-10 01:02:35,3.0,3.76 G
2019-06-10 01:02:37,2.0,3.76 G
2019-06-10 01:02:39,2.0,3.76 G
2019-06-10 01:02:41,142.9,3.76 G
2019-06-10 01:02:43,764.5,3.76 G
2019-06-10 01:02:45,765.6,3.76 G
2019-06-10 01:02:47,770.5,3.76 G
2019-06-10 01:02:49,764.4,3.75 G
2019-06-10 01:02:51,767.2,3.71 G
2019-06-10 01:02:53,761.4,3.69 G
2019-06-10 01:02:55,764.8,3.67 G
2019-06-10 01:02:57,2.0,3.66 G
2019-06-10 01:02:59,6.0,3.66 G
2019-06-10 01:03:01,6.0,3.66 G
2019-06-10 01:03:03,9.0,3.66 G
2019-06-10 01:03:05,9.0,3.66 G
2019-06-10 01:03:07,8.0,3.66 G
2019-06-10 01:03:09,9.0,3.66 G
2019-06-10 01:03:11,8.0,3.66 G
2019-06-10 01:03:13,8.0,3.66 G
2019-06-10 01:03:15,8.0,3.66 G
2019-06-10 01:03:17,4.0,3.66 G
2019-06-10 01:03:19,9.0,3.66 G
2019-06-10 01:03:21,8.0,3.66 G
2019-06-10 01:03:23,10.0,3.66 G
2019-06-10 01:03:25,8.0,3.66 G
2019-06-10 01:03:27,8.0,3.66 G
2019-06-10 01:03:29,4.0,3.66 G
2019-06-10 01:03:31,3.0,3.66 G
2019-06-10 01:03:33,8.0,3.66 G
2019-06-10 01:03:35,7.0,3.66 G
2019-06-10 01:03:37,6.0,3.66 G
2019-06-10 01:03:39,9.0,3.66 G
2019-06-10 01:03:41,5.0,3.66 G
2019-06-10 01:03:43,4.0,3.66 G
2019-06-10 01:03:45,8.0,3.66 G
2019-06-10 01:03:47,3.0,3.66 G
2019-06-10 01:03:49,3.0,3.66 G
2019-06-10 01:03:51,9.0,3.66 G
2019-06-10 01:03:53,8.0,3.66 G
2019-06-10 01:03:55,10.0,3.66 G
2019-06-10 01:03:57,10.0,3.66 G
2019-06-10 01:03:59,6.0,3.66 G
2019-06-10 01:04:01,8.0,3.66 G
2019-06-10 01:04:03,5.0,3.66 G
2019-06-10 01:04:05,9.0,3.66 G
2019-06-10 01:04:07,9.0,3.66 G
2019-06-10 01:04:09,7.0,3.66 G
2019-06-10 01:04:12,9.0,3.66 G
2019-06-10 01:04:14,630.5,3.75 G
2019-06-10 01:04:16,756.4,3.74 G
2019-06-10 01:04:18,719.5,3.72 G
2019-06-10 01:04:20,6.0,3.61 G
2019-06-10 01:04:22,7.0,3.61 G
2019-06-10 01:04:24,10.0,3.61 G
2019-06-10 01:04:26,7.0,3.62 G
2019-06-10 01:04:28,5.0,3.62 G
2019-06-10 01:04:30,14.0,3.62 G
2019-06-10 01:04:32,15.0,3.62 G
2019-06-10 01:04:34,17.0,3.62 G
2019-06-10 01:04:36,16.0,3.62 G
2019-06-10 01:04:38,6.0,3.62 G
2019-06-10 01:04:40,4.0,3.62 G
2019-06-10 01:04:42,16.0,3.62 G
2019-06-10 01:04:44,24.0,3.62 G
2019-06-10 01:04:46,36.0,3.62 G
2019-06-10 01:04:48,38.0,3.62 G
2019-06-10 01:04:50,42.0,3.62 G
2019-06-10 01:04:52,44.9,3.62 G
2019-06-10 01:04:54,46.9,3.62 G
2019-06-10 01:04:56,43.9,3.62 G
2019-06-10 01:04:58,44.9,3.62 G
2019-06-10 01:05:00,50.9,3.62 G
2019-06-10 01:05:02,45.9,3.62 G
2019-06-10 01:05:04,751.7,3.62 G
2019-06-10 01:05:06,757.5,3.62 G
2019-06-10 01:05:08,766.4,3.62 G
2019-06-10 01:05:10,252.7,3.61 G
2019-06-10 01:05:12,6.0,3.61 G
2019-06-10 01:05:14,196.8,3.62 G
2019-06-10 01:05:16,756.4,3.62 G
2019-06-10 01:05:18,763.4,3.62 G
2019-06-10 01:05:20,378.8,3.61 G
2019-06-10 01:05:22,4.0,3.61 G
2019-06-10 01:05:24,6.0,3.61 G
2019-06-10 01:05:26,3.0,3.61 G
2019-06-10 01:05:28,4.0,3.61 G
2019-06-10 01:05:30,3.0,3.61 G
2019-06-10 01:05:32,5.0,3.61 G
2019-06-10 01:05:34,3.0,3.61 G
2019-06-10 01:05:36,3.0,3.61 G
2019-06-10 01:05:38,4.0,3.61 G
2019-06-10 01:05:40,8.0,3.62 G
2019-06-10 01:05:42,7.0,3.62 G
2019-06-10 01:05:44,8.0,3.62 G
2019-06-10 01:05:46,3.0,3.62 G
2019-06-10 01:05:48,7.0,3.62 G
2019-06-10 01:05:50,7.0,3.62 G
2019-06-10 01:05:52,8.0,3.62 G
2019-06-10 01:05:54,5.0,3.62 G
2019-06-10 01:05:56,2.0,3.62 G
2019-06-10 01:05:58,4.0,3.62 G
2019-06-10 01:06:00,3.0,3.62 G
2019-06-10 01:06:02,3.0,3.62 G
2019-06-10 01:06:04,2.0,3.62 G
2019-06-10 01:06:06,2.0,3.62 G
2019-06-10 01:06:08,5.0,3.62 G
2019-06-10 01:06:10,4.0,3.62 G
2019-06-10 01:06:12,4.0,3.62 G
2019-06-10 01:06:14,5.0,3.62 G
2019-06-10 01:06:16,6.0,3.62 G
2019-06-10 01:06:18,6.0,3.62 G
2019-06-10 01:06:20,14.0,3.62 G
2019-06-10 01:06:22,34.0,3.62 G
2019-06-10 01:06:24,39.0,3.62 G
2019-06-10 01:06:26,36.0,3.62 G
2019-06-10 01:06:28,39.0,3.62 G
2019-06-10 01:06:30,37.0,3.62 G
2019-06-10 01:06:32,47.0,3.62 G
2019-06-10 01:06:34,76.0,3.62 G
2019-06-10 01:06:36,39.0,3.62 G
2019-06-10 01:06:38,42.9,3.62 G
2019-06-10 01:06:40,38.0,3.62 G
2019-06-10 01:06:42,42.0,3.62 G
2019-06-10 01:06:44,42.9,3.62 G
2019-06-10 01:06:46,41.0,3.62 G
2019-06-10 01:06:48,43.9,3.62 G
2019-06-10 01:06:50,40.9,3.62 G
2019-06-10 01:06:52,29.0,3.62 G
2019-06-10 01:06:54,24.0,3.62 G
2019-06-10 01:06:56,70.0,3.66 G
2019-06-10 01:06:58,39.0,3.66 G
2019-06-10 01:07:00,29.0,3.66 G
2019-06-10 01:07:02,30.0,3.66 G
2019-06-10 01:07:04,26.0,3.66 G
2019-06-10 01:07:06,34.0,3.66 G
2019-06-10 01:07:08,39.0,3.66 G
2019-06-10 01:07:11,35.0,3.66 G
2019-06-10 01:07:13,31.0,3.66 G
2019-06-10 01:07:15,27.0,3.66 G
2019-06-10 01:07:17,6.0,3.66 G
2019-06-10 01:07:19,8.0,3.66 G
2019-06-10 01:07:21,11.0,3.66 G
2019-06-10 01:07:23,6.0,3.66 G
2019-06-10 01:07:25,11.0,3.66 G
2019-06-10 01:07:27,10.0,3.66 G
2019-06-10 01:07:29,762.6,3.69 G
2019-06-10 01:07:31,762.5,3.69 G
2019-06-10 01:07:33,773.5,3.69 G
2019-06-10 01:07:35,765.4,3.69 G
2019-06-10 01:07:37,5.0,3.69 G
2019-06-10 01:07:39,1.0,3.69 G
2019-06-10 01:07:41,8.0,3.69 G
2019-06-10 01:07:43,8.0,3.69 G
2019-06-10 01:07:45,8.0,3.69 G
2019-06-10 01:07:47,8.0,3.69 G
2019-06-10 01:07:49,756.6,3.69 G
2019-06-10 01:07:51,753.5,3.67 G
2019-06-10 01:07:53,754.4,3.65 G
2019-06-10 01:07:55,14.0,3.64 G
2019-06-10 01:07:57,7.0,3.64 G
2019-06-10 01:07:59,8.0,3.64 G
2019-06-10 01:08:01,7.0,3.64 G
2019-06-10 01:08:03,8.0,3.64 G
2019-06-10 01:08:05,8.0,3.64 G
2019-06-10 01:08:07,9.0,3.64 G
2019-06-10 01:08:09,8.0,3.64 G
2019-06-10 01:08:11,9.0,3.64 G
2019-06-10 01:08:13,5.0,3.64 G
2019-06-10 01:08:15,9.0,3.64 G
2019-06-10 01:08:17,9.0,3.64 G
2019-06-10 01:08:19,7.0,3.64 G
2019-06-10 01:08:21,8.0,3.64 G
2019-06-10 01:08:23,8.0,3.64 G
2019-06-10 01:08:25,7.0,3.64 G
2019-06-10 01:08:27,7.0,3.64 G
2019-06-10 01:08:29,6.0,3.64 G
2019-06-10 01:08:31,9.0,3.64 G
2019-06-10 01:08:33,7.0,3.64 G
2019-06-10 01:08:35,8.0,3.64 G
2019-06-10 01:08:37,6.0,3.64 G
2019-06-10 01:08:39,9.0,3.64 G
2019-06-10 01:08:41,8.0,3.64 G
2019-06-10 01:08:43,10.0,3.64 G
2019-06-10 01:08:45,9.0,3.64 G
2019-06-10 01:08:47,8.0,3.64 G
2019-06-10 01:08:49,9.0,3.64 G
2019-06-10 01:08:51,8.0,3.64 G
2019-06-10 01:08:53,8.0,3.64 G
2019-06-10 01:08:55,8.0,3.64 G
2019-06-10 01:08:57,8.0,3.64 G
2019-06-10 01:08:59,764.4,3.64 G
2019-06-10 01:09:01,762.4,3.64 G
2019-06-10 01:09:03,754.5,3.63 G
2019-06-10 01:09:05,762.5,3.62 G
2019-06-10 01:09:07,763.5,3.62 G
2019-06-10 01:09:09,407.6,3.62 G
2019-06-10 01:09:11,1.0,3.62 G
2019-06-10 01:09:13,5.0,3.62 G
2019-06-10 01:09:15,3.0,3.62 G
2019-06-10 01:09:17,5.0,3.62 G
2019-06-10 01:09:19,5.0,3.62 G
2019-06-10 01:09:21,5.0,3.62 G
2019-06-10 01:09:23,4.0,3.62 G
2019-06-10 01:09:25,5.0,3.62 G
2019-06-10 01:09:27,2.0,3.62 G
2019-06-10 01:09:29,2.0,3.62 G
2019-06-10 01:09:31,4.0,3.62 G
2019-06-10 01:09:33,3.0,3.62 G
2019-06-10 01:09:35,5.0,3.62 G
2019-06-10 01:09:37,4.0,3.62 G
2019-06-10 01:09:39,4.0,3.62 G
2019-06-10 01:09:41,5.0,3.62 G
2019-06-10 01:09:43,5.0,3.62 G
2019-06-10 01:09:45,3.0,3.62 G
2019-06-10 01:09:47,2.0,3.62 G
2019-06-10 01:09:49,5.0,3.62 G
2019-06-10 01:09:51,5.0,3.62 G
2019-06-10 01:09:53,5.0,3.62 G
2019-06-10 01:09:55,2.0,3.62 G
2019-06-10 01:09:58,2.0,3.62 G
2019-06-10 01:10:00,4.0,3.62 G
2019-06-10 01:10:02,5.0,3.62 G
2019-06-10 01:10:04,5.0,3.62 G
2019-06-10 01:10:06,3.0,3.62 G
2019-06-10 01:10:08,3.0,3.62 G
2019-06-10 01:10:10,2.0,3.62 G
2019-06-10 01:10:12,2.0,3.62 G
2019-06-10 01:10:14,2.0,3.62 G
2019-06-10 01:10:16,4.0,3.62 G
2019-06-10 01:10:18,4.0,3.62 G
2019-06-10 01:10:20,4.0,3.62 G
2019-06-10 01:10:22,4.0,3.62 G
2019-06-10 01:10:24,3.0,3.62 G
2019-06-10 01:10:26,3.0,3.62 G
2019-06-10 01:10:28,4.0,3.62 G
2019-06-10 01:10:30,3.0,3.62 G
2019-06-10 01:10:32,3.0,3.62 G
2019-06-10 01:10:34,5.0,3.62 G
2019-06-10 01:10:36,6.0,3.62 G
2019-06-10 01:10:38,8.0,3.62 G
2019-06-10 01:10:40,8.0,3.62 G
2019-06-10 01:10:42,8.0,3.62 G
2019-06-10 01:10:44,4.0,3.62 G
2019-06-10 01:10:46,4.0,3.62 G
2019-06-10 01:10:48,4.0,3.62 G
2019-06-10 01:10:50,3.0,3.62 G
2019-06-10 01:10:52,3.0,3.62 G
2019-06-10 01:10:54,3.0,3.62 G
2019-06-10 01:10:56,3.0,3.62 G
2019-06-10 01:10:58,3.0,3.62 G
2019-06-10 01:11:00,2.0,3.62 G
2019-06-10 01:11:02,2.0,3.62 G
2019-06-10 01:11:04,3.0,3.62 G
2019-06-10 01:11:06,1.0,3.62 G
2019-06-10 01:11:08,2.0,3.62 G
2019-06-10 01:11:10,3.0,3.62 G
2019-06-10 01:11:12,2.0,3.62 G
2019-06-10 01:11:14,2.0,3.62 G
2019-06-10 01:11:16,2.0,3.62 G
2019-06-10 01:11:18,3.0,3.62 G
2019-06-10 01:11:20,4.0,3.62 G
2019-06-10 01:11:22,3.0,3.62 G
2019-06-10 01:11:24,2.0,3.62 G
2019-06-10 01:11:26,3.0,3.62 G
2019-06-10 01:11:28,3.0,3.62 G
2019-06-10 01:11:30,3.0,3.62 G
2019-06-10 01:11:32,6.0,3.62 G
2019-06-10 01:11:34,5.0,3.62 G
2019-06-10 01:11:36,106.9,3.70 G
2019-06-10 01:11:38,644.4,3.75 G
2019-06-10 01:11:40,751.4,3.75 G
2019-06-10 01:11:42,765.7,3.75 G
2019-06-10 01:11:44,760.5,3.75 G
2019-06-10 01:11:46,765.4,3.74 G
2019-06-10 01:11:48,568.6,3.67 G
2019-06-10 01:11:50,9.0,3.67 G
2019-06-10 01:11:52,8.0,3.67 G
2019-06-10 01:11:54,4.0,3.67 G
2019-06-10 01:11:56,5.0,3.67 G
2019-06-10 01:11:58,9.0,3.67 G
2019-06-10 01:12:00,9.0,3.67 G
2019-06-10 01:12:02,8.0,3.67 G
2019-06-10 01:12:04,3.0,3.67 G
2019-06-10 01:12:06,4.0,3.67 G
2019-06-10 01:12:08,3.0,3.67 G
2019-06-10 01:12:10,7.0,3.67 G
2019-06-10 01:12:12,9.0,3.67 G
2019-06-10 01:12:14,9.0,3.67 G
2019-06-10 01:12:16,4.0,3.67 G
2019-06-10 01:12:18,4.0,3.67 G
2019-06-10 01:12:20,5.0,3.67 G
2019-06-10 01:12:22,9.0,3.67 G
2019-06-10 01:12:24,9.0,3.67 G
2019-06-10 01:12:26,4.0,3.67 G
2019-06-10 01:12:28,6.0,3.67 G
2019-06-10 01:12:30,5.0,3.67 G
2019-06-10 01:12:32,9.0,3.67 G
2019-06-10 01:12:34,9.0,3.67 G
2019-06-10 01:12:36,6.0,3.67 G
2019-06-10 01:12:38,4.0,3.67 G
2019-06-10 01:12:40,7.0,3.67 G
2019-06-10 01:12:42,9.0,3.67 G
2019-06-10 01:12:44,6.0,3.67 G
2019-06-10 01:12:46,7.0,3.67 G
2019-06-10 01:12:48,8.0,3.67 G
2019-06-10 01:12:50,6.0,3.67 G
2019-06-10 01:12:52,8.0,3.67 G
2019-06-10 01:12:55,7.0,3.67 G
2019-06-10 01:12:57,9.0,3.67 G
2019-06-10 01:12:59,7.0,3.67 G
2019-06-10 01:13:01,7.0,3.67 G
2019-06-10 01:13:03,8.0,3.67 G
2019-06-10 01:13:05,4.0,3.67 G
2019-06-10 01:13:07,7.0,3.67 G
2019-06-10 01:13:09,7.0,3.67 G
2019-06-10 01:13:11,8.0,3.67 G
2019-06-10 01:13:13,8.0,3.67 G
2019-06-10 01:13:15,8.0,3.67 G
2019-06-10 01:13:17,9.0,3.67 G
2019-06-10 01:13:19,9.0,3.67 G
2019-06-10 01:13:21,7.0,3.67 G
2019-06-10 01:13:23,9.0,3.67 G
2019-06-10 01:13:25,5.0,3.67 G
2019-06-10 01:13:27,6.0,3.67 G
2019-06-10 01:13:29,5.0,3.67 G
2019-06-10 01:13:31,6.0,3.67 G
2019-06-10 01:13:33,7.0,3.67 G
2019-06-10 01:13:35,8.0,3.67 G
2019-06-10 01:13:37,8.0,3.67 G
2019-06-10 01:13:39,9.0,3.67 G
2019-06-10 01:13:41,8.0,3.67 G
2019-06-10 01:13:43,6.0,3.67 G
2019-06-10 01:13:45,4.0,3.67 G
2019-06-10 01:13:47,4.0,3.67 G
2019-06-10 01:13:49,6.0,3.67 G
2019-06-10 01:13:51,8.0,3.67 G
2019-06-10 01:13:53,7.0,3.67 G
2019-06-10 01:13:55,8.0,3.67 G
2019-06-10 01:13:57,7.0,3.67 G
2019-06-10 01:13:59,7.0,3.67 G
2019-06-10 01:14:01,7.0,3.67 G
2019-06-10 01:14:03,6.0,3.67 G
2019-06-10 01:14:05,4.0,3.67 G
2019-06-10 01:14:07,6.0,3.67 G
2019-06-10 01:14:09,7.0,3.67 G
2019-06-10 01:14:11,9.0,3.67 G
2019-06-10 01:14:13,52.9,3.73 G
2019-06-10 01:14:15,49.9,3.80 G
2019-06-10 01:14:17,41.0,3.83 G
2019-06-10 01:14:19,67.9,3.85 G
2019-06-10 01:14:21,45.0,3.86 G
2019-06-10 01:14:23,48.9,3.87 G
2019-06-10 01:14:25,53.9,3.90 G
2019-06-10 01:14:27,37.0,3.90 G
2019-06-10 01:14:29,53.9,3.90 G
2019-06-10 01:14:31,38.0,3.90 G
2019-06-10 01:14:33,44.9,3.92 G
2019-06-10 01:14:35,38.0,3.92 G
2019-06-10 01:14:37,39.0,3.92 G
2019-06-10 01:14:39,17.0,3.92 G
2019-06-10 01:14:41,12.0,3.92 G
2019-06-10 01:14:43,10.0,3.92 G
2019-06-10 01:14:45,5.0,3.92 G
2019-06-10 01:14:47,5.0,3.92 G
2019-06-10 01:14:49,10.0,3.92 G
2019-06-10 01:14:51,5.0,3.92 G
2019-06-10 01:14:53,6.0,3.93 G
2019-06-10 01:14:55,10.0,3.93 G
2019-06-10 01:14:57,15.0,3.93 G
2019-06-10 01:14:59,17.0,3.93 G
2019-06-10 01:15:01,12.0,3.93 G
2019-06-10 01:15:03,3.0,3.93 G
2019-06-10 01:15:05,11.0,3.93 G
2019-06-10 01:15:07,28.0,3.94 G
2019-06-10 01:15:09,22.0,3.94 G
2019-06-10 01:15:11,24.0,3.94 G
2019-06-10 01:15:13,16.0,3.94 G
2019-06-10 01:15:15,26.0,3.94 G
2019-06-10 01:15:17,62.9,3.94 G
2019-06-10 01:15:19,20.0,3.94 G
2019-06-10 01:15:21,22.0,3.94 G
2019-06-10 01:15:23,23.0,3.94 G
2019-06-10 01:15:25,26.0,3.94 G
2019-06-10 01:15:27,31.0,3.94 G
2019-06-10 01:15:29,28.0,3.94 G
2019-06-10 01:15:31,37.0,3.94 G
2019-06-10 01:15:33,40.0,3.94 G
2019-06-10 01:15:35,41.0,3.94 G
2019-06-10 01:15:37,41.0,3.94 G
2019-06-10 01:15:39,44.9,3.94 G
2019-06-10 01:15:41,39.0,3.94 G
2019-06-10 01:15:43,39.0,3.94 G
2019-06-10 01:15:45,40.9,3.94 G
2019-06-10 01:15:47,40.0,3.94 G
2019-06-10 01:15:49,70.9,3.94 G
2019-06-10 01:15:51,30.0,3.95 G
2019-06-10 01:15:53,36.0,3.95 G
2019-06-10 01:15:55,40.0,3.95 G
2019-06-10 01:15:58,49.9,3.95 G
2019-06-10 01:16:00,36.0,3.95 G
2019-06-10 01:16:02,32.0,3.95 G
2019-06-10 01:16:04,67.0,3.95 G
2019-06-10 01:16:06,41.0,3.95 G
2019-06-10 01:16:08,48.9,3.95 G
2019-06-10 01:16:10,75.9,3.95 G
2019-06-10 01:16:12,46.9,3.95 G
2019-06-10 01:16:14,38.0,3.95 G
2019-06-10 01:16:16,47.0,3.95 G
2019-06-10 01:16:18,36.0,3.95 G
2019-06-10 01:16:20,39.0,3.95 G
2019-06-10 01:16:22,43.9,3.95 G
2019-06-10 01:16:24,54.9,3.95 G
2019-06-10 01:16:26,50.9,3.95 G
2019-06-10 01:16:28,45.0,3.96 G
2019-06-10 01:16:30,87.0,3.96 G
2019-06-10 01:16:32,53.0,3.96 G
2019-06-10 01:16:34,48.0,3.96 G
2019-06-10 01:16:36,74.9,3.96 G
2019-06-10 01:16:38,42.0,3.96 G
2019-06-10 01:16:40,45.9,3.96 G
2019-06-10 01:16:42,76.9,3.96 G
2019-06-10 01:16:44,45.9,3.96 G
2019-06-10 01:16:46,45.9,3.96 G
2019-06-10 01:16:48,72.0,3.95 G
2019-06-10 01:16:50,54.0,3.95 G
2019-06-10 01:16:52,766.6,3.94 G
2019-06-10 01:16:54,766.6,3.94 G
2019-06-10 01:16:56,765.5,3.91 G
2019-06-10 01:16:58,761.4,3.87 G
2019-06-10 01:17:00,762.5,3.83 G
2019-06-10 01:17:02,765.4,3.80 G
2019-06-10 01:17:04,558.3,3.76 G
2019-06-10 01:17:06,2.0,3.76 G
2019-06-10 01:17:08,8.0,3.76 G
2019-06-10 01:17:10,6.0,3.76 G
2019-06-10 01:17:12,7.0,3.76 G
2019-06-10 01:17:14,7.0,3.76 G
2019-06-10 01:17:16,8.0,3.76 G
2019-06-10 01:17:18,5.0,3.76 G
2019-06-10 01:17:20,8.0,3.76 G
2019-06-10 01:17:22,9.0,3.76 G
2019-06-10 01:17:24,6.0,3.76 G
2019-06-10 01:17:26,8.0,3.76 G
2019-06-10 01:17:28,8.0,3.76 G
2019-06-10 01:17:30,9.0,3.76 G
2019-06-10 01:17:32,9.0,3.76 G
2019-06-10 01:17:34,7.0,3.76 G
2019-06-10 01:17:36,5.0,3.76 G
2019-06-10 01:17:38,5.0,3.76 G
2019-06-10 01:17:40,8.0,3.76 G
2019-06-10 01:17:42,5.0,3.76 G
2019-06-10 01:17:44,7.0,3.76 G
2019-06-10 01:17:46,5.0,3.76 G
2019-06-10 01:17:48,6.0,3.76 G
2019-06-10 01:17:50,4.0,3.76 G
2019-06-10 01:17:52,8.0,3.76 G
2019-06-10 01:17:54,7.0,3.76 G
2019-06-10 01:17:56,6.0,3.76 G
2019-06-10 01:17:58,4.0,3.76 G
2019-06-10 01:18:00,5.0,3.76 G
2019-06-10 01:18:02,8.0,3.76 G
2019-06-10 01:18:04,8.0,3.76 G
2019-06-10 01:18:06,7.0,3.76 G
2019-06-10 01:18:08,6.0,3.76 G
2019-06-10 01:18:10,3.0,3.76 G
2019-06-10 01:18:12,2.0,3.76 G
2019-06-10 01:18:14,3.0,3.76 G
2019-06-10 01:18:16,2.0,3.76 G
2019-06-10 01:18:18,3.0,3.76 G
2019-06-10 01:18:20,2.0,3.76 G
2019-06-10 01:18:22,3.0,3.76 G
2019-06-10 01:18:24,3.0,3.76 G
2019-06-10 01:18:26,3.0,3.76 G
2019-06-10 01:18:28,1.0,3.76 G
2019-06-10 01:18:30,5.0,3.76 G
2019-06-10 01:18:32,8.0,3.76 G
2019-06-10 01:18:34,8.0,3.76 G
2019-06-10 01:18:36,4.0,3.76 G
2019-06-10 01:18:38,4.0,3.76 G
2019-06-10 01:18:40,5.0,3.76 G
2019-06-10 01:18:42,5.0,3.76 G
2019-06-10 01:18:44,5.0,3.76 G
2019-06-10 01:18:46,4.0,3.76 G
2019-06-10 01:18:48,5.0,3.76 G
2019-06-10 01:18:50,5.0,3.76 G
2019-06-10 01:18:52,5.0,3.76 G
2019-06-10 01:18:54,5.0,3.76 G
2019-06-10 01:18:56,5.0,3.76 G
2019-06-10 01:18:58,4.0,3.76 G
2019-06-10 01:19:00,5.0,3.76 G
2019-06-10 01:19:02,694.6,3.67 G
2019-06-10 01:19:05,759.5,3.65 G
2019-06-10 01:19:07,757.5,3.63 G
2019-06-10 01:19:09,22.0,3.50 G
2019-06-10 01:19:11,3.0,3.50 G
2019-06-10 01:19:13,4.0,3.50 G
2019-06-10 01:19:15,5.0,3.50 G
2019-06-10 01:19:17,6.0,3.50 G
2019-06-10 01:19:19,758.5,3.51 G
2019-06-10 01:19:21,764.5,3.50 G
2019-06-10 01:19:23,756.5,3.49 G
2019-06-10 01:19:25,2.0,3.49 G
2019-06-10 01:19:27,2.0,3.49 G
2019-06-10 01:19:29,1.0,3.49 G
2019-06-10 01:19:31,757.4,3.50 G
2019-06-10 01:19:33,763.6,3.49 G
2019-06-10 01:19:35,755.8,3.49 G
2019-06-10 01:19:37,7.0,3.48 G
2019-06-10 01:19:39,6.0,3.48 G
2019-06-10 01:19:41,140.9,3.48 G
2019-06-10 01:19:43,757.3,3.48 G
2019-06-10 01:19:45,757.5,3.48 G
2019-06-10 01:19:47,245.8,3.47 G
2019-06-10 01:19:49,7.0,3.47 G
2019-06-10 01:19:51,5.0,3.47 G
2019-06-10 01:19:53,4.0,3.47 G
2019-06-10 01:19:55,7.0,3.47 G
2019-06-10 01:19:57,8.0,3.47 G
2019-06-10 01:19:59,8.0,3.47 G
2019-06-10 01:20:01,8.0,3.47 G
2019-06-10 01:20:03,8.0,3.47 G
2019-06-10 01:20:05,10.0,3.47 G
2019-06-10 01:20:07,9.0,3.47 G
2019-06-10 01:20:09,10.0,3.47 G
2019-06-10 01:20:11,9.0,3.47 G
2019-06-10 01:20:13,8.0,3.47 G
2019-06-10 01:20:15,9.0,3.47 G
2019-06-10 01:20:17,9.0,3.47 G
2019-06-10 01:20:19,8.0,3.47 G
2019-06-10 01:20:21,103.9,3.50 G
2019-06-10 01:20:23,104.9,3.57 G
2019-06-10 01:20:25,103.9,3.64 G
2019-06-10 01:20:27,101.9,3.70 G
2019-06-10 01:20:29,102.9,3.73 G
2019-06-10 01:20:31,101.9,3.73 G
2019-06-10 01:20:33,101.9,3.74 G
2019-06-10 01:20:35,101.9,3.75 G
2019-06-10 01:20:37,101.9,3.75 G
2019-06-10 01:20:39,615.6,3.75 G
2019-06-10 01:20:41,760.4,3.75 G
2019-06-10 01:20:43,756.4,3.73 G
2019-06-10 01:20:45,20.0,3.73 G
2019-06-10 01:20:47,4.0,3.73 G
2019-06-10 01:20:49,8.0,3.73 G
2019-06-10 01:20:51,5.0,3.73 G
2019-06-10 01:20:53,758.5,3.73 G
2019-06-10 01:20:55,753.4,3.73 G
2019-06-10 01:20:57,751.4,3.73 G
2019-06-10 01:20:59,5.0,3.72 G
2019-06-10 01:21:01,4.0,3.72 G
2019-06-10 01:21:03,7.0,3.72 G
2019-06-10 01:21:05,6.0,3.72 G
2019-06-10 01:21:07,7.0,3.72 G
2019-06-10 01:21:09,7.0,3.72 G
2019-06-10 01:21:11,4.0,3.72 G
2019-06-10 01:21:13,6.0,3.72 G
2019-06-10 01:21:15,7.0,3.72 G
2019-06-10 01:21:17,7.0,3.72 G
2019-06-10 01:21:19,5.0,3.72 G
2019-06-10 01:21:21,4.0,3.72 G
2019-06-10 01:21:23,3.0,3.72 G
2019-06-10 01:21:25,7.0,3.72 G
2019-06-10 01:21:27,7.0,3.72 G
2019-06-10 01:21:29,8.0,3.72 G
2019-06-10 01:21:31,8.0,3.72 G
2019-06-10 01:21:33,7.0,3.72 G
2019-06-10 01:21:35,8.0,3.72 G
2019-06-10 01:21:37,9.0,3.72 G
2019-06-10 01:21:39,8.0,3.72 G
2019-06-10 01:21:41,9.0,3.72 G
2019-06-10 01:21:43,9.0,3.72 G
2019-06-10 01:21:45,7.0,3.72 G
2019-06-10 01:21:47,5.0,3.72 G
2019-06-10 01:21:49,7.0,3.72 G
2019-06-10 01:21:51,4.0,3.72 G
2019-06-10 01:21:53,7.0,3.72 G
2019-06-10 01:21:55,8.0,3.72 G
2019-06-10 01:21:57,6.0,3.72 G
2019-06-10 01:21:59,8.0,3.72 G
2019-06-10 01:22:01,6.0,3.72 G
2019-06-10 01:22:03,228.8,3.72 G
2019-06-10 01:22:05,763.5,3.72 G
2019-06-10 01:22:08,765.6,3.72 G
2019-06-10 01:22:10,56.0,3.72 G
2019-06-10 01:22:12,7.0,3.72 G
2019-06-10 01:22:14,9.0,3.72 G
2019-06-10 01:22:16,8.0,3.72 G
2019-06-10 01:22:18,9.0,3.72 G
2019-06-10 01:22:20,3.0,3.72 G
2019-06-10 01:22:22,8.0,3.72 G
2019-06-10 01:22:24,8.0,3.72 G
2019-06-10 01:22:26,6.0,3.72 G
2019-06-10 01:22:28,7.0,3.72 G
2019-06-10 01:22:30,8.0,3.72 G
2019-06-10 01:22:32,8.0,3.72 G
2019-06-10 01:22:34,751.4,3.72 G
2019-06-10 01:22:36,756.5,3.72 G
2019-06-10 01:22:38,382.6,3.72 G
2019-06-10 01:22:40,7.0,3.72 G
2019-06-10 01:22:42,8.0,3.72 G
2019-06-10 01:22:44,10.0,3.72 G
2019-06-10 01:22:46,8.0,3.72 G
2019-06-10 01:22:48,10.0,3.72 G
2019-06-10 01:22:50,9.0,3.72 G
2019-06-10 01:22:52,4.0,3.72 G
2019-06-10 01:22:54,7.0,3.72 G
2019-06-10 01:22:56,9.0,3.72 G
2019-06-10 01:22:58,9.0,3.72 G
2019-06-10 01:23:00,4.0,3.72 G
2019-06-10 01:23:02,4.0,3.72 G
2019-06-10 01:23:04,5.0,3.72 G
2019-06-10 01:23:06,8.0,3.72 G
2019-06-10 01:23:08,7.0,3.72 G
2019-06-10 01:23:10,5.0,3.72 G
2019-06-10 01:23:12,4.0,3.72 G
2019-06-10 01:23:14,4.0,3.72 G
2019-06-10 01:23:16,5.0,3.72 G
2019-06-10 01:23:18,4.0,3.72 G
2019-06-10 01:23:20,8.0,3.72 G
2019-06-10 01:23:22,4.0,3.72 G
2019-06-10 01:23:24,9.0,3.72 G
2019-06-10 01:23:26,26.0,3.73 G
2019-06-10 01:23:28,104.9,3.73 G
2019-06-10 01:23:30,99.9,3.74 G
2019-06-10 01:23:32,99.9,3.74 G
2019-06-10 01:23:34,99.9,3.75 G
2019-06-10 01:23:36,99.9,3.75 G
2019-06-10 01:23:38,100.9,3.76 G
2019-06-10 01:23:40,100.9,3.77 G
2019-06-10 01:23:42,101.9,3.77 G
2019-06-10 01:23:44,343.6,3.78 G
2019-06-10 01:23:46,763.5,3.77 G
2019-06-10 01:23:48,758.5,3.73 G
2019-06-10 01:23:50,122.9,3.72 G
2019-06-10 01:23:52,6.0,3.72 G
2019-06-10 01:23:54,6.0,3.72 G
2019-06-10 01:23:56,5.0,3.72 G
2019-06-10 01:23:58,7.0,3.72 G
2019-06-10 01:24:00,4.0,3.72 G
2019-06-10 01:24:02,7.0,3.72 G
2019-06-10 01:24:04,4.0,3.72 G
2019-06-10 01:24:06,4.0,3.72 G
2019-06-10 01:24:08,6.0,3.72 G
2019-06-10 01:24:10,6.0,3.72 G
2019-06-10 01:24:12,7.0,3.72 G
2019-06-10 01:24:14,6.0,3.72 G
2019-06-10 01:24:16,9.0,3.72 G
2019-06-10 01:24:18,7.0,3.72 G
2019-06-10 01:24:20,8.0,3.72 G
2019-06-10 01:24:22,8.0,3.72 G
2019-06-10 01:24:24,7.0,3.72 G
2019-06-10 01:24:26,8.0,3.72 G
2019-06-10 01:24:28,5.0,3.72 G
2019-06-10 01:24:30,7.0,3.72 G
2019-06-10 01:24:32,8.0,3.72 G
2019-06-10 01:24:34,9.0,3.72 G
2019-06-10 01:24:36,9.0,3.72 G
2019-06-10 01:24:38,5.0,3.72 G
2019-06-10 01:24:40,18.0,3.74 G
2019-06-10 01:24:42,262.8,3.77 G
2019-06-10 01:24:44,764.5,3.77 G
2019-06-10 01:24:46,758.3,3.74 G
2019-06-10 01:24:48,104.9,3.73 G
2019-06-10 01:24:50,665.4,3.73 G
2019-06-10 01:24:52,757.4,3.73 G
2019-06-10 01:24:54,759.2,3.72 G
2019-06-10 01:24:56,4.0,3.71 G
2019-06-10 01:24:58,8.0,3.71 G
2019-06-10 01:25:00,6.0,3.71 G
2019-06-10 01:25:02,4.0,3.71 G
2019-06-10 01:25:04,3.0,3.71 G
2019-06-10 01:25:06,4.0,3.71 G
2019-06-10 01:25:08,4.0,3.71 G
2019-06-10 01:25:10,4.0,3.71 G
2019-06-10 01:25:12,8.0,3.71 G
2019-06-10 01:25:15,6.0,3.71 G
2019-06-10 01:25:17,8.0,3.71 G
2019-06-10 01:25:19,8.0,3.71 G
2019-06-10 01:25:21,7.0,3.71 G
2019-06-10 01:25:23,6.0,3.71 G
2019-06-10 01:25:25,8.0,3.71 G
2019-06-10 01:25:27,4.0,3.71 G
2019-06-10 01:25:29,7.0,3.71 G
2019-06-10 01:25:31,5.0,3.71 G
2019-06-10 01:25:33,7.0,3.71 G
2019-06-10 01:25:35,7.0,3.71 G
2019-06-10 01:25:37,3.0,3.71 G
2019-06-10 01:25:39,8.0,3.71 G
2019-06-10 01:25:41,8.0,3.71 G
2019-06-10 01:25:43,8.0,3.71 G
2019-06-10 01:25:45,8.0,3.71 G
2019-06-10 01:25:47,8.0,3.71 G
2019-06-10 01:25:49,7.0,3.71 G
2019-06-10 01:25:51,9.0,3.71 G
2019-06-10 01:25:53,8.0,3.71 G
2019-06-10 01:25:55,8.0,3.71 G
2019-06-10 01:25:57,8.0,3.71 G
2019-06-10 01:25:59,8.0,3.71 G
2019-06-10 01:26:01,7.0,3.71 G
2019-06-10 01:26:03,7.0,3.71 G
2019-06-10 01:26:05,7.0,3.71 G
2019-06-10 01:26:07,8.0,3.71 G
2019-06-10 01:26:09,7.0,3.71 G
2019-06-10 01:26:11,8.0,3.71 G
2019-06-10 01:26:13,9.0,3.71 G
2019-06-10 01:26:15,5.0,3.71 G
2019-06-10 01:26:17,7.0,3.71 G
2019-06-10 01:26:19,5.0,3.71 G
2019-06-10 01:26:21,4.0,3.71 G
2019-06-10 01:26:23,8.0,3.71 G
2019-06-10 01:26:25,7.0,3.71 G
2019-06-10 01:26:27,4.0,3.71 G
2019-06-10 01:26:29,3.0,3.71 G
2019-06-10 01:26:31,6.0,3.71 G
2019-06-10 01:26:33,5.0,3.71 G
2019-06-10 01:26:35,3.0,3.71 G
2019-06-10 01:26:37,5.0,3.71 G
2019-06-10 01:26:39,6.0,3.71 G
2019-06-10 01:26:41,5.0,3.71 G
2019-06-10 01:26:43,5.0,3.71 G
2019-06-10 01:26:45,7.0,3.71 G
2019-06-10 01:26:47,5.0,3.71 G
2019-06-10 01:26:49,9.0,3.71 G
2019-06-10 01:26:51,9.0,3.71 G
2019-06-10 01:26:53,8.0,3.71 G
2019-06-10 01:26:55,5.0,3.71 G
2019-06-10 01:26:57,9.0,3.71 G
2019-06-10 01:26:59,9.0,3.71 G
2019-06-10 01:27:01,8.0,3.71 G
2019-06-10 01:27:03,8.0,3.71 G
2019-06-10 01:27:05,7.0,3.71 G
2019-06-10 01:27:07,8.0,3.71 G
2019-06-10 01:27:09,8.0,3.71 G
2019-06-10 01:27:11,7.0,3.71 G
2019-06-10 01:27:13,8.0,3.71 G
2019-06-10 01:27:15,7.0,3.71 G
2019-06-10 01:27:17,5.0,3.71 G
2019-06-10 01:27:19,4.0,3.71 G
2019-06-10 01:27:21,6.0,3.71 G
2019-06-10 01:27:23,101.9,3.72 G
2019-06-10 01:27:25,101.0,3.72 G
2019-06-10 01:27:27,102.9,3.73 G
2019-06-10 01:27:29,100.9,3.73 G
2019-06-10 01:27:31,100.9,3.73 G
2019-06-10 01:27:33,101.0,3.74 G
2019-06-10 01:27:35,100.9,3.74 G
2019-06-10 01:27:37,99.9,3.74 G
2019-06-10 01:27:39,101.9,3.74 G
2019-06-10 01:27:41,103.9,3.74 G
2019-06-10 01:27:43,100.9,3.75 G
2019-06-10 01:27:45,101.9,3.75 G
2019-06-10 01:27:47,100.9,3.76 G
2019-06-10 01:27:49,101.9,3.76 G
2019-06-10 01:27:51,102.0,3.76 G
2019-06-10 01:27:53,101.9,3.77 G
2019-06-10 01:27:55,101.9,3.77 G
2019-06-10 01:27:57,100.9,3.77 G
2019-06-10 01:27:59,104.9,3.77 G
2019-06-10 01:28:01,99.9,3.78 G
2019-06-10 01:28:03,100.9,3.78 G
2019-06-10 01:28:05,100.9,3.78 G
2019-06-10 01:28:07,100.9,3.78 G
2019-06-10 01:28:09,101.9,3.78 G
2019-06-10 01:28:11,101.9,3.79 G
2019-06-10 01:28:13,100.9,3.79 G
2019-06-10 01:28:15,218.0,3.79 G
2019-06-10 01:28:17,752.5,3.79 G
2019-06-10 01:28:19,765.4,3.79 G
2019-06-10 01:28:21,315.6,3.72 G
2019-06-10 01:28:23,3.0,3.72 G
2019-06-10 01:28:25,6.0,3.72 G
2019-06-10 01:28:27,4.0,3.72 G
2019-06-10 01:28:29,3.0,3.72 G
2019-06-10 01:28:31,4.0,3.72 G
2019-06-10 01:28:33,2.0,3.72 G
2019-06-10 01:28:35,9.0,3.72 G
2019-06-10 01:28:37,9.0,3.72 G
2019-06-10 01:28:40,7.0,3.72 G
2019-06-10 01:28:42,8.0,3.72 G
2019-06-10 01:28:44,4.0,3.72 G
2019-06-10 01:28:46,7.0,3.72 G
2019-06-10 01:28:48,9.0,3.72 G
2019-06-10 01:28:50,5.0,3.72 G
2019-06-10 01:28:52,4.0,3.72 G
2019-06-10 01:28:54,8.0,3.72 G
2019-06-10 01:28:56,5.0,3.72 G
2019-06-10 01:28:58,7.0,3.72 G
2019-06-10 01:29:00,8.0,3.72 G
2019-06-10 01:29:02,6.0,3.72 G
2019-06-10 01:29:04,7.0,3.72 G
2019-06-10 01:29:06,7.0,3.72 G
2019-06-10 01:29:08,6.0,3.72 G
2019-06-10 01:29:10,7.0,3.72 G
2019-06-10 01:29:12,8.0,3.72 G
2019-06-10 01:29:14,6.0,3.72 G
2019-06-10 01:29:16,6.0,3.72 G
2019-06-10 01:29:18,7.0,3.72 G
2019-06-10 01:29:20,6.0,3.72 G
2019-06-10 01:29:22,7.0,3.72 G
2019-06-10 01:29:24,7.0,3.72 G
2019-06-10 01:29:26,8.0,3.72 G
2019-06-10 01:29:28,8.0,3.72 G
2019-06-10 01:29:30,8.0,3.72 G
2019-06-10 01:29:32,8.0,3.72 G
2019-06-10 01:29:34,4.0,3.72 G
2019-06-10 01:29:36,7.0,3.72 G
2019-06-10 01:29:38,8.0,3.72 G
2019-06-10 01:29:40,8.0,3.72 G
2019-06-10 01:29:42,8.0,3.72 G
2019-06-10 01:29:44,8.0,3.72 G
2019-06-10 01:29:46,7.0,3.72 G
2019-06-10 01:29:48,7.0,3.72 G
2019-06-10 01:29:50,91.9,3.85 G
2019-06-10 01:29:52,104.9,3.85 G
2019-06-10 01:29:54,104.0,3.85 G
2019-06-10 01:29:56,103.9,3.85 G
2019-06-10 01:29:58,103.0,3.86 G
2019-06-10 01:30:00,103.8,3.86 G
2019-06-10 01:30:02,103.0,3.86 G
2019-06-10 01:30:04,676.8,3.87 G
2019-06-10 01:30:06,765.5,3.87 G
2019-06-10 01:30:08,765.5,3.87 G
2019-06-10 01:30:10,12.0,3.84 G
2019-06-10 01:30:12,3.0,3.84 G
2019-06-10 01:30:14,8.0,3.84 G
2019-06-10 01:30:16,5.0,3.84 G
2019-06-10 01:30:18,6.0,3.84 G
2019-06-10 01:30:20,4.0,3.84 G
2019-06-10 01:30:22,6.0,3.84 G
2019-06-10 01:30:24,5.0,3.84 G
2019-06-10 01:30:26,9.0,3.84 G
2019-06-10 01:30:28,5.0,3.84 G
2019-06-10 01:30:30,5.0,3.84 G
2019-06-10 01:30:32,8.0,3.84 G
2019-06-10 01:30:34,7.0,3.84 G
2019-06-10 01:30:36,8.0,3.84 G
2019-06-10 01:30:38,8.0,3.84 G
2019-06-10 01:30:40,7.0,3.84 G
2019-06-10 01:30:42,7.0,3.84 G
2019-06-10 01:30:44,8.0,3.84 G
2019-06-10 01:30:46,6.0,3.84 G
2019-06-10 01:30:48,8.0,3.84 G
2019-06-10 01:30:50,7.0,3.84 G
2019-06-10 01:30:52,7.0,3.84 G
2019-06-10 01:30:54,7.0,3.84 G
2019-06-10 01:30:56,5.0,3.84 G
2019-06-10 01:30:58,6.0,3.84 G
2019-06-10 01:31:00,8.0,3.84 G
2019-06-10 01:31:02,8.0,3.84 G
2019-06-10 01:31:04,5.0,3.84 G
2019-06-10 01:31:06,9.0,3.84 G
2019-06-10 01:31:08,9.0,3.84 G
2019-06-10 01:31:10,105.9,3.91 G
2019-06-10 01:31:12,102.9,3.92 G
2019-06-10 01:31:14,102.9,3.92 G
2019-06-10 01:31:16,100.9,3.92 G
2019-06-10 01:31:18,758.3,3.86 G
2019-06-10 01:31:20,754.5,3.86 G
2019-06-10 01:31:22,753.5,3.84 G
2019-06-10 01:31:24,754.4,3.80 G
2019-06-10 01:31:26,757.5,3.79 G
2019-06-10 01:31:28,535.6,3.72 G
2019-06-10 01:31:30,1.0,3.72 G
2019-06-10 01:31:32,3.0,3.72 G
2019-06-10 01:31:34,4.0,3.72 G
2019-06-10 01:31:36,5.0,3.72 G
2019-06-10 01:31:38,3.0,3.72 G
2019-06-10 01:31:40,8.0,3.72 G
2019-06-10 01:31:42,4.0,3.72 G
2019-06-10 01:31:44,5.0,3.72 G
2019-06-10 01:31:46,9.0,3.72 G
2019-06-10 01:31:48,7.0,3.72 G
2019-06-10 01:31:51,9.0,3.72 G
2019-06-10 01:31:53,5.0,3.72 G
2019-06-10 01:31:55,4.0,3.72 G
2019-06-10 01:31:57,5.0,3.72 G
2019-06-10 01:31:59,7.0,3.72 G
2019-06-10 01:32:01,8.0,3.72 G
2019-06-10 01:32:03,7.0,3.72 G
2019-06-10 01:32:05,6.0,3.72 G
2019-06-10 01:32:07,8.0,3.72 G
2019-06-10 01:32:09,9.0,3.72 G
2019-06-10 01:32:11,8.0,3.72 G
2019-06-10 01:32:13,7.0,3.72 G
2019-06-10 01:32:15,8.0,3.72 G
2019-06-10 01:32:17,7.0,3.72 G
2019-06-10 01:32:19,9.0,3.72 G
2019-06-10 01:32:21,8.0,3.72 G
2019-06-10 01:32:23,6.0,3.72 G
2019-06-10 01:32:25,6.0,3.72 G
2019-06-10 01:32:27,7.0,3.72 G
2019-06-10 01:32:29,7.0,3.72 G
2019-06-10 01:32:31,8.0,3.72 G
2019-06-10 01:32:33,7.0,3.72 G
2019-06-10 01:32:35,8.0,3.72 G
2019-06-10 01:32:37,9.0,3.72 G
2019-06-10 01:32:39,7.0,3.72 G
2019-06-10 01:32:41,9.0,3.72 G
2019-06-10 01:32:43,9.0,3.72 G
2019-06-10 01:32:45,9.0,3.72 G
2019-06-10 01:32:47,9.0,3.72 G
2019-06-10 01:32:49,9.0,3.72 G
2019-06-10 01:32:51,8.0,3.72 G
2019-06-10 01:32:53,9.0,3.72 G
2019-06-10 01:32:55,8.0,3.72 G
2019-06-10 01:32:57,10.0,3.72 G
2019-06-10 01:32:59,9.0,3.72 G
2019-06-10 01:33:01,9.0,3.72 G
2019-06-10 01:33:03,9.0,3.72 G
2019-06-10 01:33:05,7.0,3.72 G
2019-06-10 01:33:07,9.0,3.72 G
2019-06-10 01:33:09,9.0,3.72 G
2019-06-10 01:33:11,5.0,3.72 G
2019-06-10 01:33:13,8.0,3.72 G
2019-06-10 01:33:15,7.0,3.72 G
2019-06-10 01:33:17,9.0,3.72 G
2019-06-10 01:33:19,7.0,3.72 G
2019-06-10 01:33:21,9.0,3.72 G
2019-06-10 01:33:23,8.0,3.72 G
2019-06-10 01:33:25,8.0,3.72 G
2019-06-10 01:33:27,8.0,3.72 G
2019-06-10 01:33:29,7.0,3.72 G
2019-06-10 01:33:31,9.0,3.72 G
2019-06-10 01:33:33,9.0,3.72 G
2019-06-10 01:33:35,6.0,3.72 G
2019-06-10 01:33:37,8.0,3.72 G
2019-06-10 01:33:39,8.0,3.72 G
2019-06-10 01:33:41,8.0,3.72 G
2019-06-10 01:33:43,9.0,3.72 G
2019-06-10 01:33:45,8.0,3.72 G
2019-06-10 01:33:47,9.0,3.72 G
2019-06-10 01:33:49,9.0,3.72 G
2019-06-10 01:33:51,8.0,3.72 G
2019-06-10 01:33:53,7.0,3.72 G
2019-06-10 01:33:55,6.0,3.72 G
2019-06-10 01:33:57,5.0,3.72 G
2019-06-10 01:33:59,7.0,3.72 G
2019-06-10 01:34:01,6.0,3.72 G
2019-06-10 01:34:03,8.0,3.72 G
2019-06-10 01:34:05,5.0,3.72 G
2019-06-10 01:34:07,7.0,3.72 G
2019-06-10 01:34:09,8.0,3.72 G
2019-06-10 01:34:11,9.0,3.72 G
2019-06-10 01:34:13,8.0,3.72 G
2019-06-10 01:34:15,35.0,3.74 G
2019-06-10 01:34:17,8.0,3.74 G
2019-06-10 01:34:19,7.0,3.74 G
2019-06-10 01:34:21,6.0,3.74 G
2019-06-10 01:34:23,6.0,3.74 G
2019-06-10 01:34:25,6.0,3.74 G
2019-06-10 01:34:27,8.0,3.74 G
2019-06-10 01:34:29,8.0,3.74 G
2019-06-10 01:34:31,9.0,3.74 G
2019-06-10 01:34:33,9.0,3.74 G
2019-06-10 01:34:35,102.0,3.90 G
2019-06-10 01:34:37,764.5,3.91 G
2019-06-10 01:34:39,761.3,3.90 G
2019-06-10 01:34:41,763.4,3.85 G
2019-06-10 01:34:43,763.4,3.84 G
2019-06-10 01:34:45,762.5,3.84 G
2019-06-10 01:34:47,766.6,3.84 G
2019-06-10 01:34:50,759.2,3.83 G
2019-06-10 01:34:52,755.5,3.83 G
2019-06-10 01:34:54,16.0,3.70 G
2019-06-10 01:34:56,5.0,3.70 G
2019-06-10 01:34:58,4.0,3.70 G
2019-06-10 01:35:00,9.0,3.70 G
2019-06-10 01:35:02,6.0,3.70 G
2019-06-10 01:35:04,5.0,3.70 G
2019-06-10 01:35:06,4.0,3.70 G
2019-06-10 01:35:08,4.0,3.70 G
2019-06-10 01:35:10,9.0,3.70 G
2019-06-10 01:35:12,9.0,3.70 G
2019-06-10 01:35:14,9.0,3.70 G
2019-06-10 01:35:16,8.0,3.70 G
2019-06-10 01:35:18,9.0,3.70 G
2019-06-10 01:35:20,6.0,3.70 G
2019-06-10 01:35:22,7.0,3.70 G
2019-06-10 01:35:24,6.0,3.70 G
2019-06-10 01:35:26,6.0,3.70 G
2019-06-10 01:35:28,8.0,3.70 G
2019-06-10 01:35:30,6.0,3.70 G
2019-06-10 01:35:32,5.0,3.70 G
2019-06-10 01:35:34,5.0,3.70 G
2019-06-10 01:35:36,8.0,3.70 G
2019-06-10 01:35:38,8.0,3.70 G
2019-06-10 01:35:40,8.0,3.70 G
2019-06-10 01:35:42,6.0,3.70 G
2019-06-10 01:35:44,8.0,3.70 G
2019-06-10 01:35:46,5.0,3.70 G
2019-06-10 01:35:48,5.0,3.70 G
2019-06-10 01:35:50,7.0,3.70 G
2019-06-10 01:35:52,8.0,3.70 G
2019-06-10 01:35:54,6.0,3.70 G
2019-06-10 01:35:56,7.0,3.70 G
2019-06-10 01:35:58,7.0,3.70 G
2019-06-10 01:36:00,7.0,3.70 G
2019-06-10 01:36:02,8.0,3.70 G
2019-06-10 01:36:04,9.0,3.70 G
2019-06-10 01:36:06,8.0,3.70 G
2019-06-10 01:36:08,8.0,3.70 G
2019-06-10 01:36:10,9.0,3.70 G
2019-06-10 01:36:12,5.0,3.70 G
2019-06-10 01:36:14,9.0,3.70 G
2019-06-10 01:36:16,4.0,3.70 G
2019-06-10 01:36:18,5.0,3.70 G
2019-06-10 01:36:20,7.0,3.70 G
2019-06-10 01:36:22,8.0,3.70 G
2019-06-10 01:36:24,9.0,3.70 G
2019-06-10 01:36:26,9.0,3.70 G
2019-06-10 01:36:28,7.0,3.70 G
2019-06-10 01:36:30,7.0,3.70 G
2019-06-10 01:36:32,7.0,3.70 G
2019-06-10 01:36:34,6.0,3.70 G
2019-06-10 01:36:36,6.0,3.70 G
2019-06-10 01:36:38,5.0,3.70 G
2019-06-10 01:36:40,9.0,3.70 G
2019-06-10 01:36:42,7.0,3.70 G
2019-06-10 01:36:44,6.0,3.70 G
2019-06-10 01:36:46,5.0,3.70 G
2019-06-10 01:36:48,7.0,3.70 G
2019-06-10 01:36:50,8.0,3.70 G
2019-06-10 01:36:52,7.0,3.70 G
2019-06-10 01:36:54,9.0,3.70 G
2019-06-10 01:36:56,8.0,3.70 G
2019-06-10 01:36:58,9.0,3.70 G
2019-06-10 01:37:00,8.0,3.70 G
2019-06-10 01:37:02,7.0,3.70 G
2019-06-10 01:37:04,8.0,3.70 G
2019-06-10 01:37:06,8.0,3.70 G
2019-06-10 01:37:08,9.0,3.70 G
2019-06-10 01:37:10,8.0,3.70 G
2019-06-10 01:37:12,7.0,3.70 G
2019-06-10 01:37:14,7.0,3.70 G
2019-06-10 01:37:16,8.0,3.70 G
2019-06-10 01:37:18,8.0,3.70 G
2019-06-10 01:37:20,9.0,3.70 G
2019-06-10 01:37:22,8.0,3.70 G
2019-06-10 01:37:24,8.0,3.70 G
2019-06-10 01:37:26,7.0,3.70 G
2019-06-10 01:37:28,4.0,3.70 G
2019-06-10 01:37:30,7.0,3.70 G
2019-06-10 01:37:32,8.0,3.70 G
2019-06-10 01:37:34,8.0,3.70 G
2019-06-10 01:37:36,7.0,3.70 G
2019-06-10 01:37:38,5.0,3.70 G
2019-06-10 01:37:40,8.0,3.70 G
2019-06-10 01:37:42,5.0,3.70 G
2019-06-10 01:37:44,8.0,3.70 G
2019-06-10 01:37:46,8.0,3.70 G
2019-06-10 01:37:49,9.0,3.70 G
2019-06-10 01:37:51,8.0,3.70 G
2019-06-10 01:37:53,8.0,3.70 G
2019-06-10 01:37:55,8.0,3.70 G
2019-06-10 01:37:57,6.0,3.70 G
2019-06-10 01:37:59,9.0,3.70 G
2019-06-10 01:38:01,6.0,3.70 G
2019-06-10 01:38:03,8.0,3.70 G
2019-06-10 01:38:05,9.0,3.70 G
2019-06-10 01:38:07,9.0,3.70 G
2019-06-10 01:38:09,7.0,3.70 G
2019-06-10 01:38:11,7.0,3.70 G
2019-06-10 01:38:13,8.0,3.70 G
2019-06-10 01:38:15,8.0,3.70 G
2019-06-10 01:38:17,5.0,3.70 G
2019-06-10 01:38:19,6.0,3.70 G
2019-06-10 01:38:21,7.0,3.70 G
2019-06-10 01:38:23,760.3,3.81 G
2019-06-10 01:38:25,764.2,3.81 G
2019-06-10 01:38:27,762.4,3.81 G
2019-06-10 01:38:29,763.5,3.77 G
2019-06-10 01:38:31,764.2,3.77 G
2019-06-10 01:38:33,359.7,3.76 G
2019-06-10 01:38:35,6.0,3.76 G
2019-06-10 01:38:37,1.0,3.76 G
2019-06-10 01:38:39,2.0,3.76 G
2019-06-10 01:38:41,3.0,3.76 G
2019-06-10 01:38:43,8.0,3.76 G
2019-06-10 01:38:45,7.0,3.76 G
2019-06-10 01:38:47,7.0,3.76 G
2019-06-10 01:38:49,4.0,3.76 G
2019-06-10 01:38:51,8.0,3.76 G
2019-06-10 01:38:53,8.0,3.76 G
2019-06-10 01:38:55,5.0,3.76 G
2019-06-10 01:38:57,8.0,3.76 G
2019-06-10 01:38:59,8.0,3.76 G
2019-06-10 01:39:01,8.0,3.76 G
2019-06-10 01:39:03,8.0,3.76 G
2019-06-10 01:39:05,8.0,3.76 G
2019-06-10 01:39:07,9.0,3.76 G
2019-06-10 01:39:09,7.0,3.76 G
2019-06-10 01:39:11,9.0,3.76 G
2019-06-10 01:39:13,8.0,3.76 G
2019-06-10 01:39:15,9.0,3.76 G
2019-06-10 01:39:17,7.0,3.76 G
2019-06-10 01:39:19,3.0,3.76 G
2019-06-10 01:39:21,6.0,3.76 G
2019-06-10 01:39:23,8.0,3.76 G
2019-06-10 01:39:25,7.0,3.76 G
2019-06-10 01:39:27,8.0,3.76 G
2019-06-10 01:39:29,11.0,3.76 G
2019-06-10 01:39:31,7.0,3.76 G
2019-06-10 01:39:33,7.0,3.76 G
2019-06-10 01:39:35,8.0,3.76 G
2019-06-10 01:39:37,9.0,3.77 G
2019-06-10 01:39:39,13.0,3.77 G
2019-06-10 01:39:41,4.0,3.77 G
2019-06-10 01:39:43,8.0,3.77 G
2019-06-10 01:39:45,18.0,3.77 G
2019-06-10 01:39:47,9.0,3.78 G
2019-06-10 01:39:49,8.0,3.78 G
2019-06-10 01:39:51,8.0,3.78 G
2019-06-10 01:39:53,9.0,3.78 G
2019-06-10 01:39:55,7.0,3.78 G
2019-06-10 01:39:57,8.0,3.78 G
2019-06-10 01:39:59,32.0,3.78 G
2019-06-10 01:40:01,38.0,3.80 G
2019-06-10 01:40:03,31.0,3.80 G
2019-06-10 01:40:05,21.0,3.81 G
2019-06-10 01:40:07,28.0,3.81 G
2019-06-10 01:40:09,16.0,3.81 G
2019-06-10 01:40:11,19.0,3.81 G
2019-06-10 01:40:13,8.0,3.81 G
2019-06-10 01:40:15,5.0,3.81 G
2019-06-10 01:40:17,5.0,3.81 G
2019-06-10 01:40:19,7.0,3.81 G
2019-06-10 01:40:21,9.0,3.82 G
2019-06-10 01:40:23,12.0,3.82 G
2019-06-10 01:40:25,16.0,3.82 G
2019-06-10 01:40:27,17.0,3.82 G
2019-06-10 01:40:29,24.0,3.82 G
2019-06-10 01:40:31,10.0,3.82 G
2019-06-10 01:40:33,22.0,3.82 G
2019-06-10 01:40:35,44.9,3.82 G
2019-06-10 01:40:37,34.0,3.82 G
2019-06-10 01:40:39,21.0,3.83 G
2019-06-10 01:40:41,36.0,3.83 G
2019-06-10 01:40:44,26.0,3.83 G
2019-06-10 01:40:46,27.0,3.83 G
2019-06-10 01:40:48,14.0,3.83 G
2019-06-10 01:40:50,19.0,3.83 G
2019-06-10 01:40:52,28.0,3.84 G
2019-06-10 01:40:54,30.0,3.84 G
2019-06-10 01:40:56,33.0,3.84 G
2019-06-10 01:40:58,36.0,3.84 G
2019-06-10 01:41:00,718.9,3.85 G
2019-06-10 01:41:02,763.5,3.84 G
2019-06-10 01:41:04,763.3,3.84 G
2019-06-10 01:41:06,764.5,3.82 G
2019-06-10 01:41:08,764.6,3.79 G
2019-06-10 01:41:10,755.4,3.73 G
2019-06-10 01:41:12,2.0,3.65 G
2019-06-10 01:41:14,8.0,3.65 G
2019-06-10 01:41:16,7.0,3.65 G
2019-06-10 01:41:18,8.0,3.65 G
2019-06-10 01:41:20,8.0,3.65 G
2019-06-10 01:41:22,7.0,3.65 G
2019-06-10 01:41:24,9.0,3.65 G
2019-06-10 01:41:26,8.0,3.65 G
2019-06-10 01:41:28,8.0,3.65 G
2019-06-10 01:41:30,8.0,3.65 G
2019-06-10 01:41:32,10.0,3.65 G
2019-06-10 01:41:34,6.0,3.65 G
2019-06-10 01:41:36,9.0,3.65 G
2019-06-10 01:41:38,8.0,3.65 G
2019-06-10 01:41:40,9.0,3.65 G
2019-06-10 01:41:42,9.0,3.65 G
2019-06-10 01:41:44,9.0,3.65 G
2019-06-10 01:41:46,9.0,3.65 G
2019-06-10 01:41:48,5.0,3.65 G
2019-06-10 01:41:50,6.0,3.65 G
2019-06-10 01:41:52,8.0,3.65 G
2019-06-10 01:41:54,9.0,3.65 G
2019-06-10 01:41:56,9.0,3.65 G
2019-06-10 01:41:58,9.0,3.65 G
2019-06-10 01:42:00,7.0,3.65 G
2019-06-10 01:42:02,8.0,3.65 G
2019-06-10 01:42:04,7.0,3.65 G
2019-06-10 01:42:06,7.0,3.65 G
2019-06-10 01:42:08,9.0,3.65 G
2019-06-10 01:42:10,8.0,3.65 G
2019-06-10 01:42:12,4.0,3.65 G
2019-06-10 01:42:14,9.0,3.65 G
2019-06-10 01:42:16,7.0,3.65 G
2019-06-10 01:42:18,9.0,3.65 G
2019-06-10 01:42:20,8.0,3.65 G
2019-06-10 01:42:22,8.0,3.65 G
2019-06-10 01:42:24,4.0,3.65 G
2019-06-10 01:42:26,7.0,3.65 G
2019-06-10 01:42:28,7.0,3.65 G
2019-06-10 01:42:30,8.0,3.65 G
2019-06-10 01:42:32,6.0,3.65 G
2019-06-10 01:42:34,9.0,3.65 G
2019-06-10 01:42:36,7.0,3.65 G
2019-06-10 01:42:38,6.0,3.65 G
2019-06-10 01:42:40,664.7,3.65 G
2019-06-10 01:42:42,759.2,3.64 G
2019-06-10 01:42:44,761.6,3.63 G
2019-06-10 01:42:46,13.0,3.63 G
2019-06-10 01:42:48,4.0,3.63 G
2019-06-10 01:42:50,8.0,3.63 G
2019-06-10 01:42:52,3.0,3.63 G
2019-06-10 01:42:54,2.0,3.63 G
2019-06-10 01:42:56,3.0,3.63 G
2019-06-10 01:42:58,3.0,3.63 G
2019-06-10 01:43:00,4.0,3.63 G
2019-06-10 01:43:02,4.0,3.63 G
2019-06-10 01:43:04,4.0,3.63 G
2019-06-10 01:43:06,4.0,3.63 G
2019-06-10 01:43:08,3.0,3.63 G
2019-06-10 01:43:10,2.0,3.63 G
2019-06-10 01:43:12,4.0,3.63 G
2019-06-10 01:43:14,6.0,3.63 G
2019-06-10 01:43:16,6.0,3.63 G
2019-06-10 01:43:18,4.0,3.63 G
2019-06-10 01:43:20,4.0,3.63 G
2019-06-10 01:43:22,4.0,3.63 G
2019-06-10 01:43:24,5.0,3.63 G
2019-06-10 01:43:26,5.0,3.63 G
2019-06-10 01:43:28,2.0,3.63 G
2019-06-10 01:43:30,4.0,3.63 G
2019-06-10 01:43:32,3.0,3.63 G
2019-06-10 01:43:34,3.0,3.63 G
2019-06-10 01:43:36,5.0,3.63 G
2019-06-10 01:43:38,4.0,3.63 G
2019-06-10 01:43:40,3.0,3.63 G
2019-06-10 01:43:42,3.0,3.63 G
2019-06-10 01:43:45,3.0,3.63 G
2019-06-10 01:43:47,5.0,3.63 G
2019-06-10 01:43:49,3.0,3.63 G
2019-06-10 01:43:51,2.0,3.63 G
2019-06-10 01:43:53,4.0,3.63 G
2019-06-10 01:43:55,4.0,3.63 G
2019-06-10 01:43:57,758.5,3.63 G
2019-06-10 01:43:59,760.5,3.63 G
2019-06-10 01:44:01,760.8,3.63 G
2019-06-10 01:44:03,7.0,3.63 G
2019-06-10 01:44:05,3.0,3.63 G
2019-06-10 01:44:07,3.0,3.63 G
2019-06-10 01:44:09,5.0,3.63 G
2019-06-10 01:44:11,4.0,3.63 G
2019-06-10 01:44:13,5.0,3.63 G
2019-06-10 01:44:15,6.0,3.63 G
2019-06-10 01:44:17,5.0,3.63 G
2019-06-10 01:44:19,5.0,3.63 G
2019-06-10 01:44:21,5.0,3.63 G
2019-06-10 01:44:23,6.0,3.63 G
2019-06-10 01:44:25,5.0,3.63 G
2019-06-10 01:44:27,5.0,3.63 G
2019-06-10 01:44:29,6.0,3.63 G
2019-06-10 01:44:31,4.0,3.63 G
2019-06-10 01:44:33,4.0,3.63 G
2019-06-10 01:44:35,4.0,3.63 G
2019-06-10 01:44:37,5.0,3.63 G
2019-06-10 01:44:39,9.0,3.63 G
2019-06-10 01:44:41,7.0,3.63 G
2019-06-10 01:44:43,8.0,3.63 G
2019-06-10 01:44:45,8.0,3.63 G
2019-06-10 01:44:47,6.0,3.63 G
2019-06-10 01:44:49,7.0,3.63 G
2019-06-10 01:44:51,4.0,3.63 G
2019-06-10 01:44:53,5.0,3.63 G
2019-06-10 01:44:55,6.0,3.63 G
2019-06-10 01:44:57,7.0,3.63 G
2019-06-10 01:44:59,6.0,3.63 G
2019-06-10 01:45:01,7.0,3.63 G
2019-06-10 01:45:03,8.0,3.63 G
2019-06-10 01:45:05,7.0,3.63 G
2019-06-10 01:45:07,3.0,3.63 G
2019-06-10 01:45:09,5.0,3.63 G
2019-06-10 01:45:11,8.0,3.63 G
2019-06-10 01:45:13,7.0,3.63 G
2019-06-10 01:45:15,8.0,3.63 G
2019-06-10 01:45:17,8.0,3.63 G
2019-06-10 01:45:19,5.0,3.63 G
2019-06-10 01:45:21,8.0,3.63 G
2019-06-10 01:45:23,6.0,3.63 G
2019-06-10 01:45:25,7.0,3.63 G
2019-06-10 01:45:27,5.0,3.63 G
2019-06-10 01:45:29,8.0,3.63 G
2019-06-10 01:45:31,8.0,3.63 G
2019-06-10 01:45:33,7.0,3.63 G
2019-06-10 01:45:35,8.0,3.63 G
2019-06-10 01:45:37,8.0,3.63 G
2019-06-10 01:45:39,8.0,3.63 G
2019-06-10 01:45:41,8.0,3.63 G
2019-06-10 01:45:43,7.0,3.63 G
2019-06-10 01:45:45,5.0,3.63 G
2019-06-10 01:45:47,7.0,3.63 G
2019-06-10 01:45:49,9.0,3.63 G
2019-06-10 01:45:51,8.0,3.63 G
2019-06-10 01:45:53,7.0,3.63 G
2019-06-10 01:45:55,8.0,3.63 G
2019-06-10 01:45:57,8.0,3.63 G
2019-06-10 01:45:59,6.0,3.63 G
2019-06-10 01:46:01,8.0,3.63 G
2019-06-10 01:46:03,9.0,3.63 G
2019-06-10 01:46:05,8.0,3.63 G
2019-06-10 01:46:07,7.0,3.63 G
2019-06-10 01:46:09,8.0,3.63 G
2019-06-10 01:46:11,6.0,3.63 G
2019-06-10 01:46:13,8.0,3.63 G
2019-06-10 01:46:15,7.0,3.63 G
2019-06-10 01:46:17,8.0,3.63 G
2019-06-10 01:46:19,5.0,3.63 G
2019-06-10 01:46:21,5.0,3.63 G
2019-06-10 01:46:23,7.0,3.63 G
2019-06-10 01:46:25,6.0,3.63 G
2019-06-10 01:46:27,8.0,3.63 G
2019-06-10 01:46:29,6.0,3.63 G
2019-06-10 01:46:31,7.0,3.63 G
2019-06-10 01:46:33,6.0,3.63 G
2019-06-10 01:46:35,6.0,3.63 G
2019-06-10 01:46:37,4.0,3.63 G
2019-06-10 01:46:39,5.0,3.63 G
2019-06-10 01:46:41,6.0,3.63 G
2019-06-10 01:46:43,9.0,3.63 G
2019-06-10 01:46:45,9.0,3.63 G
2019-06-10 01:46:47,8.0,3.63 G
2019-06-10 01:46:49,6.0,3.63 G
2019-06-10 01:46:51,230.9,3.64 G
2019-06-10 01:46:54,757.2,3.64 G
2019-06-10 01:46:56,752.5,3.64 G
2019-06-10 01:46:58,272.8,3.64 G
2019-06-10 01:47:00,6.0,3.64 G
2019-06-10 01:47:02,8.0,3.64 G
2019-06-10 01:47:04,9.0,3.64 G
2019-06-10 01:47:06,8.0,3.64 G
2019-06-10 01:47:08,8.0,3.64 G
2019-06-10 01:47:10,7.0,3.64 G
2019-06-10 01:47:12,2.0,3.64 G
2019-06-10 01:47:14,4.0,3.64 G
2019-06-10 01:47:16,7.0,3.64 G
2019-06-10 01:47:18,8.0,3.64 G
2019-06-10 01:47:20,3.0,3.64 G
2019-06-10 01:47:22,2.0,3.64 G
2019-06-10 01:47:24,5.0,3.64 G
2019-06-10 01:47:26,8.0,3.64 G
2019-06-10 01:47:28,7.0,3.64 G
2019-06-10 01:47:30,6.0,3.64 G
2019-06-10 01:47:32,8.0,3.64 G
2019-06-10 01:47:34,8.0,3.64 G
2019-06-10 01:47:36,8.0,3.64 G
2019-06-10 01:47:38,5.0,3.64 G
2019-06-10 01:47:40,7.0,3.64 G
2019-06-10 01:47:42,7.0,3.64 G
2019-06-10 01:47:44,8.0,3.64 G
2019-06-10 01:47:46,7.0,3.64 G
2019-06-10 01:47:48,7.0,3.64 G
2019-06-10 01:47:50,6.0,3.64 G
2019-06-10 01:47:52,4.0,3.64 G
2019-06-10 01:47:54,7.0,3.64 G
2019-06-10 01:47:56,8.0,3.64 G
2019-06-10 01:47:58,4.0,3.64 G
2019-06-10 01:48:00,5.0,3.64 G
2019-06-10 01:48:02,6.0,3.64 G
2019-06-10 01:48:04,5.0,3.64 G
2019-06-10 01:48:06,4.0,3.64 G
2019-06-10 01:48:08,5.0,3.64 G
2019-06-10 01:48:10,7.0,3.64 G
2019-06-10 01:48:12,6.0,3.64 G
2019-06-10 01:48:14,7.0,3.64 G
2019-06-10 01:48:16,3.0,3.64 G
2019-06-10 01:48:18,4.0,3.64 G
2019-06-10 01:48:20,4.0,3.64 G
2019-06-10 01:48:22,6.0,3.64 G
2019-06-10 01:48:24,26.0,3.64 G
2019-06-10 01:48:26,104.9,3.72 G
2019-06-10 01:48:28,104.9,3.72 G
2019-06-10 01:48:30,101.9,3.73 G
2019-06-10 01:48:32,102.9,3.74 G
2019-06-10 01:48:34,102.9,3.75 G
2019-06-10 01:48:36,106.9,3.75 G
2019-06-10 01:48:38,102.9,3.76 G
2019-06-10 01:48:40,103.0,3.77 G
2019-06-10 01:48:42,104.0,3.77 G
2019-06-10 01:48:44,102.9,3.77 G
2019-06-10 01:48:46,102.9,3.78 G
2019-06-10 01:48:48,103.9,3.79 G
2019-06-10 01:48:50,100.9,3.79 G
2019-06-10 01:48:52,354.7,3.79 G
2019-06-10 01:48:54,756.4,3.79 G
2019-06-10 01:48:56,766.4,3.79 G
2019-06-10 01:48:58,320.6,3.73 G
2019-06-10 01:49:00,4.0,3.73 G
2019-06-10 01:49:02,7.0,3.73 G
2019-06-10 01:49:04,7.0,3.73 G
2019-06-10 01:49:06,8.0,3.73 G
2019-06-10 01:49:08,7.0,3.73 G
2019-06-10 01:49:10,8.0,3.73 G
2019-06-10 01:49:12,6.0,3.73 G
2019-06-10 01:49:14,6.0,3.73 G
2019-06-10 01:49:16,5.0,3.73 G
2019-06-10 01:49:18,5.0,3.73 G
2019-06-10 01:49:20,4.0,3.73 G
2019-06-10 01:49:22,5.0,3.73 G
2019-06-10 01:49:24,5.0,3.73 G
2019-06-10 01:49:26,5.0,3.73 G
2019-06-10 01:49:28,9.0,3.73 G
2019-06-10 01:49:30,6.0,3.73 G
2019-06-10 01:49:32,7.0,3.73 G
2019-06-10 01:49:34,5.0,3.73 G
2019-06-10 01:49:36,4.0,3.73 G
2019-06-10 01:49:38,5.0,3.73 G
2019-06-10 01:49:40,5.0,3.73 G
2019-06-10 01:49:42,5.0,3.73 G
2019-06-10 01:49:44,4.0,3.73 G
2019-06-10 01:49:46,5.0,3.73 G
2019-06-10 01:49:48,1.0,3.73 G
2019-06-10 01:49:50,6.0,3.73 G
2019-06-10 01:49:52,4.0,3.73 G
2019-06-10 01:49:54,4.0,3.73 G
2019-06-10 01:49:56,6.0,3.73 G
2019-06-10 01:49:58,5.0,3.73 G
2019-06-10 01:50:01,6.0,3.73 G
2019-06-10 01:50:03,5.0,3.73 G
2019-06-10 01:50:05,6.0,3.73 G
2019-06-10 01:50:07,8.0,3.73 G
2019-06-10 01:50:09,6.0,3.73 G
2019-06-10 01:50:11,4.0,3.73 G
2019-06-10 01:50:13,8.0,3.73 G
2019-06-10 01:50:15,5.0,3.73 G
2019-06-10 01:50:17,5.0,3.73 G
2019-06-10 01:50:19,105.9,3.81 G
2019-06-10 01:50:21,653.6,3.81 G
2019-06-10 01:50:23,766.5,3.81 G
2019-06-10 01:50:25,766.6,3.76 G
2019-06-10 01:50:27,760.6,3.76 G
2019-06-10 01:50:29,764.5,3.76 G
2019-06-10 01:50:31,742.4,3.71 G
2019-06-10 01:50:33,7.0,3.71 G
2019-06-10 01:50:35,7.0,3.71 G
2019-06-10 01:50:37,8.0,3.71 G
2019-06-10 01:50:39,7.0,3.71 G
2019-06-10 01:50:41,7.0,3.71 G
2019-06-10 01:50:43,8.0,3.71 G
2019-06-10 01:50:45,7.0,3.71 G
2019-06-10 01:50:47,4.0,3.71 G
2019-06-10 01:50:49,5.0,3.71 G
2019-06-10 01:50:51,7.0,3.71 G
2019-06-10 01:50:53,6.0,3.71 G
2019-06-10 01:50:55,7.0,3.71 G
2019-06-10 01:50:57,6.0,3.71 G
2019-06-10 01:50:59,6.0,3.71 G
2019-06-10 01:51:01,8.0,3.71 G
2019-06-10 01:51:03,7.0,3.71 G
2019-06-10 01:51:05,8.0,3.71 G
2019-06-10 01:51:07,8.0,3.71 G
2019-06-10 01:51:09,7.0,3.71 G
2019-06-10 01:51:11,9.0,3.71 G
2019-06-10 01:51:13,9.0,3.71 G
2019-06-10 01:51:15,8.0,3.71 G
2019-06-10 01:51:17,7.0,3.71 G
2019-06-10 01:51:19,6.0,3.71 G
2019-06-10 01:51:21,273.7,3.71 G
2019-06-10 01:51:23,754.4,3.71 G
2019-06-10 01:51:25,753.5,3.71 G
2019-06-10 01:51:27,156.9,3.71 G
2019-06-10 01:51:29,7.0,3.71 G
2019-06-10 01:51:31,8.0,3.71 G
2019-06-10 01:51:33,8.0,3.71 G
2019-06-10 01:51:35,6.0,3.71 G
2019-06-10 01:51:37,4.0,3.71 G
2019-06-10 01:51:39,4.0,3.71 G
2019-06-10 01:51:41,7.0,3.71 G
2019-06-10 01:51:43,8.0,3.71 G
2019-06-10 01:51:45,8.0,3.71 G
2019-06-10 01:51:47,7.0,3.71 G
2019-06-10 01:51:49,8.0,3.71 G
2019-06-10 01:51:51,8.0,3.71 G
2019-06-10 01:51:53,7.0,3.71 G
2019-06-10 01:51:55,4.0,3.71 G
2019-06-10 01:51:57,5.0,3.71 G
2019-06-10 01:51:59,7.0,3.71 G
2019-06-10 01:52:01,10.0,3.71 G
2019-06-10 01:52:03,8.0,3.71 G
2019-06-10 01:52:05,8.0,3.71 G
2019-06-10 01:52:07,9.0,3.71 G
2019-06-10 01:52:09,7.0,3.71 G
2019-06-10 01:52:11,7.0,3.71 G
2019-06-10 01:52:13,7.0,3.71 G
2019-06-10 01:52:15,7.0,3.71 G
2019-06-10 01:52:17,8.0,3.71 G
2019-06-10 01:52:19,9.0,3.71 G
2019-06-10 01:52:21,9.0,3.71 G
2019-06-10 01:52:23,5.0,3.71 G
2019-06-10 01:52:25,8.0,3.71 G
2019-06-10 01:52:27,5.0,3.71 G
2019-06-10 01:52:29,8.0,3.71 G
2019-06-10 01:52:31,8.0,3.71 G
2019-06-10 01:52:33,8.0,3.71 G
2019-06-10 01:52:35,6.0,3.71 G
2019-06-10 01:52:37,7.0,3.71 G
2019-06-10 01:52:39,6.0,3.71 G
2019-06-10 01:52:41,20.0,3.78 G
2019-06-10 01:52:43,103.9,3.79 G
2019-06-10 01:52:45,104.9,3.79 G
2019-06-10 01:52:47,102.9,3.79 G
2019-06-10 01:52:49,768.4,3.79 G
2019-06-10 01:52:51,764.5,3.79 G
2019-06-10 01:52:53,762.5,3.75 G
2019-06-10 01:52:55,763.3,3.75 G
2019-06-10 01:52:58,754.5,3.74 G
2019-06-10 01:53:00,450.6,3.70 G
2019-06-10 01:53:02,7.0,3.70 G
2019-06-10 01:53:04,7.0,3.70 G
2019-06-10 01:53:06,7.0,3.70 G
2019-06-10 01:53:08,7.0,3.70 G
2019-06-10 01:53:10,6.0,3.70 G
2019-06-10 01:53:12,5.0,3.70 G
2019-06-10 01:53:14,6.0,3.70 G
2019-06-10 01:53:16,4.0,3.70 G
2019-06-10 01:53:18,6.0,3.70 G
2019-06-10 01:53:20,5.0,3.70 G
2019-06-10 01:53:22,7.0,3.70 G
2019-06-10 01:53:24,4.0,3.70 G
2019-06-10 01:53:26,6.0,3.70 G
2019-06-10 01:53:28,9.0,3.70 G
2019-06-10 01:53:30,6.0,3.70 G
2019-06-10 01:53:32,6.0,3.70 G
2019-06-10 01:53:34,6.0,3.70 G
2019-06-10 01:53:36,6.0,3.70 G
2019-06-10 01:53:38,5.0,3.70 G
2019-06-10 01:53:40,4.0,3.70 G
2019-06-10 01:53:42,4.0,3.70 G
2019-06-10 01:53:44,7.0,3.70 G
2019-06-10 01:53:46,7.0,3.70 G
2019-06-10 01:53:48,8.0,3.70 G
2019-06-10 01:53:50,753.4,3.70 G
2019-06-10 01:53:52,756.5,3.70 G
2019-06-10 01:53:54,529.6,3.70 G
2019-06-10 01:53:56,6.0,3.70 G
2019-06-10 01:53:58,7.0,3.70 G
2019-06-10 01:54:00,7.0,3.70 G
2019-06-10 01:54:02,4.0,3.70 G
2019-06-10 01:54:04,9.0,3.70 G
2019-06-10 01:54:06,9.0,3.70 G
2019-06-10 01:54:08,6.0,3.70 G
2019-06-10 01:54:10,7.0,3.70 G
2019-06-10 01:54:12,7.0,3.70 G
2019-06-10 01:54:14,9.0,3.70 G
2019-06-10 01:54:16,9.0,3.70 G
2019-06-10 01:54:18,8.0,3.70 G
2019-06-10 01:54:20,8.0,3.70 G
2019-06-10 01:54:22,7.0,3.70 G
2019-06-10 01:54:24,6.0,3.70 G
2019-06-10 01:54:26,5.0,3.70 G
2019-06-10 01:54:28,6.0,3.70 G
2019-06-10 01:54:30,7.0,3.70 G
2019-06-10 01:54:32,5.0,3.70 G
2019-06-10 01:54:34,7.0,3.70 G
2019-06-10 01:54:36,5.0,3.70 G
2019-06-10 01:54:38,6.0,3.70 G
2019-06-10 01:54:40,5.0,3.70 G
2019-06-10 01:54:42,6.0,3.70 G
2019-06-10 01:54:44,5.0,3.70 G
2019-06-10 01:54:46,8.0,3.70 G
2019-06-10 01:54:48,8.0,3.70 G
2019-06-10 01:54:50,8.0,3.70 G
2019-06-10 01:54:52,3.0,3.70 G
2019-06-10 01:54:54,7.0,3.70 G
2019-06-10 01:54:56,4.0,3.70 G
2019-06-10 01:54:58,4.0,3.70 G
2019-06-10 01:55:00,8.0,3.70 G
2019-06-10 01:55:02,6.0,3.70 G
2019-06-10 01:55:04,6.0,3.70 G
2019-06-10 01:55:06,107.9,3.72 G
2019-06-10 01:55:08,103.9,3.74 G
2019-06-10 01:55:10,102.9,3.75 G
2019-06-10 01:55:12,101.9,3.77 G
2019-06-10 01:55:14,542.5,3.77 G
2019-06-10 01:55:16,757.4,3.77 G
2019-06-10 01:55:18,763.4,3.72 G
2019-06-10 01:55:20,41.0,3.72 G
2019-06-10 01:55:22,6.0,3.72 G
2019-06-10 01:55:24,5.0,3.72 G
2019-06-10 01:55:26,7.0,3.72 G
2019-06-10 01:55:28,6.0,3.72 G
2019-06-10 01:55:30,6.0,3.72 G
2019-06-10 01:55:32,6.0,3.72 G
2019-06-10 01:55:34,7.0,3.72 G
2019-06-10 01:55:36,7.0,3.72 G
2019-06-10 01:55:38,6.0,3.72 G
2019-06-10 01:55:40,6.0,3.72 G
2019-06-10 01:55:42,4.0,3.72 G
2019-06-10 01:55:44,7.0,3.72 G
2019-06-10 01:55:46,8.0,3.72 G
2019-06-10 01:55:48,9.0,3.72 G
2019-06-10 01:55:50,41.9,3.73 G
2019-06-10 01:55:52,46.0,3.75 G
2019-06-10 01:55:54,38.0,3.75 G
2019-06-10 01:55:56,13.0,3.76 G
2019-06-10 01:55:59,12.0,3.76 G
2019-06-10 01:56:01,31.0,3.76 G
2019-06-10 01:56:03,29.0,3.77 G
2019-06-10 01:56:05,37.0,3.77 G
2019-06-10 01:56:07,60.9,3.77 G
2019-06-10 01:56:09,44.0,3.78 G
2019-06-10 01:56:11,30.0,3.78 G
2019-06-10 01:56:13,46.9,3.78 G
2019-06-10 01:56:15,60.0,3.78 G
2019-06-10 01:56:17,764.8,3.78 G
2019-06-10 01:56:19,751.4,3.78 G
2019-06-10 01:56:21,763.5,3.77 G
2019-06-10 01:56:23,763.5,3.75 G
2019-06-10 01:56:25,762.3,3.73 G
2019-06-10 01:56:27,463.5,3.67 G
2019-06-10 01:56:29,5.0,3.67 G
2019-06-10 01:56:31,755.5,3.67 G
2019-06-10 01:56:33,765.4,3.67 G
2019-06-10 01:56:35,753.3,3.67 G
