2019-06-08 01:17:55,174.8,151.88 M
2019-06-08 01:17:57,0.0,151.88 M
2019-06-08 01:17:59,0.0,151.88 M
2019-06-08 01:18:01,159.9,189.42 M
2019-06-08 01:18:03,159.9,534.59 M
2019-06-08 01:18:05,0.0,725.65 M
2019-06-08 01:18:07,14.0,726.34 M
2019-06-08 01:18:09,0.0,730.72 M
2019-06-08 01:18:11,1.0,730.72 M
2019-06-08 01:18:13,0.0,730.72 M
2019-06-08 01:18:15,0.0,730.72 M
2019-06-08 01:18:17,0.0,730.72 M
2019-06-08 01:18:19,0.0,730.72 M
2019-06-08 01:18:21,0.0,730.72 M
2019-06-08 01:18:23,0.0,731.28 M
2019-06-08 01:18:25,0.0,731.28 M
2019-06-08 01:18:27,0.0,731.28 M
2019-06-08 01:18:29,16.0,737.25 M
2019-06-08 01:18:31,7.0,737.36 M
2019-06-08 01:18:33,539.6,791.41 M
2019-06-08 01:18:35,741.4,791.36 M
2019-06-08 01:18:37,728.5,791.74 M
2019-06-08 01:18:39,1.0,791.74 M
2019-06-08 01:18:41,1.0,791.74 M
2019-06-08 01:18:43,0.0,791.74 M
2019-06-08 01:18:45,43.9,792.35 M
2019-06-08 01:18:47,33.0,792.66 M
2019-06-08 01:18:49,26.0,792.71 M
2019-06-08 01:18:51,1.0,792.71 M
2019-06-08 01:18:53,7.0,792.71 M
2019-06-08 01:18:55,6.0,792.71 M
2019-06-08 01:18:57,7.0,792.71 M
2019-06-08 01:18:59,8.0,792.71 M
2019-06-08 01:19:01,7.0,792.71 M
2019-06-08 01:19:03,10.0,792.71 M
2019-06-08 01:19:05,6.0,792.71 M
2019-06-08 01:19:07,689.5,896.39 M
2019-06-08 01:19:09,762.4,867.13 M
2019-06-08 01:19:11,764.5,867.34 M
2019-06-08 01:19:13,73.9,869.50 M
2019-06-08 01:19:15,5.0,851.31 M
2019-06-08 01:19:17,7.0,851.31 M
2019-06-08 01:19:19,6.0,851.31 M
2019-06-08 01:19:21,6.0,851.31 M
2019-06-08 01:19:23,7.0,851.31 M
2019-06-08 01:19:25,6.0,851.31 M
2019-06-08 01:19:27,768.4,912.10 M
2019-06-08 01:19:29,768.5,912.00 M
2019-06-08 01:19:31,674.3,906.09 M
2019-06-08 01:19:33,77.0,936.77 M
2019-06-08 01:19:35,15.0,921.32 M
2019-06-08 01:19:37,6.0,921.32 M
2019-06-08 01:19:39,4.0,913.32 M
2019-06-08 01:19:41,6.0,916.57 M
2019-06-08 01:19:43,9.0,916.57 M
2019-06-08 01:19:45,8.0,916.57 M
2019-06-08 01:19:47,9.0,916.57 M
2019-06-08 01:19:49,8.0,916.57 M
2019-06-08 01:19:51,4.0,916.57 M
2019-06-08 01:19:53,5.0,916.57 M
2019-06-08 01:19:55,4.0,916.57 M
2019-06-08 01:19:57,5.0,916.57 M
2019-06-08 01:19:59,8.0,916.57 M
2019-06-08 01:20:01,7.0,916.57 M
2019-06-08 01:20:03,4.0,916.57 M
2019-06-08 01:20:05,3.0,916.57 M
2019-06-08 01:20:07,5.0,916.57 M
2019-06-08 01:20:09,4.0,916.57 M
2019-06-08 01:20:11,7.0,916.57 M
2019-06-08 01:20:13,7.0,916.57 M
2019-06-08 01:20:15,6.0,916.57 M
2019-06-08 01:20:17,5.0,916.57 M
2019-06-08 01:20:19,4.0,916.57 M
2019-06-08 01:20:22,8.0,916.57 M
2019-06-08 01:20:24,9.0,916.57 M
2019-06-08 01:20:26,9.0,916.57 M
2019-06-08 01:20:28,9.0,916.57 M
2019-06-08 01:20:30,9.0,916.57 M
2019-06-08 01:20:32,8.0,916.57 M
2019-06-08 01:20:34,6.0,916.57 M
2019-06-08 01:20:36,8.0,916.57 M
2019-06-08 01:20:38,8.0,916.57 M
2019-06-08 01:20:40,6.0,916.57 M
2019-06-08 01:20:42,4.0,916.57 M
2019-06-08 01:20:44,8.0,916.57 M
2019-06-08 01:20:46,5.0,916.57 M
2019-06-08 01:20:48,4.0,916.57 M
2019-06-08 01:20:50,7.0,916.57 M
2019-06-08 01:20:52,7.0,916.57 M
2019-06-08 01:20:54,7.0,916.57 M
2019-06-08 01:20:56,8.0,916.57 M
2019-06-08 01:20:58,8.0,916.57 M
2019-06-08 01:21:00,7.0,916.57 M
2019-06-08 01:21:02,6.0,916.57 M
2019-06-08 01:21:04,5.0,916.57 M
2019-06-08 01:21:06,5.0,916.57 M
2019-06-08 01:21:08,3.0,916.57 M
2019-06-08 01:21:10,7.0,916.57 M
2019-06-08 01:21:12,7.0,916.57 M
2019-06-08 01:21:14,4.0,916.57 M
2019-06-08 01:21:16,5.0,916.57 M
2019-06-08 01:21:18,6.0,916.57 M
2019-06-08 01:21:20,5.0,916.57 M
2019-06-08 01:21:22,5.0,916.57 M
2019-06-08 01:21:24,6.0,916.57 M
2019-06-08 01:21:26,7.0,916.57 M
2019-06-08 01:21:28,8.0,916.57 M
2019-06-08 01:21:30,8.0,916.57 M
2019-06-08 01:21:32,4.0,916.57 M
2019-06-08 01:21:34,4.0,916.57 M
2019-06-08 01:21:36,5.0,916.57 M
2019-06-08 01:21:38,5.0,916.57 M
2019-06-08 01:21:40,4.0,916.57 M
2019-06-08 01:21:42,4.0,916.57 M
2019-06-08 01:21:44,3.0,916.57 M
2019-06-08 01:21:46,3.0,916.57 M
2019-06-08 01:21:48,4.0,916.57 M
2019-06-08 01:21:50,4.0,916.57 M
2019-06-08 01:21:52,5.0,916.57 M
2019-06-08 01:21:54,4.0,916.57 M
2019-06-08 01:21:56,5.0,916.57 M
2019-06-08 01:21:58,5.0,916.57 M
2019-06-08 01:22:00,4.0,916.57 M
2019-06-08 01:22:02,4.0,916.57 M
2019-06-08 01:22:04,3.0,916.57 M
2019-06-08 01:22:06,4.0,916.57 M
2019-06-08 01:22:08,5.0,916.57 M
2019-06-08 01:22:10,3.0,916.57 M
2019-06-08 01:22:12,5.0,916.57 M
2019-06-08 01:22:14,5.0,916.57 M
2019-06-08 01:22:16,3.0,916.57 M
2019-06-08 01:22:18,5.0,916.57 M
2019-06-08 01:22:20,2.0,916.57 M
2019-06-08 01:22:22,4.0,916.57 M
2019-06-08 01:22:24,3.0,916.57 M
2019-06-08 01:22:26,3.0,916.57 M
2019-06-08 01:22:28,6.0,916.57 M
2019-06-08 01:22:30,5.0,916.57 M
2019-06-08 01:22:32,4.0,916.57 M
2019-06-08 01:22:34,4.0,916.57 M
2019-06-08 01:22:36,6.0,916.57 M
2019-06-08 01:22:38,5.0,916.57 M
2019-06-08 01:22:40,5.0,916.57 M
2019-06-08 01:22:42,2.0,916.62 M
2019-06-08 01:22:44,5.0,916.62 M
2019-06-08 01:22:46,5.0,916.62 M
2019-06-08 01:22:48,5.0,916.62 M
2019-06-08 01:22:50,2.0,916.62 M
2019-06-08 01:22:52,4.0,916.62 M
2019-06-08 01:22:54,3.0,916.62 M
2019-06-08 01:22:56,3.0,916.62 M
2019-06-08 01:22:58,3.0,916.62 M
2019-06-08 01:23:00,5.0,916.62 M
2019-06-08 01:23:03,6.0,916.62 M
2019-06-08 01:23:05,5.0,916.62 M
2019-06-08 01:23:07,4.0,916.62 M
2019-06-08 01:23:09,4.0,916.62 M
2019-06-08 01:23:11,4.0,916.62 M
2019-06-08 01:23:13,4.0,916.62 M
2019-06-08 01:23:15,5.0,916.62 M
2019-06-08 01:23:17,6.0,916.62 M
2019-06-08 01:23:19,2.0,916.62 M
2019-06-08 01:23:21,3.0,916.62 M
2019-06-08 01:23:23,3.0,916.62 M
2019-06-08 01:23:25,4.0,916.62 M
2019-06-08 01:23:27,3.0,916.62 M
2019-06-08 01:23:29,4.0,916.62 M
2019-06-08 01:23:31,4.0,916.62 M
2019-06-08 01:23:33,5.0,916.62 M
2019-06-08 01:23:35,3.0,916.62 M
2019-06-08 01:23:37,4.0,916.62 M
2019-06-08 01:23:39,6.0,916.62 M
2019-06-08 01:23:41,5.0,916.62 M
2019-06-08 01:23:43,5.0,916.62 M
2019-06-08 01:23:45,6.0,916.62 M
2019-06-08 01:23:47,7.0,916.62 M
2019-06-08 01:23:49,7.0,916.62 M
2019-06-08 01:23:51,8.0,916.62 M
2019-06-08 01:23:53,6.0,916.62 M
2019-06-08 01:23:55,7.0,916.62 M
2019-06-08 01:23:57,8.0,916.62 M
2019-06-08 01:23:59,8.0,916.62 M
2019-06-08 01:24:01,8.0,916.62 M
2019-06-08 01:24:03,8.0,916.62 M
2019-06-08 01:24:05,4.0,916.62 M
2019-06-08 01:24:07,6.0,916.62 M
2019-06-08 01:24:09,4.0,916.62 M
2019-06-08 01:24:11,7.0,916.62 M
2019-06-08 01:24:13,5.0,916.62 M
2019-06-08 01:24:15,6.0,916.62 M
2019-06-08 01:24:17,5.0,916.62 M
2019-06-08 01:24:19,5.0,916.62 M
2019-06-08 01:24:21,6.0,916.62 M
2019-06-08 01:24:23,9.0,916.62 M
2019-06-08 01:24:25,9.0,916.62 M
2019-06-08 01:24:27,7.0,916.62 M
2019-06-08 01:24:29,4.0,916.62 M
2019-06-08 01:24:31,8.0,916.62 M
2019-06-08 01:24:33,8.0,916.62 M
2019-06-08 01:24:35,5.0,916.62 M
2019-06-08 01:24:37,1.0,916.62 M
2019-06-08 01:24:39,1.0,916.62 M
2019-06-08 01:24:41,2.0,916.62 M
2019-06-08 01:24:43,2.0,916.62 M
2019-06-08 01:24:45,3.0,916.62 M
2019-06-08 01:24:47,2.0,916.62 M
2019-06-08 01:24:49,4.0,916.62 M
2019-06-08 01:24:51,4.0,916.62 M
2019-06-08 01:24:53,4.0,916.62 M
2019-06-08 01:24:55,5.0,916.62 M
2019-06-08 01:24:57,5.0,916.62 M
2019-06-08 01:24:59,3.0,916.62 M
2019-06-08 01:25:01,3.0,916.62 M
2019-06-08 01:25:03,3.0,916.62 M
2019-06-08 01:25:05,3.0,916.62 M
2019-06-08 01:25:07,3.0,916.62 M
2019-06-08 01:25:09,4.0,916.62 M
2019-06-08 01:25:11,4.0,916.62 M
2019-06-08 01:25:13,3.0,916.62 M
2019-06-08 01:25:15,2.0,916.62 M
2019-06-08 01:25:17,2.0,916.62 M
2019-06-08 01:25:19,3.0,916.62 M
2019-06-08 01:25:21,3.0,916.62 M
2019-06-08 01:25:23,4.0,916.62 M
2019-06-08 01:25:25,5.0,916.62 M
2019-06-08 01:25:27,6.0,916.62 M
2019-06-08 01:25:29,7.0,916.62 M
2019-06-08 01:25:31,7.0,916.62 M
2019-06-08 01:25:33,6.0,916.62 M
2019-06-08 01:25:35,5.0,916.62 M
2019-06-08 01:25:37,7.0,916.62 M
2019-06-08 01:25:39,8.0,916.62 M
2019-06-08 01:25:41,8.0,916.62 M
2019-06-08 01:25:44,8.0,916.62 M
2019-06-08 01:25:46,7.0,916.62 M
2019-06-08 01:25:48,6.0,916.62 M
2019-06-08 01:25:50,9.0,916.62 M
2019-06-08 01:25:52,4.0,916.62 M
2019-06-08 01:25:54,5.0,916.62 M
2019-06-08 01:25:56,4.0,916.62 M
2019-06-08 01:25:58,3.0,916.62 M
2019-06-08 01:26:00,3.0,916.62 M
2019-06-08 01:26:02,3.0,916.62 M
2019-06-08 01:26:04,4.0,916.62 M
2019-06-08 01:26:06,5.0,916.62 M
2019-06-08 01:26:08,3.0,916.62 M
2019-06-08 01:26:10,5.0,916.62 M
2019-06-08 01:26:12,6.0,916.62 M
2019-06-08 01:26:14,6.0,916.62 M
2019-06-08 01:26:16,10.0,916.62 M
2019-06-08 01:26:18,8.0,916.62 M
2019-06-08 01:26:20,8.0,916.62 M
2019-06-08 01:26:22,10.0,916.62 M
2019-06-08 01:26:24,9.0,916.62 M
2019-06-08 01:26:26,8.0,916.62 M
2019-06-08 01:26:28,6.0,916.62 M
2019-06-08 01:26:30,9.0,916.62 M
2019-06-08 01:26:32,7.0,916.62 M
2019-06-08 01:26:34,8.0,916.62 M
2019-06-08 01:26:36,7.0,916.62 M
2019-06-08 01:26:38,8.0,916.62 M
2019-06-08 01:26:40,8.0,916.62 M
2019-06-08 01:26:42,9.0,916.62 M
2019-06-08 01:26:44,9.0,916.62 M
2019-06-08 01:26:46,10.0,916.62 M
2019-06-08 01:26:48,7.0,916.62 M
2019-06-08 01:26:50,5.0,916.62 M
2019-06-08 01:26:52,5.0,916.62 M
2019-06-08 01:26:54,7.0,916.62 M
2019-06-08 01:26:56,7.0,916.62 M
2019-06-08 01:26:58,9.0,916.62 M
2019-06-08 01:27:00,9.0,916.62 M
2019-06-08 01:27:02,15.0,920.32 M
2019-06-08 01:27:04,328.6,979.48 M
2019-06-08 01:27:06,759.4,979.14 M
2019-06-08 01:27:08,762.2,974.88 M
2019-06-08 01:27:10,766.5,972.80 M
2019-06-08 01:27:12,768.4,962.59 M
2019-06-08 01:27:14,764.4,958.70 M
2019-06-08 01:27:16,761.4,955.72 M
2019-06-08 01:27:18,768.4,953.69 M
2019-06-08 01:27:20,769.6,952.69 M
2019-06-08 01:27:22,8.0,978.50 M
2019-06-08 01:27:24,8.0,978.50 M
2019-06-08 01:27:26,10.0,961.68 M
2019-06-08 01:27:28,5.0,961.68 M
2019-06-08 01:27:30,9.0,961.68 M
2019-06-08 01:27:32,9.0,961.68 M
2019-06-08 01:27:34,6.0,961.68 M
2019-06-08 01:27:36,6.0,961.68 M
2019-06-08 01:27:38,8.0,961.68 M
2019-06-08 01:27:40,10.0,961.68 M
2019-06-08 01:27:42,8.0,961.68 M
2019-06-08 01:27:44,9.0,961.68 M
2019-06-08 01:27:46,4.0,961.68 M
2019-06-08 01:27:48,4.0,961.68 M
2019-06-08 01:27:50,6.0,950.57 M
2019-06-08 01:27:52,8.0,950.57 M
2019-06-08 01:27:54,9.0,950.57 M
2019-06-08 01:27:56,9.0,950.57 M
2019-06-08 01:27:58,7.0,950.57 M
2019-06-08 01:28:00,8.0,950.57 M
2019-06-08 01:28:02,8.0,950.57 M
2019-06-08 01:28:04,8.0,950.57 M
2019-06-08 01:28:06,5.0,950.57 M
2019-06-08 01:28:08,5.0,950.57 M
2019-06-08 01:28:10,10.0,950.57 M
2019-06-08 01:28:12,7.0,950.57 M
2019-06-08 01:28:14,8.0,950.57 M
2019-06-08 01:28:16,9.0,950.57 M
2019-06-08 01:28:18,9.0,950.57 M
2019-06-08 01:28:20,9.0,950.57 M
2019-06-08 01:28:23,9.0,950.57 M
2019-06-08 01:28:25,6.0,950.57 M
2019-06-08 01:28:27,8.0,950.57 M
2019-06-08 01:28:29,9.0,950.57 M
2019-06-08 01:28:31,5.0,950.57 M
2019-06-08 01:28:33,8.0,950.57 M
2019-06-08 01:28:35,5.0,950.57 M
2019-06-08 01:28:37,8.0,950.57 M
2019-06-08 01:28:39,8.0,950.57 M
2019-06-08 01:28:41,8.0,950.57 M
2019-06-08 01:28:43,7.0,950.57 M
2019-06-08 01:28:45,5.0,950.57 M
2019-06-08 01:28:47,7.0,950.57 M
2019-06-08 01:28:49,5.0,950.57 M
2019-06-08 01:28:51,8.0,950.57 M
2019-06-08 01:28:53,9.0,950.57 M
2019-06-08 01:28:55,6.0,950.57 M
2019-06-08 01:28:57,5.0,950.57 M
2019-06-08 01:28:59,4.0,950.57 M
2019-06-08 01:29:01,8.0,950.57 M
2019-06-08 01:29:03,8.0,950.57 M
2019-06-08 01:29:05,6.0,950.57 M
2019-06-08 01:29:07,5.0,950.57 M
2019-06-08 01:29:09,6.0,950.57 M
2019-06-08 01:29:11,7.0,950.57 M
2019-06-08 01:29:13,8.0,950.57 M
2019-06-08 01:29:15,5.0,950.57 M
2019-06-08 01:29:17,10.0,950.57 M
2019-06-08 01:29:19,6.0,950.57 M
2019-06-08 01:29:21,9.0,950.57 M
2019-06-08 01:29:23,11.0,950.57 M
2019-06-08 01:29:25,8.0,950.57 M
2019-06-08 01:29:27,13.0,950.57 M
2019-06-08 01:29:29,10.0,950.57 M
2019-06-08 01:29:31,10.0,950.57 M
2019-06-08 01:29:33,10.0,950.57 M
2019-06-08 01:29:35,9.0,950.57 M
2019-06-08 01:29:37,9.0,950.57 M
2019-06-08 01:29:39,8.0,950.57 M
2019-06-08 01:29:41,9.0,950.57 M
2019-06-08 01:29:43,8.0,950.57 M
2019-06-08 01:29:45,7.0,950.57 M
2019-06-08 01:29:47,10.0,950.57 M
2019-06-08 01:29:49,9.0,950.57 M
2019-06-08 01:29:51,10.0,950.57 M
2019-06-08 01:29:53,5.0,950.57 M
2019-06-08 01:29:55,6.0,950.57 M
2019-06-08 01:29:57,5.0,950.57 M
2019-06-08 01:29:59,7.0,950.57 M
2019-06-08 01:30:01,6.0,950.57 M
2019-06-08 01:30:03,5.0,950.57 M
2019-06-08 01:30:05,6.0,950.57 M
2019-06-08 01:30:07,10.0,950.57 M
2019-06-08 01:30:09,105.9,958.52 M
2019-06-08 01:30:11,72.0,967.34 M
2019-06-08 01:30:13,69.9,1.06 G
2019-06-08 01:30:15,57.9,1.12 G
2019-06-08 01:30:17,43.9,1.11 G
2019-06-08 01:30:19,50.9,1.11 G
2019-06-08 01:30:21,46.0,1.12 G
2019-06-08 01:30:23,12.0,1.12 G
2019-06-08 01:30:25,13.0,1.12 G
2019-06-08 01:30:27,11.0,1.12 G
2019-06-08 01:30:29,7.0,1.12 G
2019-06-08 01:30:31,17.0,1.12 G
2019-06-08 01:30:33,17.0,1.13 G
2019-06-08 01:30:35,10.0,1.13 G
2019-06-08 01:30:37,9.0,1.13 G
2019-06-08 01:30:39,7.0,1.13 G
2019-06-08 01:30:41,12.0,1.13 G
2019-06-08 01:30:43,8.0,1.13 G
2019-06-08 01:30:45,7.0,1.13 G
2019-06-08 01:30:47,33.0,1.15 G
2019-06-08 01:30:49,6.0,1.15 G
2019-06-08 01:30:51,11.0,1.15 G
2019-06-08 01:30:53,11.0,1.15 G
2019-06-08 01:30:55,33.0,1.15 G
2019-06-08 01:30:57,6.0,1.15 G
2019-06-08 01:30:59,5.0,1.15 G
2019-06-08 01:31:01,6.0,1.15 G
2019-06-08 01:31:04,6.0,1.15 G
2019-06-08 01:31:06,6.0,1.15 G
2019-06-08 01:31:08,5.0,1.15 G
2019-06-08 01:31:10,13.0,1.15 G
2019-06-08 01:31:12,21.0,1.15 G
2019-06-08 01:31:14,7.0,1.15 G
2019-06-08 01:31:16,6.0,1.15 G
2019-06-08 01:31:18,9.0,1.15 G
2019-06-08 01:31:20,7.0,1.15 G
2019-06-08 01:31:22,8.0,1.15 G
2019-06-08 01:31:24,5.0,1.15 G
2019-06-08 01:31:26,8.0,1.17 G
2019-06-08 01:31:28,10.0,1.19 G
2019-06-08 01:31:30,15.0,1.21 G
2019-06-08 01:31:32,34.0,1.25 G
2019-06-08 01:31:34,9.0,1.25 G
2019-06-08 01:31:36,8.0,1.25 G
2019-06-08 01:31:38,8.0,1.25 G
2019-06-08 01:31:40,5.0,1.25 G
2019-06-08 01:31:42,11.0,1.25 G
2019-06-08 01:31:44,19.0,1.25 G
2019-06-08 01:31:46,6.0,1.25 G
2019-06-08 01:31:48,5.0,1.25 G
2019-06-08 01:31:50,5.0,1.25 G
2019-06-08 01:31:52,6.0,1.25 G
2019-06-08 01:31:54,10.0,1.25 G
2019-06-08 01:31:56,5.0,1.25 G
2019-06-08 01:31:58,13.0,1.25 G
2019-06-08 01:32:00,5.0,1.25 G
2019-06-08 01:32:02,5.0,1.25 G
2019-06-08 01:32:04,8.0,1.25 G
2019-06-08 01:32:06,6.0,1.25 G
2019-06-08 01:32:08,7.0,1.25 G
2019-06-08 01:32:10,8.0,1.25 G
2019-06-08 01:32:12,7.0,1.25 G
2019-06-08 01:32:14,5.0,1.25 G
2019-06-08 01:32:16,7.0,1.25 G
2019-06-08 01:32:18,7.0,1.25 G
2019-06-08 01:32:20,7.0,1.25 G
2019-06-08 01:32:22,21.0,1.29 G
2019-06-08 01:32:24,7.0,1.29 G
2019-06-08 01:32:26,6.0,1.29 G
2019-06-08 01:32:28,18.0,1.29 G
2019-06-08 01:32:30,6.0,1.29 G
2019-06-08 01:32:32,10.0,1.29 G
2019-06-08 01:32:34,10.0,1.29 G
2019-06-08 01:32:36,760.8,1.29 G
2019-06-08 01:32:38,759.2,1.28 G
2019-06-08 01:32:40,509.4,1.23 G
2019-06-08 01:32:42,2.0,1.24 G
2019-06-08 01:32:44,4.0,1.24 G
2019-06-08 01:32:46,5.0,1.24 G
2019-06-08 01:32:48,5.0,1.24 G
2019-06-08 01:32:50,5.0,1.24 G
2019-06-08 01:32:52,5.0,1.24 G
2019-06-08 01:32:54,9.0,1.24 G
2019-06-08 01:32:56,7.0,1.24 G
2019-06-08 01:32:58,8.0,1.24 G
2019-06-08 01:33:00,7.0,1.24 G
2019-06-08 01:33:02,9.0,1.24 G
2019-06-08 01:33:04,5.0,1.24 G
2019-06-08 01:33:06,5.0,1.24 G
2019-06-08 01:33:08,5.0,1.24 G
2019-06-08 01:33:10,6.0,1.24 G
2019-06-08 01:33:12,6.0,1.24 G
2019-06-08 01:33:14,9.0,1.24 G
2019-06-08 01:33:16,8.0,1.24 G
2019-06-08 01:33:18,8.0,1.24 G
2019-06-08 01:33:20,9.0,1.24 G
2019-06-08 01:33:22,9.0,1.24 G
2019-06-08 01:33:24,9.0,1.24 G
2019-06-08 01:33:26,4.0,1.24 G
2019-06-08 01:33:28,4.0,1.24 G
2019-06-08 01:33:30,7.0,1.24 G
2019-06-08 01:33:32,4.0,1.24 G
2019-06-08 01:33:34,6.0,1.24 G
2019-06-08 01:33:36,3.0,1.24 G
2019-06-08 01:33:38,3.0,1.24 G
2019-06-08 01:33:40,4.0,1.24 G
2019-06-08 01:33:42,5.0,1.24 G
2019-06-08 01:33:44,4.0,1.24 G
2019-06-08 01:33:47,2.0,1.24 G
2019-06-08 01:33:49,3.0,1.24 G
2019-06-08 01:33:51,6.0,1.24 G
2019-06-08 01:33:53,3.0,1.24 G
2019-06-08 01:33:55,4.0,1.24 G
2019-06-08 01:33:57,3.0,1.24 G
2019-06-08 01:33:59,3.0,1.24 G
2019-06-08 01:34:01,3.0,1.24 G
2019-06-08 01:34:03,4.0,1.24 G
2019-06-08 01:34:05,3.0,1.24 G
2019-06-08 01:34:07,2.0,1.24 G
2019-06-08 01:34:09,3.0,1.24 G
2019-06-08 01:34:11,1.0,1.24 G
2019-06-08 01:34:13,2.0,1.24 G
2019-06-08 01:34:15,3.0,1.24 G
2019-06-08 01:34:17,4.0,1.24 G
2019-06-08 01:34:19,4.0,1.24 G
2019-06-08 01:34:21,5.0,1.24 G
2019-06-08 01:34:23,5.0,1.24 G
2019-06-08 01:34:25,6.0,1.24 G
2019-06-08 01:34:27,4.0,1.24 G
2019-06-08 01:34:29,5.0,1.24 G
2019-06-08 01:34:31,4.0,1.24 G
2019-06-08 01:34:33,4.0,1.24 G
2019-06-08 01:34:35,4.0,1.24 G
2019-06-08 01:34:37,3.0,1.24 G
2019-06-08 01:34:39,4.0,1.24 G
2019-06-08 01:34:41,5.0,1.24 G
2019-06-08 01:34:43,8.0,1.24 G
2019-06-08 01:34:45,5.0,1.24 G
2019-06-08 01:34:47,9.0,1.24 G
2019-06-08 01:34:49,6.0,1.24 G
2019-06-08 01:34:51,7.0,1.24 G
2019-06-08 01:34:53,7.0,1.24 G
2019-06-08 01:34:55,3.0,1.24 G
2019-06-08 01:34:57,4.0,1.24 G
2019-06-08 01:34:59,6.0,1.24 G
2019-06-08 01:35:01,4.0,1.24 G
2019-06-08 01:35:03,5.0,1.24 G
2019-06-08 01:35:05,5.0,1.24 G
2019-06-08 01:35:07,2.0,1.24 G
2019-06-08 01:35:09,2.0,1.24 G
2019-06-08 01:35:11,3.0,1.24 G
2019-06-08 01:35:13,3.0,1.24 G
2019-06-08 01:35:15,3.0,1.24 G
2019-06-08 01:35:17,4.0,1.24 G
2019-06-08 01:35:19,4.0,1.24 G
2019-06-08 01:35:21,3.0,1.24 G
2019-06-08 01:35:23,4.0,1.24 G
2019-06-08 01:35:25,12.0,1.24 G
2019-06-08 01:35:27,7.0,1.24 G
2019-06-08 01:35:29,5.0,1.24 G
2019-06-08 01:35:31,5.0,1.24 G
2019-06-08 01:35:33,4.0,1.24 G
2019-06-08 01:35:35,3.0,1.24 G
2019-06-08 01:35:37,5.0,1.24 G
2019-06-08 01:35:39,3.0,1.24 G
2019-06-08 01:35:41,2.0,1.24 G
2019-06-08 01:35:43,2.0,1.24 G
2019-06-08 01:35:45,3.0,1.24 G
2019-06-08 01:35:47,4.0,1.24 G
2019-06-08 01:35:49,4.0,1.24 G
2019-06-08 01:35:51,5.0,1.24 G
2019-06-08 01:35:53,4.0,1.24 G
2019-06-08 01:35:55,5.0,1.24 G
2019-06-08 01:35:57,5.0,1.24 G
2019-06-08 01:35:59,5.0,1.24 G
2019-06-08 01:36:01,4.0,1.24 G
2019-06-08 01:36:03,4.0,1.24 G
2019-06-08 01:36:05,4.0,1.24 G
2019-06-08 01:36:07,5.0,1.24 G
2019-06-08 01:36:09,4.0,1.24 G
2019-06-08 01:36:11,5.0,1.24 G
2019-06-08 01:36:13,4.0,1.24 G
2019-06-08 01:36:15,2.0,1.24 G
2019-06-08 01:36:17,4.0,1.24 G
2019-06-08 01:36:19,2.0,1.24 G
2019-06-08 01:36:21,3.0,1.24 G
2019-06-08 01:36:23,3.0,1.24 G
2019-06-08 01:36:26,1.0,1.24 G
2019-06-08 01:36:28,3.0,1.24 G
2019-06-08 01:36:30,1.0,1.24 G
2019-06-08 01:36:32,1.0,1.24 G
2019-06-08 01:36:34,1.0,1.24 G
2019-06-08 01:36:36,1.0,1.24 G
2019-06-08 01:36:38,3.0,1.24 G
2019-06-08 01:36:40,3.0,1.24 G
2019-06-08 01:36:42,3.0,1.24 G
2019-06-08 01:36:44,2.0,1.24 G
2019-06-08 01:36:46,2.0,1.24 G
2019-06-08 01:36:48,2.0,1.24 G
2019-06-08 01:36:50,3.0,1.24 G
2019-06-08 01:36:52,4.0,1.24 G
2019-06-08 01:36:54,3.0,1.24 G
2019-06-08 01:36:56,5.0,1.24 G
2019-06-08 01:36:58,6.0,1.24 G
2019-06-08 01:37:00,7.0,1.24 G
2019-06-08 01:37:02,2.0,1.24 G
2019-06-08 01:37:04,3.0,1.24 G
2019-06-08 01:37:06,6.0,1.24 G
2019-06-08 01:37:08,6.0,1.24 G
2019-06-08 01:37:10,6.0,1.24 G
2019-06-08 01:37:12,6.0,1.24 G
2019-06-08 01:37:14,6.0,1.24 G
2019-06-08 01:37:16,4.0,1.24 G
2019-06-08 01:37:18,5.0,1.24 G
2019-06-08 01:37:20,6.0,1.24 G
2019-06-08 01:37:22,4.0,1.24 G
2019-06-08 01:37:24,4.0,1.24 G
2019-06-08 01:37:26,6.0,1.24 G
2019-06-08 01:37:28,4.0,1.24 G
2019-06-08 01:37:30,3.0,1.24 G
2019-06-08 01:37:32,3.0,1.24 G
2019-06-08 01:37:34,3.0,1.24 G
2019-06-08 01:37:36,4.0,1.24 G
2019-06-08 01:37:38,4.0,1.24 G
2019-06-08 01:37:40,3.0,1.24 G
2019-06-08 01:37:42,5.0,1.24 G
2019-06-08 01:37:44,7.0,1.24 G
2019-06-08 01:37:46,7.0,1.24 G
2019-06-08 01:37:48,5.0,1.24 G
2019-06-08 01:37:50,5.0,1.24 G
2019-06-08 01:37:52,3.0,1.24 G
2019-06-08 01:37:54,3.0,1.24 G
2019-06-08 01:37:56,4.0,1.24 G
2019-06-08 01:37:58,3.0,1.24 G
2019-06-08 01:38:00,2.0,1.24 G
2019-06-08 01:38:02,4.0,1.24 G
2019-06-08 01:38:04,3.0,1.24 G
2019-06-08 01:38:06,5.0,1.24 G
2019-06-08 01:38:08,4.0,1.24 G
2019-06-08 01:38:10,5.0,1.24 G
2019-06-08 01:38:12,4.0,1.24 G
2019-06-08 01:38:14,6.0,1.24 G
2019-06-08 01:38:16,3.0,1.24 G
2019-06-08 01:38:18,3.0,1.24 G
2019-06-08 01:38:20,4.0,1.24 G
2019-06-08 01:38:22,5.0,1.24 G
2019-06-08 01:38:24,4.0,1.24 G
2019-06-08 01:38:26,2.0,1.24 G
2019-06-08 01:38:28,3.0,1.24 G
2019-06-08 01:38:30,5.0,1.24 G
2019-06-08 01:38:32,6.0,1.24 G
2019-06-08 01:38:34,3.0,1.24 G
2019-06-08 01:38:36,4.0,1.24 G
2019-06-08 01:38:38,4.0,1.24 G
2019-06-08 01:38:40,5.0,1.24 G
2019-06-08 01:38:42,5.0,1.24 G
2019-06-08 01:38:44,5.0,1.24 G
2019-06-08 01:38:46,4.0,1.24 G
2019-06-08 01:38:48,5.0,1.24 G
2019-06-08 01:38:50,5.0,1.24 G
2019-06-08 01:38:52,3.0,1.24 G
2019-06-08 01:38:54,2.0,1.24 G
2019-06-08 01:38:56,1.0,1.24 G
2019-06-08 01:38:58,3.0,1.24 G
2019-06-08 01:39:00,4.0,1.24 G
2019-06-08 01:39:02,3.0,1.24 G
2019-06-08 01:39:04,5.0,1.24 G
2019-06-08 01:39:07,5.0,1.24 G
2019-06-08 01:39:09,4.0,1.24 G
2019-06-08 01:39:11,5.0,1.24 G
2019-06-08 01:39:13,2.0,1.24 G
2019-06-08 01:39:15,3.0,1.24 G
2019-06-08 01:39:17,5.0,1.24 G
2019-06-08 01:39:19,3.0,1.24 G
2019-06-08 01:39:21,3.0,1.24 G
2019-06-08 01:39:23,3.0,1.24 G
2019-06-08 01:39:25,3.0,1.24 G
2019-06-08 01:39:27,4.0,1.24 G
2019-06-08 01:39:29,3.0,1.24 G
2019-06-08 01:39:31,3.0,1.24 G
2019-06-08 01:39:33,3.0,1.24 G
2019-06-08 01:39:35,4.0,1.24 G
2019-06-08 01:39:37,5.0,1.24 G
2019-06-08 01:39:39,4.0,1.24 G
2019-06-08 01:39:41,4.0,1.24 G
2019-06-08 01:39:43,3.0,1.24 G
2019-06-08 01:39:45,4.0,1.24 G
2019-06-08 01:39:47,3.0,1.24 G
2019-06-08 01:39:49,3.0,1.24 G
2019-06-08 01:39:51,3.0,1.24 G
2019-06-08 01:39:53,5.0,1.24 G
2019-06-08 01:39:55,3.0,1.24 G
2019-06-08 01:39:57,4.0,1.24 G
2019-06-08 01:39:59,3.0,1.24 G
2019-06-08 01:40:01,4.0,1.24 G
2019-06-08 01:40:03,4.0,1.24 G
2019-06-08 01:40:05,4.0,1.24 G
2019-06-08 01:40:07,3.0,1.24 G
2019-06-08 01:40:09,4.0,1.24 G
2019-06-08 01:40:11,7.0,1.24 G
2019-06-08 01:40:13,5.0,1.24 G
2019-06-08 01:40:15,7.0,1.24 G
2019-06-08 01:40:17,7.0,1.24 G
2019-06-08 01:40:19,8.0,1.24 G
2019-06-08 01:40:21,7.0,1.24 G
2019-06-08 01:40:23,6.0,1.24 G
2019-06-08 01:40:25,6.0,1.24 G
2019-06-08 01:40:27,7.0,1.24 G
2019-06-08 01:40:29,8.0,1.24 G
2019-06-08 01:40:31,7.0,1.24 G
2019-06-08 01:40:33,7.0,1.24 G
2019-06-08 01:40:35,6.0,1.24 G
2019-06-08 01:40:37,7.0,1.24 G
2019-06-08 01:40:39,6.0,1.24 G
2019-06-08 01:40:41,7.0,1.24 G
2019-06-08 01:40:43,741.4,1.26 G
2019-06-08 01:40:45,759.1,1.25 G
2019-06-08 01:40:47,758.4,1.24 G
2019-06-08 01:40:49,759.2,1.24 G
2019-06-08 01:40:51,756.5,1.24 G
2019-06-08 01:40:53,432.5,1.24 G
2019-06-08 01:40:55,6.0,1.24 G
2019-06-08 01:40:57,6.0,1.24 G
2019-06-08 01:40:59,7.0,1.24 G
2019-06-08 01:41:01,7.0,1.24 G
2019-06-08 01:41:03,8.0,1.24 G
2019-06-08 01:41:05,6.0,1.24 G
2019-06-08 01:41:07,6.0,1.24 G
2019-06-08 01:41:09,6.0,1.24 G
2019-06-08 01:41:11,7.0,1.24 G
2019-06-08 01:41:13,10.0,1.24 G
2019-06-08 01:41:15,4.0,1.24 G
2019-06-08 01:41:17,2.0,1.24 G
2019-06-08 01:41:19,3.0,1.24 G
2019-06-08 01:41:21,49.9,1.24 G
2019-06-08 01:41:23,42.9,1.24 G
2019-06-08 01:41:25,50.0,1.27 G
2019-06-08 01:41:27,51.0,1.27 G
2019-06-08 01:41:29,40.0,1.27 G
2019-06-08 01:41:31,43.0,1.27 G
2019-06-08 01:41:33,39.0,1.28 G
2019-06-08 01:41:35,42.0,1.28 G
2019-06-08 01:41:37,44.0,1.28 G
2019-06-08 01:41:39,57.9,1.31 G
2019-06-08 01:41:41,126.9,1.31 G
2019-06-08 01:41:43,55.9,1.36 G
2019-06-08 01:41:45,50.9,1.36 G
2019-06-08 01:41:47,39.0,1.36 G
2019-06-08 01:41:50,127.8,1.40 G
2019-06-08 01:41:52,44.9,1.40 G
2019-06-08 01:41:54,37.0,1.40 G
2019-06-08 01:41:56,59.9,1.41 G
2019-06-08 01:41:58,36.0,1.41 G
2019-06-08 01:42:00,33.0,1.41 G
2019-06-08 01:42:02,34.0,1.41 G
2019-06-08 01:42:04,50.9,1.43 G
2019-06-08 01:42:06,32.0,1.43 G
2019-06-08 01:42:08,29.0,1.43 G
2019-06-08 01:42:10,39.0,1.43 G
2019-06-08 01:42:12,51.0,1.44 G
2019-06-08 01:42:14,33.0,1.44 G
2019-06-08 01:42:16,34.0,1.44 G
2019-06-08 01:42:18,36.0,1.44 G
2019-06-08 01:42:20,56.9,1.46 G
2019-06-08 01:42:22,49.9,1.46 G
2019-06-08 01:42:24,29.0,1.46 G
2019-06-08 01:42:26,32.0,1.46 G
2019-06-08 01:42:28,125.9,1.47 G
2019-06-08 01:42:30,31.0,1.47 G
2019-06-08 01:42:32,65.0,1.47 G
2019-06-08 01:42:34,37.0,1.47 G
2019-06-08 01:42:36,57.9,1.48 G
2019-06-08 01:42:38,52.9,1.48 G
2019-06-08 01:42:40,34.0,1.48 G
2019-06-08 01:42:42,37.0,1.48 G
2019-06-08 01:42:44,48.9,1.48 G
2019-06-08 01:42:46,39.0,1.48 G
2019-06-08 01:42:48,36.0,1.48 G
2019-06-08 01:42:50,33.0,1.48 G
2019-06-08 01:42:52,31.0,1.50 G
2019-06-08 01:42:54,39.0,1.50 G
2019-06-08 01:42:56,35.0,1.50 G
2019-06-08 01:42:58,37.0,1.50 G
2019-06-08 01:43:00,73.9,1.50 G
2019-06-08 01:43:02,37.0,1.50 G
2019-06-08 01:43:04,32.0,1.50 G
2019-06-08 01:43:06,40.0,1.50 G
2019-06-08 01:43:08,53.9,1.50 G
2019-06-08 01:43:10,30.0,1.50 G
2019-06-08 01:43:12,36.0,1.50 G
2019-06-08 01:43:14,44.0,1.50 G
2019-06-08 01:43:16,37.0,1.51 G
2019-06-08 01:43:18,32.0,1.51 G
2019-06-08 01:43:20,28.0,1.51 G
2019-06-08 01:43:22,38.9,1.51 G
2019-06-08 01:43:24,35.0,1.51 G
2019-06-08 01:43:26,29.0,1.51 G
2019-06-08 01:43:28,28.0,1.51 G
2019-06-08 01:43:30,36.0,1.51 G
2019-06-08 01:43:32,42.9,1.51 G
2019-06-08 01:43:34,36.0,1.51 G
2019-06-08 01:43:36,38.0,1.51 G
2019-06-08 01:43:38,45.9,1.51 G
2019-06-08 01:43:40,40.0,1.51 G
2019-06-08 01:43:42,46.0,1.51 G
2019-06-08 01:43:44,37.0,1.51 G
2019-06-08 01:43:46,45.9,1.52 G
2019-06-08 01:43:48,27.0,1.52 G
2019-06-08 01:43:50,34.0,1.52 G
2019-06-08 01:43:52,35.0,1.52 G
2019-06-08 01:43:54,30.0,1.52 G
2019-06-08 01:43:56,38.0,1.52 G
2019-06-08 01:43:58,40.0,1.52 G
2019-06-08 01:44:00,41.9,1.52 G
2019-06-08 01:44:02,31.0,1.52 G
2019-06-08 01:44:04,38.0,1.52 G
2019-06-08 01:44:06,43.0,1.52 G
2019-06-08 01:44:08,53.9,1.52 G
2019-06-08 01:44:10,42.0,1.52 G
2019-06-08 01:44:12,42.0,1.52 G
2019-06-08 01:44:14,45.9,1.52 G
2019-06-08 01:44:16,42.9,1.52 G
2019-06-08 01:44:18,40.0,1.52 G
2019-06-08 01:44:20,43.9,1.52 G
2019-06-08 01:44:22,54.9,1.52 G
2019-06-08 01:44:24,41.9,1.52 G
2019-06-08 01:44:26,47.0,1.52 G
2019-06-08 01:44:28,57.9,1.52 G
2019-06-08 01:44:30,45.9,1.52 G
2019-06-08 01:44:32,43.0,1.52 G
2019-06-08 01:44:34,49.9,1.52 G
2019-06-08 01:44:36,43.0,1.52 G
2019-06-08 01:44:38,47.9,1.52 G
2019-06-08 01:44:40,47.9,1.52 G
2019-06-08 01:44:42,42.0,1.52 G
2019-06-08 01:44:44,41.9,1.52 G
2019-06-08 01:44:46,42.9,1.52 G
2019-06-08 01:44:48,52.9,1.53 G
2019-06-08 01:44:50,43.9,1.53 G
2019-06-08 01:44:53,47.0,1.53 G
2019-06-08 01:44:55,42.0,1.53 G
2019-06-08 01:44:57,35.0,1.53 G
2019-06-08 01:44:59,42.0,1.53 G
2019-06-08 01:45:01,46.9,1.53 G
2019-06-08 01:45:03,43.9,1.53 G
2019-06-08 01:45:05,48.9,1.53 G
2019-06-08 01:45:07,49.0,1.53 G
2019-06-08 01:45:09,44.9,1.53 G
2019-06-08 01:45:11,53.0,1.53 G
2019-06-08 01:45:13,44.9,1.53 G
2019-06-08 01:45:15,46.0,1.53 G
2019-06-08 01:45:17,50.9,1.53 G
2019-06-08 01:45:19,41.9,1.53 G
2019-06-08 01:45:21,50.9,1.53 G
2019-06-08 01:45:23,50.0,1.53 G
2019-06-08 01:45:25,42.9,1.54 G
2019-06-08 01:45:27,42.0,1.54 G
2019-06-08 01:45:29,58.9,1.54 G
2019-06-08 01:45:31,51.9,1.54 G
2019-06-08 01:45:33,50.9,1.54 G
2019-06-08 01:45:35,50.9,1.54 G
2019-06-08 01:45:37,45.9,1.54 G
2019-06-08 01:45:39,46.9,1.54 G
2019-06-08 01:45:41,36.0,1.54 G
2019-06-08 01:45:43,52.9,1.54 G
2019-06-08 01:45:45,32.0,1.54 G
2019-06-08 01:45:47,36.0,1.54 G
2019-06-08 01:45:49,51.9,1.54 G
2019-06-08 01:45:51,50.9,1.55 G
2019-06-08 01:45:53,44.0,1.55 G
2019-06-08 01:45:55,764.5,1.55 G
2019-06-08 01:45:57,758.4,1.55 G
2019-06-08 01:45:59,760.4,1.55 G
2019-06-08 01:46:01,1.0,1.54 G
2019-06-08 01:46:03,1.0,1.54 G
2019-06-08 01:46:05,2.0,1.54 G
2019-06-08 01:46:07,3.0,1.54 G
2019-06-08 01:46:09,744.3,1.54 G
2019-06-08 01:46:11,756.5,1.53 G
2019-06-08 01:46:13,765.5,1.51 G
2019-06-08 01:46:15,1.0,1.51 G
2019-06-08 01:46:17,5.0,1.51 G
2019-06-08 01:46:19,2.0,1.51 G
2019-06-08 01:46:21,4.0,1.51 G
2019-06-08 01:46:23,6.0,1.51 G
2019-06-08 01:46:25,4.0,1.51 G
2019-06-08 01:46:27,11.0,1.51 G
2019-06-08 01:46:29,6.0,1.51 G
2019-06-08 01:46:31,10.0,1.51 G
2019-06-08 01:46:33,7.0,1.51 G
2019-06-08 01:46:35,5.0,1.51 G
2019-06-08 01:46:37,5.0,1.51 G
2019-06-08 01:46:39,5.0,1.51 G
2019-06-08 01:46:41,8.0,1.51 G
2019-06-08 01:46:43,8.0,1.51 G
2019-06-08 01:46:45,6.0,1.51 G
2019-06-08 01:46:47,8.0,1.51 G
2019-06-08 01:46:49,9.0,1.51 G
2019-06-08 01:46:51,4.0,1.51 G
2019-06-08 01:46:53,8.0,1.51 G
2019-06-08 01:46:55,7.0,1.51 G
2019-06-08 01:46:57,6.0,1.51 G
2019-06-08 01:46:59,8.0,1.51 G
2019-06-08 01:47:01,651.3,1.54 G
2019-06-08 01:47:03,755.4,1.53 G
2019-06-08 01:47:05,757.4,1.52 G
2019-06-08 01:47:07,763.2,1.52 G
2019-06-08 01:47:09,766.5,1.51 G
2019-06-08 01:47:11,764.4,1.51 G
2019-06-08 01:47:13,6.0,1.49 G
2019-06-08 01:47:15,4.0,1.49 G
2019-06-08 01:47:17,3.0,1.49 G
2019-06-08 01:47:19,184.9,1.51 G
2019-06-08 01:47:21,762.5,1.51 G
2019-06-08 01:47:23,762.4,1.51 G
2019-06-08 01:47:25,376.7,1.49 G
2019-06-08 01:47:27,4.0,1.49 G
2019-06-08 01:47:29,6.0,1.49 G
2019-06-08 01:47:31,7.0,1.49 G
2019-06-08 01:47:33,8.0,1.49 G
2019-06-08 01:47:35,4.0,1.49 G
2019-06-08 01:47:37,9.0,1.49 G
2019-06-08 01:47:39,5.0,1.49 G
2019-06-08 01:47:42,5.0,1.49 G
2019-06-08 01:47:44,5.0,1.49 G
2019-06-08 01:47:46,9.0,1.49 G
2019-06-08 01:47:48,9.0,1.49 G
2019-06-08 01:47:50,6.0,1.49 G
2019-06-08 01:47:52,7.0,1.49 G
2019-06-08 01:47:54,7.0,1.49 G
2019-06-08 01:47:56,7.0,1.49 G
2019-06-08 01:47:58,9.0,1.49 G
2019-06-08 01:48:00,5.0,1.49 G
2019-06-08 01:48:02,7.0,1.49 G
2019-06-08 01:48:04,4.0,1.49 G
2019-06-08 01:48:06,6.0,1.49 G
2019-06-08 01:48:08,8.0,1.49 G
2019-06-08 01:48:10,10.0,1.49 G
2019-06-08 01:48:12,8.0,1.49 G
2019-06-08 01:48:14,11.0,1.49 G
2019-06-08 01:48:16,8.0,1.49 G
2019-06-08 01:48:18,5.0,1.49 G
2019-06-08 01:48:20,5.0,1.49 G
2019-06-08 01:48:22,3.0,1.49 G
2019-06-08 01:48:24,4.0,1.49 G
2019-06-08 01:48:26,2.0,1.49 G
2019-06-08 01:48:28,6.0,1.49 G
2019-06-08 01:48:30,4.0,1.49 G
2019-06-08 01:48:32,5.0,1.49 G
2019-06-08 01:48:34,5.0,1.49 G
2019-06-08 01:48:36,5.0,1.49 G
2019-06-08 01:48:38,4.0,1.49 G
2019-06-08 01:48:40,3.0,1.49 G
2019-06-08 01:48:42,6.0,1.49 G
2019-06-08 01:48:44,6.0,1.49 G
2019-06-08 01:48:46,8.0,1.49 G
2019-06-08 01:48:48,9.0,1.49 G
2019-06-08 01:48:50,10.0,1.49 G
2019-06-08 01:48:52,55.9,1.51 G
2019-06-08 01:48:54,42.9,1.54 G
2019-06-08 01:48:56,53.9,1.55 G
2019-06-08 01:48:58,764.5,1.54 G
2019-06-08 01:49:00,765.2,1.54 G
2019-06-08 01:49:02,762.5,1.51 G
2019-06-08 01:49:04,766.4,1.51 G
2019-06-08 01:49:06,760.4,1.51 G
2019-06-08 01:49:08,8.0,1.48 G
2019-06-08 01:49:10,9.0,1.48 G
2019-06-08 01:49:12,8.0,1.48 G
2019-06-08 01:49:14,7.0,1.48 G
2019-06-08 01:49:16,4.0,1.48 G
2019-06-08 01:49:18,4.0,1.48 G
2019-06-08 01:49:20,7.0,1.48 G
2019-06-08 01:49:22,4.0,1.48 G
2019-06-08 01:49:24,7.0,1.48 G
2019-06-08 01:49:26,6.0,1.48 G
2019-06-08 01:49:28,9.0,1.48 G
2019-06-08 01:49:30,9.0,1.48 G
2019-06-08 01:49:32,7.0,1.48 G
2019-06-08 01:49:34,4.0,1.48 G
2019-06-08 01:49:36,7.0,1.48 G
2019-06-08 01:49:38,4.0,1.48 G
2019-06-08 01:49:40,8.0,1.48 G
2019-06-08 01:49:42,7.0,1.48 G
2019-06-08 01:49:44,8.0,1.48 G
2019-06-08 01:49:46,7.0,1.48 G
2019-06-08 01:49:48,4.0,1.48 G
2019-06-08 01:49:50,6.0,1.48 G
2019-06-08 01:49:52,8.0,1.48 G
2019-06-08 01:49:54,8.0,1.48 G
2019-06-08 01:49:56,9.0,1.48 G
2019-06-08 01:49:58,6.0,1.48 G
2019-06-08 01:50:00,8.0,1.48 G
2019-06-08 01:50:02,7.0,1.48 G
2019-06-08 01:50:04,4.0,1.48 G
2019-06-08 01:50:06,9.0,1.48 G
2019-06-08 01:50:08,4.0,1.48 G
2019-06-08 01:50:10,6.0,1.48 G
2019-06-08 01:50:12,4.0,1.48 G
2019-06-08 01:50:14,5.0,1.48 G
2019-06-08 01:50:16,8.0,1.48 G
2019-06-08 01:50:18,8.0,1.48 G
2019-06-08 01:50:20,4.0,1.48 G
2019-06-08 01:50:22,9.0,1.48 G
2019-06-08 01:50:25,7.0,1.48 G
2019-06-08 01:50:27,5.0,1.48 G
2019-06-08 01:50:29,5.0,1.48 G
2019-06-08 01:50:31,7.0,1.48 G
2019-06-08 01:50:33,4.0,1.48 G
2019-06-08 01:50:35,9.0,1.48 G
2019-06-08 01:50:37,9.0,1.48 G
2019-06-08 01:50:39,10.0,1.48 G
2019-06-08 01:50:41,8.0,1.48 G
2019-06-08 01:50:43,6.0,1.48 G
2019-06-08 01:50:45,7.0,1.48 G
2019-06-08 01:50:47,6.0,1.48 G
2019-06-08 01:50:49,6.0,1.48 G
2019-06-08 01:50:51,9.0,1.48 G
2019-06-08 01:50:53,8.0,1.48 G
2019-06-08 01:50:55,5.0,1.48 G
2019-06-08 01:50:57,7.0,1.48 G
2019-06-08 01:50:59,6.0,1.48 G
2019-06-08 01:51:01,5.0,1.48 G
2019-06-08 01:51:03,5.0,1.48 G
2019-06-08 01:51:05,10.0,1.48 G
2019-06-08 01:51:07,5.0,1.48 G
2019-06-08 01:51:09,3.0,1.48 G
2019-06-08 01:51:11,6.0,1.48 G
2019-06-08 01:51:13,6.0,1.48 G
2019-06-08 01:51:15,5.0,1.48 G
2019-06-08 01:51:17,7.0,1.48 G
2019-06-08 01:51:19,8.0,1.48 G
2019-06-08 01:51:21,6.0,1.48 G
2019-06-08 01:51:23,8.0,1.48 G
2019-06-08 01:51:25,10.0,1.48 G
2019-06-08 01:51:27,9.0,1.48 G
2019-06-08 01:51:29,8.0,1.48 G
2019-06-08 01:51:31,6.0,1.48 G
2019-06-08 01:51:33,8.0,1.48 G
2019-06-08 01:51:35,7.0,1.48 G
2019-06-08 01:51:37,7.0,1.48 G
2019-06-08 01:51:39,9.0,1.48 G
2019-06-08 01:51:41,8.0,1.48 G
2019-06-08 01:51:43,7.0,1.48 G
2019-06-08 01:51:45,7.0,1.48 G
2019-06-08 01:51:47,8.0,1.48 G
2019-06-08 01:51:49,6.0,1.48 G
2019-06-08 01:51:51,4.0,1.48 G
2019-06-08 01:51:53,6.0,1.48 G
2019-06-08 01:51:55,9.0,1.48 G
2019-06-08 01:51:57,9.0,1.48 G
2019-06-08 01:51:59,9.0,1.48 G
2019-06-08 01:52:01,5.0,1.48 G
2019-06-08 01:52:03,13.0,1.49 G
2019-06-08 01:52:05,10.0,1.49 G
2019-06-08 01:52:07,7.0,1.49 G
2019-06-08 01:52:09,6.0,1.49 G
2019-06-08 01:52:11,6.0,1.49 G
2019-06-08 01:52:13,16.0,1.49 G
2019-06-08 01:52:15,38.0,1.49 G
2019-06-08 01:52:17,42.0,1.49 G
2019-06-08 01:52:19,65.0,1.49 G
2019-06-08 01:52:21,35.0,1.49 G
2019-06-08 01:52:23,40.0,1.49 G
2019-06-08 01:52:25,41.0,1.49 G
2019-06-08 01:52:27,35.0,1.50 G
2019-06-08 01:52:29,37.0,1.50 G
2019-06-08 01:52:31,43.9,1.50 G
2019-06-08 01:52:33,44.9,1.50 G
2019-06-08 01:52:35,65.9,1.54 G
2019-06-08 01:52:37,40.9,1.54 G
2019-06-08 01:52:39,50.9,1.54 G
2019-06-08 01:52:41,66.9,1.56 G
2019-06-08 01:52:43,38.0,1.56 G
2019-06-08 01:52:45,38.0,1.56 G
2019-06-08 01:52:47,52.9,1.56 G
2019-06-08 01:52:49,35.0,1.58 G
2019-06-08 01:52:51,46.0,1.58 G
2019-06-08 01:52:53,52.9,1.58 G
2019-06-08 01:52:55,55.9,1.58 G
2019-06-08 01:52:57,46.9,1.58 G
2019-06-08 01:52:59,41.0,1.58 G
2019-06-08 01:53:01,53.9,1.60 G
2019-06-08 01:53:03,38.0,1.60 G
2019-06-08 01:53:05,43.0,1.60 G
2019-06-08 01:53:07,59.0,1.60 G
2019-06-08 01:53:10,52.0,1.60 G
2019-06-08 01:53:12,33.0,1.60 G
2019-06-08 01:53:14,35.0,1.60 G
2019-06-08 01:53:16,45.9,1.61 G
2019-06-08 01:53:18,35.0,1.61 G
2019-06-08 01:53:20,45.0,1.61 G
2019-06-08 01:53:22,53.0,1.61 G
2019-06-08 01:53:24,40.0,1.61 G
2019-06-08 01:53:26,32.0,1.61 G
2019-06-08 01:53:28,33.0,1.61 G
2019-06-08 01:53:30,43.0,1.62 G
2019-06-08 01:53:32,48.9,1.62 G
2019-06-08 01:53:34,50.9,1.62 G
2019-06-08 01:53:36,40.0,1.62 G
2019-06-08 01:53:38,47.9,1.62 G
2019-06-08 01:53:40,54.9,1.62 G
2019-06-08 01:53:42,45.9,1.62 G
2019-06-08 01:53:44,64.9,1.63 G
2019-06-08 01:53:46,46.0,1.63 G
2019-06-08 01:53:48,25.0,1.63 G
2019-06-08 01:53:50,17.0,1.63 G
2019-06-08 01:53:52,11.0,1.63 G
2019-06-08 01:53:54,5.0,1.63 G
2019-06-08 01:53:56,5.0,1.63 G
2019-06-08 01:53:58,7.0,1.63 G
2019-06-08 01:54:00,6.0,1.63 G
2019-06-08 01:54:02,8.0,1.63 G
2019-06-08 01:54:04,7.0,1.63 G
2019-06-08 01:54:06,5.0,1.63 G
2019-06-08 01:54:08,753.5,1.64 G
2019-06-08 01:54:10,765.3,1.64 G
2019-06-08 01:54:12,765.4,1.64 G
2019-06-08 01:54:14,93.9,1.63 G
2019-06-08 01:54:16,9.0,1.63 G
2019-06-08 01:54:18,5.0,1.63 G
2019-06-08 01:54:20,5.0,1.63 G
2019-06-08 01:54:22,10.0,1.63 G
2019-06-08 01:54:24,9.0,1.63 G
2019-06-08 01:54:26,9.0,1.63 G
2019-06-08 01:54:28,8.0,1.63 G
2019-06-08 01:54:30,7.0,1.63 G
2019-06-08 01:54:32,8.0,1.63 G
2019-06-08 01:54:34,7.0,1.63 G
2019-06-08 01:54:36,10.0,1.63 G
2019-06-08 01:54:38,10.0,1.63 G
2019-06-08 01:54:40,9.0,1.63 G
2019-06-08 01:54:42,10.0,1.63 G
2019-06-08 01:54:44,8.0,1.63 G
2019-06-08 01:54:46,6.0,1.63 G
2019-06-08 01:54:48,9.0,1.63 G
2019-06-08 01:54:50,8.0,1.63 G
2019-06-08 01:54:52,10.0,1.63 G
2019-06-08 01:54:54,9.0,1.63 G
2019-06-08 01:54:56,9.0,1.63 G
2019-06-08 01:54:58,9.0,1.63 G
2019-06-08 01:55:00,9.0,1.63 G
2019-06-08 01:55:02,13.0,1.63 G
2019-06-08 01:55:04,5.0,1.63 G
2019-06-08 01:55:06,6.0,1.63 G
2019-06-08 01:55:08,8.0,1.63 G
2019-06-08 01:55:10,8.0,1.63 G
2019-06-08 01:55:12,9.0,1.63 G
2019-06-08 01:55:14,6.0,1.63 G
2019-06-08 01:55:16,7.0,1.63 G
2019-06-08 01:55:18,10.0,1.63 G
2019-06-08 01:55:20,10.0,1.63 G
2019-06-08 01:55:22,6.0,1.63 G
2019-06-08 01:55:24,8.0,1.63 G
2019-06-08 01:55:26,9.0,1.63 G
2019-06-08 01:55:28,9.0,1.63 G
2019-06-08 01:55:30,9.0,1.63 G
2019-06-08 01:55:32,10.0,1.63 G
2019-06-08 01:55:34,8.0,1.63 G
2019-06-08 01:55:36,7.0,1.63 G
2019-06-08 01:55:38,8.0,1.63 G
2019-06-08 01:55:40,9.0,1.63 G
2019-06-08 01:55:42,8.0,1.63 G
2019-06-08 01:55:44,9.0,1.63 G
2019-06-08 01:55:46,9.0,1.63 G
2019-06-08 01:55:49,6.0,1.63 G
2019-06-08 01:55:51,5.0,1.63 G
2019-06-08 01:55:53,9.0,1.63 G
2019-06-08 01:55:55,6.0,1.63 G
2019-06-08 01:55:57,6.0,1.63 G
2019-06-08 01:55:59,8.0,1.63 G
2019-06-08 01:56:01,8.0,1.63 G
2019-06-08 01:56:03,10.0,1.63 G
2019-06-08 01:56:05,9.0,1.63 G
2019-06-08 01:56:07,5.0,1.63 G
2019-06-08 01:56:09,5.0,1.63 G
2019-06-08 01:56:11,4.0,1.63 G
2019-06-08 01:56:13,4.0,1.63 G
2019-06-08 01:56:15,9.0,1.63 G
2019-06-08 01:56:17,8.0,1.63 G
2019-06-08 01:56:19,6.0,1.63 G
2019-06-08 01:56:21,4.0,1.63 G
2019-06-08 01:56:23,5.0,1.63 G
2019-06-08 01:56:25,6.0,1.63 G
2019-06-08 01:56:27,10.0,1.63 G
2019-06-08 01:56:29,8.0,1.63 G
2019-06-08 01:56:31,7.0,1.63 G
2019-06-08 01:56:33,203.8,1.65 G
2019-06-08 01:56:35,762.4,1.62 G
2019-06-08 01:56:37,739.8,1.58 G
2019-06-08 01:56:39,764.4,1.56 G
2019-06-08 01:56:41,762.8,1.55 G
2019-06-08 01:56:43,761.6,1.54 G
2019-06-08 01:56:45,6.0,1.52 G
2019-06-08 01:56:47,1.0,1.52 G
2019-06-08 01:56:49,7.0,1.52 G
2019-06-08 01:56:51,9.0,1.52 G
2019-06-08 01:56:53,8.0,1.52 G
2019-06-08 01:56:55,762.4,1.53 G
2019-06-08 01:56:57,757.4,1.52 G
2019-06-08 01:56:59,367.6,1.52 G
2019-06-08 01:57:01,2.0,1.52 G
2019-06-08 01:57:03,2.0,1.52 G
2019-06-08 01:57:05,4.0,1.52 G
2019-06-08 01:57:07,4.0,1.52 G
2019-06-08 01:57:09,5.0,1.52 G
2019-06-08 01:57:11,5.0,1.52 G
2019-06-08 01:57:13,7.0,1.52 G
2019-06-08 01:57:15,8.0,1.52 G
2019-06-08 01:57:17,6.0,1.52 G
2019-06-08 01:57:19,5.0,1.52 G
2019-06-08 01:57:21,665.3,1.53 G
2019-06-08 01:57:23,764.4,1.53 G
2019-06-08 01:57:25,763.4,1.53 G
2019-06-08 01:57:27,6.0,1.52 G
2019-06-08 01:57:29,4.0,1.52 G
2019-06-08 01:57:31,8.0,1.52 G
2019-06-08 01:57:33,8.0,1.52 G
2019-06-08 01:57:35,8.0,1.52 G
2019-06-08 01:57:37,3.0,1.52 G
2019-06-08 01:57:39,8.0,1.52 G
2019-06-08 01:57:41,6.0,1.52 G
2019-06-08 01:57:43,7.0,1.52 G
2019-06-08 01:57:45,8.0,1.52 G
2019-06-08 01:57:47,7.0,1.52 G
2019-06-08 01:57:49,8.0,1.52 G
2019-06-08 01:57:51,7.0,1.52 G
2019-06-08 01:57:53,8.0,1.52 G
2019-06-08 01:57:55,9.0,1.52 G
2019-06-08 01:57:57,7.0,1.52 G
2019-06-08 01:57:59,7.0,1.52 G
2019-06-08 01:58:01,7.0,1.52 G
2019-06-08 01:58:03,7.0,1.52 G
2019-06-08 01:58:05,7.0,1.52 G
2019-06-08 01:58:07,6.0,1.52 G
2019-06-08 01:58:09,7.0,1.52 G
2019-06-08 01:58:11,8.0,1.52 G
2019-06-08 01:58:13,7.0,1.52 G
2019-06-08 01:58:15,5.0,1.52 G
2019-06-08 01:58:17,8.0,1.52 G
2019-06-08 01:58:19,7.0,1.52 G
2019-06-08 01:58:21,8.0,1.52 G
2019-06-08 01:58:23,7.0,1.52 G
2019-06-08 01:58:25,8.0,1.52 G
2019-06-08 01:58:28,4.0,1.52 G
2019-06-08 01:58:30,7.0,1.52 G
2019-06-08 01:58:32,8.0,1.52 G
2019-06-08 01:58:34,5.0,1.52 G
2019-06-08 01:58:36,6.0,1.52 G
2019-06-08 01:58:38,7.0,1.52 G
2019-06-08 01:58:40,8.0,1.52 G
2019-06-08 01:58:42,6.0,1.52 G
2019-06-08 01:58:44,2.0,1.52 G
2019-06-08 01:58:46,6.0,1.52 G
2019-06-08 01:58:48,4.0,1.52 G
2019-06-08 01:58:50,5.0,1.52 G
2019-06-08 01:58:52,5.0,1.52 G
2019-06-08 01:58:54,7.0,1.52 G
2019-06-08 01:58:56,7.0,1.52 G
2019-06-08 01:58:58,4.0,1.52 G
2019-06-08 01:59:00,5.0,1.52 G
2019-06-08 01:59:02,13.0,1.54 G
2019-06-08 01:59:04,530.7,1.54 G
2019-06-08 01:59:06,754.4,1.54 G
2019-06-08 01:59:08,758.4,1.54 G
2019-06-08 01:59:10,764.3,1.53 G
2019-06-08 01:59:12,759.6,1.53 G
2019-06-08 01:59:14,120.9,1.52 G
2019-06-08 01:59:16,3.0,1.52 G
2019-06-08 01:59:18,5.0,1.52 G
2019-06-08 01:59:20,7.0,1.52 G
2019-06-08 01:59:22,5.0,1.52 G
2019-06-08 01:59:24,5.0,1.52 G
2019-06-08 01:59:26,4.0,1.52 G
2019-06-08 01:59:28,3.0,1.52 G
2019-06-08 01:59:30,2.0,1.52 G
2019-06-08 01:59:32,6.0,1.52 G
2019-06-08 01:59:34,5.0,1.52 G
2019-06-08 01:59:36,5.0,1.52 G
2019-06-08 01:59:38,5.0,1.52 G
2019-06-08 01:59:40,5.0,1.52 G
2019-06-08 01:59:42,4.0,1.52 G
2019-06-08 01:59:44,3.0,1.52 G
2019-06-08 01:59:46,2.0,1.52 G
2019-06-08 01:59:48,2.0,1.52 G
2019-06-08 01:59:50,1.0,1.52 G
2019-06-08 01:59:52,2.0,1.52 G
2019-06-08 01:59:54,2.0,1.52 G
2019-06-08 01:59:56,4.0,1.52 G
2019-06-08 01:59:58,3.0,1.52 G
2019-06-08 02:00:00,3.0,1.52 G
2019-06-08 02:00:02,4.0,1.52 G
2019-06-08 02:00:04,3.0,1.52 G
2019-06-08 02:00:06,3.0,1.52 G
2019-06-08 02:00:08,5.0,1.52 G
2019-06-08 02:00:10,4.0,1.52 G
2019-06-08 02:00:12,8.0,1.52 G
2019-06-08 02:00:14,5.0,1.52 G
2019-06-08 02:00:16,5.0,1.52 G
2019-06-08 02:00:18,4.0,1.52 G
2019-06-08 02:00:20,8.0,1.52 G
2019-06-08 02:00:22,5.0,1.52 G
2019-06-08 02:00:24,4.0,1.52 G
2019-06-08 02:00:26,5.0,1.52 G
2019-06-08 02:00:28,766.4,1.52 G
2019-06-08 02:00:30,757.4,1.52 G
2019-06-08 02:00:32,758.4,1.52 G
2019-06-08 02:00:34,757.4,1.52 G
2019-06-08 02:00:36,757.4,1.52 G
2019-06-08 02:00:38,7.0,1.52 G
2019-06-08 02:00:40,8.0,1.52 G
2019-06-08 02:00:42,5.0,1.52 G
2019-06-08 02:00:44,7.0,1.52 G
2019-06-08 02:00:46,5.0,1.52 G
2019-06-08 02:00:48,7.0,1.52 G
2019-06-08 02:00:50,5.0,1.52 G
2019-06-08 02:00:52,5.0,1.52 G
2019-06-08 02:00:54,5.0,1.52 G
2019-06-08 02:00:56,8.0,1.52 G
2019-06-08 02:00:58,5.0,1.52 G
2019-06-08 02:01:00,762.2,1.56 G
2019-06-08 02:01:02,764.5,1.56 G
2019-06-08 02:01:04,496.5,1.55 G
2019-06-08 02:01:07,11.0,1.55 G
2019-06-08 02:01:09,9.0,1.55 G
2019-06-08 02:01:11,6.0,1.55 G
2019-06-08 02:01:13,5.0,1.55 G
2019-06-08 02:01:15,8.0,1.55 G
2019-06-08 02:01:17,8.0,1.55 G
2019-06-08 02:01:19,5.0,1.55 G
2019-06-08 02:01:21,4.0,1.55 G
2019-06-08 02:01:23,8.0,1.55 G
2019-06-08 02:01:25,10.0,1.55 G
2019-06-08 02:01:27,6.0,1.55 G
2019-06-08 02:01:29,8.0,1.55 G
2019-06-08 02:01:31,6.0,1.55 G
2019-06-08 02:01:33,4.0,1.55 G
2019-06-08 02:01:35,5.0,1.55 G
2019-06-08 02:01:37,8.0,1.55 G
2019-06-08 02:01:39,7.0,1.55 G
2019-06-08 02:01:41,9.0,1.55 G
2019-06-08 02:01:43,4.0,1.55 G
2019-06-08 02:01:45,4.0,1.55 G
2019-06-08 02:01:47,9.0,1.55 G
2019-06-08 02:01:49,6.0,1.55 G
2019-06-08 02:01:51,9.0,1.55 G
2019-06-08 02:01:53,4.0,1.55 G
2019-06-08 02:01:55,15.0,1.55 G
2019-06-08 02:01:57,8.0,1.55 G
2019-06-08 02:01:59,8.0,1.55 G
2019-06-08 02:02:01,9.0,1.55 G
2019-06-08 02:02:03,9.0,1.55 G
2019-06-08 02:02:05,7.0,1.55 G
2019-06-08 02:02:07,7.0,1.55 G
2019-06-08 02:02:09,7.0,1.55 G
2019-06-08 02:02:11,9.0,1.55 G
2019-06-08 02:02:13,8.0,1.55 G
2019-06-08 02:02:15,11.0,1.55 G
2019-06-08 02:02:17,6.0,1.55 G
2019-06-08 02:02:19,5.0,1.55 G
2019-06-08 02:02:21,6.0,1.55 G
2019-06-08 02:02:23,8.0,1.55 G
2019-06-08 02:02:25,5.0,1.55 G
2019-06-08 02:02:27,5.0,1.55 G
2019-06-08 02:02:29,10.0,1.55 G
2019-06-08 02:02:31,9.0,1.55 G
2019-06-08 02:02:33,7.0,1.55 G
2019-06-08 02:02:35,7.0,1.55 G
2019-06-08 02:02:37,7.0,1.55 G
2019-06-08 02:02:39,5.0,1.55 G
2019-06-08 02:02:41,8.0,1.55 G
2019-06-08 02:02:43,4.0,1.55 G
2019-06-08 02:02:45,5.0,1.55 G
2019-06-08 02:02:47,4.0,1.55 G
2019-06-08 02:02:49,6.0,1.55 G
2019-06-08 02:02:51,8.0,1.55 G
2019-06-08 02:02:53,8.0,1.55 G
2019-06-08 02:02:55,5.0,1.55 G
2019-06-08 02:02:57,9.0,1.55 G
2019-06-08 02:02:59,10.0,1.55 G
2019-06-08 02:03:01,5.0,1.55 G
2019-06-08 02:03:03,10.0,1.55 G
2019-06-08 02:03:05,10.0,1.55 G
2019-06-08 02:03:07,10.0,1.55 G
2019-06-08 02:03:09,9.0,1.55 G
2019-06-08 02:03:11,5.0,1.55 G
2019-06-08 02:03:13,6.0,1.55 G
2019-06-08 02:03:15,6.0,1.55 G
2019-06-08 02:03:17,7.0,1.55 G
2019-06-08 02:03:19,7.0,1.55 G
2019-06-08 02:03:21,8.0,1.55 G
2019-06-08 02:03:23,6.0,1.55 G
2019-06-08 02:03:25,8.0,1.55 G
2019-06-08 02:03:27,8.0,1.55 G
2019-06-08 02:03:29,3.0,1.56 G
2019-06-08 02:03:31,3.0,1.56 G
2019-06-08 02:03:33,4.0,1.56 G
2019-06-08 02:03:35,5.0,1.57 G
2019-06-08 02:03:37,6.0,1.57 G
2019-06-08 02:03:39,4.0,1.57 G
2019-06-08 02:03:41,6.0,1.57 G
2019-06-08 02:03:43,8.0,1.57 G
2019-06-08 02:03:46,6.0,1.57 G
2019-06-08 02:03:48,5.0,1.57 G
2019-06-08 02:03:50,2.0,1.57 G
2019-06-08 02:03:52,757.4,1.54 G
2019-06-08 02:03:54,757.3,1.53 G
2019-06-08 02:03:56,754.4,1.53 G
2019-06-08 02:03:58,764.3,1.53 G
2019-06-08 02:04:00,764.8,1.53 G
2019-06-08 02:04:02,9.0,1.52 G
2019-06-08 02:04:04,3.0,1.52 G
2019-06-08 02:04:06,4.0,1.52 G
2019-06-08 02:04:08,6.0,1.52 G
2019-06-08 02:04:10,9.0,1.52 G
2019-06-08 02:04:12,8.0,1.52 G
2019-06-08 02:04:14,8.0,1.52 G
2019-06-08 02:04:16,6.0,1.52 G
2019-06-08 02:04:18,8.0,1.52 G
2019-06-08 02:04:20,7.0,1.52 G
2019-06-08 02:04:22,5.0,1.52 G
2019-06-08 02:04:24,9.0,1.52 G
2019-06-08 02:04:26,6.0,1.52 G
2019-06-08 02:04:28,7.0,1.52 G
2019-06-08 02:04:30,10.0,1.52 G
2019-06-08 02:04:32,10.0,1.52 G
2019-06-08 02:04:34,6.0,1.52 G
2019-06-08 02:04:36,6.0,1.52 G
2019-06-08 02:04:38,3.0,1.52 G
2019-06-08 02:04:40,8.0,1.52 G
2019-06-08 02:04:42,5.0,1.52 G
2019-06-08 02:04:44,8.0,1.52 G
2019-06-08 02:04:46,5.0,1.52 G
2019-06-08 02:04:48,9.0,1.52 G
2019-06-08 02:04:50,8.0,1.52 G
2019-06-08 02:04:52,6.0,1.52 G
2019-06-08 02:04:54,4.0,1.52 G
2019-06-08 02:04:56,7.0,1.52 G
2019-06-08 02:04:58,5.0,1.52 G
2019-06-08 02:05:00,8.0,1.52 G
2019-06-08 02:05:02,7.0,1.52 G
2019-06-08 02:05:04,7.0,1.52 G
2019-06-08 02:05:06,10.0,1.52 G
2019-06-08 02:05:08,6.0,1.52 G
2019-06-08 02:05:10,8.0,1.52 G
2019-06-08 02:05:12,9.0,1.52 G
2019-06-08 02:05:14,6.0,1.52 G
2019-06-08 02:05:16,6.0,1.52 G
2019-06-08 02:05:18,10.0,1.52 G
2019-06-08 02:05:20,7.0,1.52 G
2019-06-08 02:05:22,9.0,1.52 G
2019-06-08 02:05:24,5.0,1.52 G
2019-06-08 02:05:26,6.0,1.52 G
2019-06-08 02:05:28,9.0,1.52 G
2019-06-08 02:05:30,7.0,1.52 G
2019-06-08 02:05:32,6.0,1.52 G
2019-06-08 02:05:34,2.0,1.52 G
2019-06-08 02:05:36,4.0,1.52 G
2019-06-08 02:05:38,8.0,1.52 G
2019-06-08 02:05:40,7.0,1.52 G
2019-06-08 02:05:42,3.0,1.52 G
2019-06-08 02:05:44,6.0,1.52 G
2019-06-08 02:05:46,4.0,1.52 G
2019-06-08 02:05:48,6.0,1.52 G
2019-06-08 02:05:50,5.0,1.52 G
2019-06-08 02:05:52,5.0,1.52 G
2019-06-08 02:05:54,8.0,1.52 G
2019-06-08 02:05:56,7.0,1.52 G
2019-06-08 02:05:58,3.0,1.52 G
2019-06-08 02:06:00,3.0,1.52 G
2019-06-08 02:06:02,4.0,1.52 G
2019-06-08 02:06:04,5.0,1.52 G
2019-06-08 02:06:06,6.0,1.52 G
2019-06-08 02:06:08,5.0,1.52 G
2019-06-08 02:06:10,5.0,1.52 G
2019-06-08 02:06:12,6.0,1.52 G
2019-06-08 02:06:14,6.0,1.52 G
2019-06-08 02:06:16,7.0,1.52 G
2019-06-08 02:06:18,3.0,1.52 G
2019-06-08 02:06:20,6.0,1.52 G
2019-06-08 02:06:23,4.0,1.52 G
2019-06-08 02:06:25,7.0,1.52 G
2019-06-08 02:06:27,5.0,1.52 G
2019-06-08 02:06:29,7.0,1.52 G
2019-06-08 02:06:31,8.0,1.52 G
2019-06-08 02:06:33,7.0,1.52 G
2019-06-08 02:06:35,4.0,1.52 G
2019-06-08 02:06:37,7.0,1.52 G
2019-06-08 02:06:39,7.0,1.52 G
2019-06-08 02:06:41,7.0,1.52 G
2019-06-08 02:06:43,7.0,1.52 G
2019-06-08 02:06:45,4.0,1.52 G
2019-06-08 02:06:47,3.0,1.52 G
2019-06-08 02:06:49,4.0,1.52 G
2019-06-08 02:06:51,3.0,1.52 G
2019-06-08 02:06:53,7.0,1.52 G
2019-06-08 02:06:55,4.0,1.52 G
2019-06-08 02:06:57,6.0,1.52 G
2019-06-08 02:06:59,5.0,1.52 G
2019-06-08 02:07:01,6.0,1.52 G
2019-06-08 02:07:03,3.0,1.52 G
2019-06-08 02:07:05,8.0,1.52 G
2019-06-08 02:07:07,6.0,1.52 G
2019-06-08 02:07:09,8.0,1.52 G
2019-06-08 02:07:11,5.0,1.52 G
2019-06-08 02:07:13,4.0,1.52 G
2019-06-08 02:07:15,7.0,1.52 G
2019-06-08 02:07:17,5.0,1.52 G
2019-06-08 02:07:19,6.0,1.52 G
2019-06-08 02:07:21,7.0,1.52 G
2019-06-08 02:07:23,4.0,1.52 G
2019-06-08 02:07:25,4.0,1.52 G
2019-06-08 02:07:27,8.0,1.52 G
2019-06-08 02:07:29,5.0,1.52 G
2019-06-08 02:07:31,7.0,1.52 G
2019-06-08 02:07:33,7.0,1.52 G
2019-06-08 02:07:35,7.0,1.52 G
2019-06-08 02:07:37,4.0,1.52 G
2019-06-08 02:07:39,6.0,1.52 G
2019-06-08 02:07:41,6.0,1.52 G
2019-06-08 02:07:43,7.0,1.52 G
2019-06-08 02:07:45,4.0,1.52 G
2019-06-08 02:07:47,4.0,1.52 G
2019-06-08 02:07:49,4.0,1.52 G
2019-06-08 02:07:51,6.0,1.52 G
2019-06-08 02:07:53,5.0,1.52 G
2019-06-08 02:07:55,6.0,1.52 G
2019-06-08 02:07:57,8.0,1.52 G
2019-06-08 02:07:59,7.0,1.52 G
2019-06-08 02:08:01,5.0,1.52 G
2019-06-08 02:08:03,7.0,1.52 G
2019-06-08 02:08:05,5.0,1.52 G
2019-06-08 02:08:07,5.0,1.52 G
2019-06-08 02:08:09,8.0,1.52 G
2019-06-08 02:08:11,9.0,1.52 G
2019-06-08 02:08:13,8.0,1.52 G
2019-06-08 02:08:15,10.0,1.52 G
2019-06-08 02:08:17,9.0,1.52 G
2019-06-08 02:08:19,10.0,1.52 G
2019-06-08 02:08:21,6.0,1.52 G
2019-06-08 02:08:23,7.0,1.52 G
2019-06-08 02:08:25,5.0,1.52 G
2019-06-08 02:08:27,4.0,1.52 G
2019-06-08 02:08:29,3.0,1.52 G
2019-06-08 02:08:31,10.0,1.52 G
2019-06-08 02:08:33,6.0,1.52 G
2019-06-08 02:08:35,4.0,1.52 G
2019-06-08 02:08:37,7.0,1.52 G
2019-06-08 02:08:39,7.0,1.52 G
2019-06-08 02:08:41,7.0,1.52 G
2019-06-08 02:08:43,5.0,1.52 G
2019-06-08 02:08:45,6.0,1.52 G
2019-06-08 02:08:47,6.0,1.52 G
2019-06-08 02:08:49,4.0,1.52 G
2019-06-08 02:08:51,4.0,1.52 G
2019-06-08 02:08:53,6.0,1.52 G
2019-06-08 02:08:55,8.0,1.52 G
2019-06-08 02:08:57,6.0,1.52 G
2019-06-08 02:08:59,9.0,1.52 G
2019-06-08 02:09:01,10.0,1.52 G
2019-06-08 02:09:03,10.0,1.52 G
2019-06-08 02:09:05,7.0,1.52 G
2019-06-08 02:09:08,4.0,1.52 G
2019-06-08 02:09:10,5.0,1.52 G
2019-06-08 02:09:12,7.0,1.52 G
2019-06-08 02:09:14,6.0,1.52 G
2019-06-08 02:09:16,6.0,1.52 G
2019-06-08 02:09:18,6.0,1.52 G
2019-06-08 02:09:20,9.0,1.52 G
2019-06-08 02:09:22,6.0,1.52 G
2019-06-08 02:09:24,6.0,1.52 G
2019-06-08 02:09:26,9.0,1.52 G
2019-06-08 02:09:28,5.0,1.52 G
2019-06-08 02:09:30,9.0,1.52 G
2019-06-08 02:09:32,8.0,1.52 G
2019-06-08 02:09:34,7.0,1.52 G
2019-06-08 02:09:36,5.0,1.52 G
2019-06-08 02:09:38,2.0,1.52 G
2019-06-08 02:09:40,6.0,1.52 G
2019-06-08 02:09:42,9.0,1.52 G
2019-06-08 02:09:44,508.8,1.52 G
2019-06-08 02:09:46,763.2,1.52 G
2019-06-08 02:09:48,761.9,1.52 G
2019-06-08 02:09:50,756.4,1.52 G
2019-06-08 02:09:52,762.4,1.52 G
2019-06-08 02:09:54,757.4,1.52 G
2019-06-08 02:09:56,3.0,1.52 G
2019-06-08 02:09:58,3.0,1.52 G
2019-06-08 02:10:00,3.0,1.52 G
2019-06-08 02:10:02,3.0,1.52 G
2019-06-08 02:10:04,3.0,1.52 G
2019-06-08 02:10:06,5.0,1.52 G
2019-06-08 02:10:08,3.0,1.52 G
2019-06-08 02:10:10,7.0,1.52 G
2019-06-08 02:10:12,6.0,1.52 G
2019-06-08 02:10:14,6.0,1.52 G
2019-06-08 02:10:16,7.0,1.52 G
2019-06-08 02:10:18,7.0,1.52 G
2019-06-08 02:10:20,6.0,1.52 G
2019-06-08 02:10:22,15.0,1.53 G
2019-06-08 02:10:24,758.4,1.54 G
2019-06-08 02:10:26,757.4,1.54 G
2019-06-08 02:10:28,402.6,1.52 G
2019-06-08 02:10:30,5.0,1.52 G
2019-06-08 02:10:32,621.6,1.52 G
2019-06-08 02:10:34,758.4,1.52 G
2019-06-08 02:10:36,754.4,1.52 G
2019-06-08 02:10:38,11.0,1.52 G
2019-06-08 02:10:40,8.0,1.52 G
2019-06-08 02:10:42,5.0,1.52 G
2019-06-08 02:10:44,9.0,1.52 G
2019-06-08 02:10:46,4.0,1.52 G
2019-06-08 02:10:48,4.0,1.52 G
2019-06-08 02:10:50,4.0,1.52 G
2019-06-08 02:10:52,10.0,1.52 G
2019-06-08 02:10:54,4.0,1.52 G
2019-06-08 02:10:56,5.0,1.52 G
2019-06-08 02:10:58,14.0,1.53 G
2019-06-08 02:11:00,21.0,1.53 G
2019-06-08 02:11:02,26.0,1.53 G
2019-06-08 02:11:04,27.0,1.53 G
2019-06-08 02:11:06,27.0,1.53 G
2019-06-08 02:11:08,18.0,1.53 G
2019-06-08 02:11:10,19.0,1.53 G
2019-06-08 02:11:12,34.0,1.54 G
2019-06-08 02:11:14,28.0,1.54 G
2019-06-08 02:11:16,45.0,1.54 G
2019-06-08 02:11:18,48.9,1.54 G
2019-06-08 02:11:20,25.0,1.54 G
2019-06-08 02:11:22,21.0,1.54 G
2019-06-08 02:11:24,8.0,1.54 G
2019-06-08 02:11:26,12.0,1.54 G
2019-06-08 02:11:28,10.0,1.54 G
2019-06-08 02:11:30,13.0,1.54 G
2019-06-08 02:11:32,9.0,1.54 G
2019-06-08 02:11:34,5.0,1.54 G
2019-06-08 02:11:36,7.0,1.54 G
2019-06-08 02:11:38,8.0,1.54 G
2019-06-08 02:11:40,9.0,1.54 G
2019-06-08 02:11:42,5.0,1.54 G
2019-06-08 02:11:44,6.0,1.54 G
2019-06-08 02:11:46,11.0,1.54 G
2019-06-08 02:11:48,16.0,1.57 G
2019-06-08 02:11:50,14.0,1.57 G
2019-06-08 02:11:53,10.0,1.57 G
2019-06-08 02:11:55,10.0,1.57 G
2019-06-08 02:11:57,7.0,1.57 G
2019-06-08 02:11:59,5.0,1.57 G
2019-06-08 02:12:01,6.0,1.57 G
2019-06-08 02:12:03,5.0,1.57 G
2019-06-08 02:12:05,6.0,1.57 G
2019-06-08 02:12:07,6.0,1.57 G
2019-06-08 02:12:09,8.0,1.57 G
2019-06-08 02:12:11,4.0,1.57 G
2019-06-08 02:12:13,7.0,1.57 G
2019-06-08 02:12:15,5.0,1.57 G
2019-06-08 02:12:17,4.0,1.57 G
2019-06-08 02:12:19,4.0,1.57 G
2019-06-08 02:12:21,7.0,1.57 G
2019-06-08 02:12:23,6.0,1.57 G
2019-06-08 02:12:25,6.0,1.57 G
2019-06-08 02:12:27,19.0,1.57 G
2019-06-08 02:12:29,61.9,1.58 G
2019-06-08 02:12:31,749.4,1.58 G
2019-06-08 02:12:33,766.4,1.58 G
2019-06-08 02:12:35,764.8,1.56 G
2019-06-08 02:12:37,9.0,1.55 G
2019-06-08 02:12:39,8.0,1.55 G
2019-06-08 02:12:41,8.0,1.55 G
2019-06-08 02:12:43,691.8,1.55 G
2019-06-08 02:12:45,764.4,1.54 G
2019-06-08 02:12:47,756.4,1.53 G
2019-06-08 02:12:49,5.0,1.53 G
2019-06-08 02:12:51,5.0,1.53 G
2019-06-08 02:12:53,4.0,1.53 G
2019-06-08 02:12:55,4.0,1.53 G
2019-06-08 02:12:57,4.0,1.53 G
2019-06-08 02:12:59,8.0,1.53 G
2019-06-08 02:13:01,7.0,1.53 G
2019-06-08 02:13:03,6.0,1.53 G
2019-06-08 02:13:05,6.0,1.53 G
2019-06-08 02:13:07,6.0,1.53 G
2019-06-08 02:13:09,5.0,1.53 G
2019-06-08 02:13:11,8.0,1.53 G
2019-06-08 02:13:13,9.0,1.53 G
2019-06-08 02:13:15,586.6,1.53 G
2019-06-08 02:13:17,756.4,1.53 G
2019-06-08 02:13:19,757.4,1.52 G
2019-06-08 02:13:21,8.0,1.52 G
2019-06-08 02:13:23,7.0,1.52 G
2019-06-08 02:13:25,6.0,1.52 G
2019-06-08 02:13:27,8.0,1.52 G
2019-06-08 02:13:29,8.0,1.52 G
2019-06-08 02:13:31,9.0,1.52 G
2019-06-08 02:13:33,4.0,1.52 G
2019-06-08 02:13:35,5.0,1.52 G
2019-06-08 02:13:37,8.0,1.52 G
2019-06-08 02:13:39,5.0,1.52 G
2019-06-08 02:13:41,6.0,1.52 G
2019-06-08 02:13:43,8.0,1.52 G
2019-06-08 02:13:45,7.0,1.52 G
2019-06-08 02:13:47,8.0,1.52 G
2019-06-08 02:13:49,7.0,1.52 G
2019-06-08 02:13:51,8.0,1.52 G
2019-06-08 02:13:53,6.0,1.52 G
2019-06-08 02:13:55,10.0,1.52 G
2019-06-08 02:13:57,11.0,1.52 G
2019-06-08 02:13:59,5.0,1.52 G
2019-06-08 02:14:01,3.0,1.52 G
2019-06-08 02:14:03,4.0,1.52 G
2019-06-08 02:14:05,9.0,1.52 G
2019-06-08 02:14:07,8.0,1.52 G
2019-06-08 02:14:09,8.0,1.52 G
2019-06-08 02:14:11,9.0,1.52 G
2019-06-08 02:14:13,8.0,1.52 G
2019-06-08 02:14:15,8.0,1.52 G
2019-06-08 02:14:17,9.0,1.52 G
2019-06-08 02:14:19,6.0,1.52 G
2019-06-08 02:14:21,6.0,1.52 G
2019-06-08 02:14:23,5.0,1.52 G
2019-06-08 02:14:25,9.0,1.52 G
2019-06-08 02:14:27,9.0,1.52 G
2019-06-08 02:14:29,5.0,1.52 G
2019-06-08 02:14:32,8.0,1.52 G
2019-06-08 02:14:34,9.0,1.52 G
2019-06-08 02:14:36,9.0,1.52 G
2019-06-08 02:14:38,8.0,1.52 G
2019-06-08 02:14:40,6.0,1.52 G
2019-06-08 02:14:42,8.0,1.52 G
2019-06-08 02:14:44,7.0,1.52 G
2019-06-08 02:14:46,7.0,1.52 G
2019-06-08 02:14:48,9.0,1.52 G
2019-06-08 02:14:50,5.0,1.52 G
2019-06-08 02:14:52,6.0,1.52 G
2019-06-08 02:14:54,10.0,1.52 G
2019-06-08 02:14:56,9.0,1.52 G
2019-06-08 02:14:58,10.0,1.52 G
2019-06-08 02:15:00,9.0,1.52 G
2019-06-08 02:15:02,10.0,1.52 G
2019-06-08 02:15:04,9.0,1.52 G
2019-06-08 02:15:06,9.0,1.52 G
2019-06-08 02:15:08,9.0,1.52 G
2019-06-08 02:15:10,4.0,1.52 G
2019-06-08 02:15:12,4.0,1.52 G
2019-06-08 02:15:14,4.0,1.52 G
2019-06-08 02:15:16,7.0,1.52 G
2019-06-08 02:15:18,4.0,1.52 G
2019-06-08 02:15:20,7.0,1.52 G
2019-06-08 02:15:22,8.0,1.52 G
2019-06-08 02:15:24,7.0,1.52 G
2019-06-08 02:15:26,8.0,1.52 G
2019-06-08 02:15:28,9.0,1.52 G
2019-06-08 02:15:30,7.0,1.52 G
2019-06-08 02:15:32,4.0,1.52 G
2019-06-08 02:15:34,9.0,1.52 G
2019-06-08 02:15:36,5.0,1.52 G
2019-06-08 02:15:38,6.0,1.52 G
2019-06-08 02:15:40,7.0,1.52 G
2019-06-08 02:15:42,10.0,1.52 G
2019-06-08 02:15:44,7.0,1.52 G
2019-06-08 02:15:46,9.0,1.52 G
2019-06-08 02:15:48,9.0,1.52 G
2019-06-08 02:15:50,8.0,1.52 G
2019-06-08 02:15:52,4.0,1.52 G
2019-06-08 02:15:54,5.0,1.52 G
2019-06-08 02:15:56,5.0,1.52 G
2019-06-08 02:15:58,6.0,1.52 G
2019-06-08 02:16:00,6.0,1.52 G
2019-06-08 02:16:02,8.0,1.52 G
2019-06-08 02:16:04,17.0,1.53 G
2019-06-08 02:16:06,35.0,1.53 G
2019-06-08 02:16:08,37.0,1.53 G
2019-06-08 02:16:10,67.0,1.53 G
2019-06-08 02:16:12,41.0,1.53 G
2019-06-08 02:16:14,49.9,1.53 G
2019-06-08 02:16:16,50.9,1.53 G
2019-06-08 02:16:18,40.0,1.55 G
2019-06-08 02:16:20,48.9,1.55 G
2019-06-08 02:16:22,46.0,1.55 G
2019-06-08 02:16:24,40.0,1.56 G
2019-06-08 02:16:26,49.0,1.56 G
2019-06-08 02:16:28,45.0,1.56 G
2019-06-08 02:16:30,60.9,1.60 G
2019-06-08 02:16:32,44.9,1.60 G
2019-06-08 02:16:34,45.9,1.60 G
2019-06-08 02:16:36,65.9,1.60 G
2019-06-08 02:16:38,48.0,1.60 G
2019-06-08 02:16:40,42.0,1.60 G
2019-06-08 02:16:42,58.9,1.62 G
2019-06-08 02:16:44,55.0,1.62 G
2019-06-08 02:16:46,43.0,1.62 G
2019-06-08 02:16:48,46.0,1.62 G
2019-06-08 02:16:50,48.0,1.62 G
2019-06-08 02:16:52,49.9,1.62 G
2019-06-08 02:16:54,42.9,1.62 G
2019-06-08 02:16:56,69.9,1.63 G
2019-06-08 02:16:58,37.0,1.63 G
2019-06-08 02:17:00,47.9,1.63 G
2019-06-08 02:17:02,59.9,1.63 G
2019-06-08 02:17:04,49.0,1.63 G
2019-06-08 02:17:06,45.9,1.63 G
2019-06-08 02:17:08,46.9,1.63 G
2019-06-08 02:17:10,40.9,1.64 G
2019-06-08 02:17:12,38.0,1.64 G
2019-06-08 02:17:14,43.9,1.64 G
2019-06-08 02:17:16,55.9,1.64 G
2019-06-08 02:17:18,45.9,1.64 G
2019-06-08 02:17:21,47.9,1.64 G
2019-06-08 02:17:23,67.0,1.65 G
2019-06-08 02:17:25,42.9,1.65 G
2019-06-08 02:17:27,41.9,1.65 G
2019-06-08 02:17:29,67.0,1.65 G
2019-06-08 02:17:31,40.0,1.65 G
2019-06-08 02:17:33,47.9,1.65 G
2019-06-08 02:17:35,62.9,1.66 G
2019-06-08 02:17:37,51.9,1.66 G
2019-06-08 02:17:39,37.0,1.66 G
2019-06-08 02:17:41,72.9,1.66 G
2019-06-08 02:17:43,50.9,1.66 G
2019-06-08 02:17:45,32.0,1.66 G
2019-06-08 02:17:47,61.9,1.66 G
2019-06-08 02:17:49,48.0,1.66 G
2019-06-08 02:17:51,48.9,1.66 G
2019-06-08 02:17:53,64.9,1.66 G
2019-06-08 02:17:55,43.0,1.66 G
2019-06-08 02:17:57,38.0,1.66 G
2019-06-08 02:17:59,45.0,1.67 G
2019-06-08 02:18:01,40.0,1.67 G
2019-06-08 02:18:03,50.9,1.67 G
2019-06-08 02:18:05,39.0,1.67 G
2019-06-08 02:18:07,64.9,1.67 G
2019-06-08 02:18:09,34.0,1.67 G
2019-06-08 02:18:11,42.0,1.67 G
2019-06-08 02:18:13,39.0,1.67 G
2019-06-08 02:18:15,52.9,1.67 G
2019-06-08 02:18:17,23.0,1.67 G
2019-06-08 02:18:19,13.0,1.67 G
2019-06-08 02:18:21,271.8,1.67 G
2019-06-08 02:18:23,755.4,1.67 G
2019-06-08 02:18:25,762.4,1.67 G
2019-06-08 02:18:27,344.6,1.66 G
2019-06-08 02:18:29,8.0,1.66 G
2019-06-08 02:18:31,8.0,1.66 G
2019-06-08 02:18:33,7.0,1.66 G
2019-06-08 02:18:35,756.4,1.64 G
2019-06-08 02:18:37,765.3,1.62 G
2019-06-08 02:18:39,608.6,1.60 G
2019-06-08 02:18:41,1.0,1.60 G
2019-06-08 02:18:43,7.0,1.60 G
2019-06-08 02:18:45,6.0,1.60 G
2019-06-08 02:18:47,4.0,1.60 G
2019-06-08 02:18:49,3.0,1.60 G
2019-06-08 02:18:51,3.0,1.60 G
2019-06-08 02:18:53,755.4,1.60 G
2019-06-08 02:18:55,758.4,1.59 G
2019-06-08 02:18:57,449.6,1.58 G
2019-06-08 02:18:59,8.0,1.58 G
2019-06-08 02:19:01,9.0,1.58 G
2019-06-08 02:19:03,9.0,1.58 G
2019-06-08 02:19:05,7.0,1.58 G
2019-06-08 02:19:07,8.0,1.58 G
2019-06-08 02:19:09,7.0,1.58 G
2019-06-08 02:19:11,11.0,1.58 G
2019-06-08 02:19:13,7.0,1.58 G
2019-06-08 02:19:15,8.0,1.58 G
2019-06-08 02:19:17,8.0,1.58 G
2019-06-08 02:19:19,7.0,1.58 G
2019-06-08 02:19:21,7.0,1.58 G
2019-06-08 02:19:23,6.0,1.58 G
2019-06-08 02:19:25,3.0,1.58 G
2019-06-08 02:19:27,5.0,1.58 G
2019-06-08 02:19:29,6.0,1.58 G
2019-06-08 02:19:31,6.0,1.58 G
2019-06-08 02:19:33,8.0,1.58 G
2019-06-08 02:19:35,5.0,1.58 G
2019-06-08 02:19:37,7.0,1.58 G
2019-06-08 02:19:39,5.0,1.58 G
2019-06-08 02:19:41,9.0,1.58 G
2019-06-08 02:19:43,7.0,1.58 G
2019-06-08 02:19:45,6.0,1.58 G
2019-06-08 02:19:47,8.0,1.58 G
2019-06-08 02:19:49,8.0,1.58 G
2019-06-08 02:19:51,4.0,1.58 G
2019-06-08 02:19:53,4.0,1.58 G
2019-06-08 02:19:55,3.0,1.58 G
2019-06-08 02:19:57,3.0,1.58 G
2019-06-08 02:19:59,3.0,1.58 G
2019-06-08 02:20:01,4.0,1.58 G
2019-06-08 02:20:03,3.0,1.58 G
2019-06-08 02:20:05,4.0,1.58 G
2019-06-08 02:20:07,3.0,1.58 G
2019-06-08 02:20:09,4.0,1.58 G
2019-06-08 02:20:12,3.0,1.58 G
2019-06-08 02:20:14,2.0,1.58 G
2019-06-08 02:20:16,4.0,1.58 G
2019-06-08 02:20:18,5.0,1.58 G
2019-06-08 02:20:20,4.0,1.58 G
2019-06-08 02:20:22,5.0,1.58 G
2019-06-08 02:20:24,3.0,1.58 G
2019-06-08 02:20:26,5.0,1.58 G
2019-06-08 02:20:28,4.0,1.58 G
2019-06-08 02:20:30,3.0,1.58 G
2019-06-08 02:20:32,3.0,1.58 G
2019-06-08 02:20:34,4.0,1.58 G
2019-06-08 02:20:36,4.0,1.58 G
2019-06-08 02:20:38,4.0,1.58 G
2019-06-08 02:20:40,4.0,1.58 G
2019-06-08 02:20:42,4.0,1.58 G
2019-06-08 02:20:44,3.0,1.58 G
2019-06-08 02:20:46,3.0,1.58 G
2019-06-08 02:20:48,3.0,1.58 G
2019-06-08 02:20:50,5.0,1.58 G
2019-06-08 02:20:52,4.0,1.58 G
2019-06-08 02:20:54,4.0,1.58 G
2019-06-08 02:20:56,4.0,1.58 G
2019-06-08 02:20:58,3.0,1.58 G
2019-06-08 02:21:00,3.0,1.58 G
2019-06-08 02:21:02,3.0,1.58 G
2019-06-08 02:21:04,2.0,1.58 G
2019-06-08 02:21:06,1.0,1.58 G
2019-06-08 02:21:08,2.0,1.58 G
2019-06-08 02:21:10,2.0,1.58 G
2019-06-08 02:21:12,5.0,1.58 G
2019-06-08 02:21:14,4.0,1.58 G
2019-06-08 02:21:16,4.0,1.58 G
2019-06-08 02:21:18,8.0,1.58 G
2019-06-08 02:21:20,5.0,1.58 G
2019-06-08 02:21:22,3.0,1.58 G
2019-06-08 02:21:24,7.0,1.58 G
2019-06-08 02:21:26,9.0,1.58 G
2019-06-08 02:21:28,7.0,1.58 G
2019-06-08 02:21:30,4.0,1.58 G
2019-06-08 02:21:32,7.0,1.58 G
2019-06-08 02:21:34,8.0,1.58 G
2019-06-08 02:21:36,15.0,1.58 G
2019-06-08 02:21:38,5.0,1.58 G
2019-06-08 02:21:40,5.0,1.58 G
2019-06-08 02:21:42,5.0,1.58 G
2019-06-08 02:21:44,2.0,1.58 G
2019-06-08 02:21:46,3.0,1.58 G
2019-06-08 02:21:48,3.0,1.58 G
2019-06-08 02:21:50,3.0,1.58 G
2019-06-08 02:21:52,4.0,1.58 G
2019-06-08 02:21:54,5.0,1.58 G
2019-06-08 02:21:56,4.0,1.58 G
2019-06-08 02:21:58,4.0,1.58 G
2019-06-08 02:22:00,4.0,1.58 G
2019-06-08 02:22:02,4.0,1.58 G
2019-06-08 02:22:04,3.0,1.58 G
2019-06-08 02:22:06,2.0,1.58 G
2019-06-08 02:22:08,1.0,1.58 G
2019-06-08 02:22:10,2.0,1.58 G
2019-06-08 02:22:12,5.0,1.58 G
2019-06-08 02:22:14,5.0,1.58 G
2019-06-08 02:22:16,9.0,1.58 G
2019-06-08 02:22:18,6.0,1.58 G
2019-06-08 02:22:20,8.0,1.58 G
2019-06-08 02:22:22,4.0,1.58 G
2019-06-08 02:22:24,4.0,1.58 G
2019-06-08 02:22:26,5.0,1.58 G
2019-06-08 02:22:28,6.0,1.58 G
2019-06-08 02:22:30,5.0,1.58 G
2019-06-08 02:22:32,6.0,1.58 G
2019-06-08 02:22:34,5.0,1.58 G
2019-06-08 02:22:36,4.0,1.58 G
2019-06-08 02:22:38,4.0,1.58 G
2019-06-08 02:22:40,4.0,1.58 G
2019-06-08 02:22:42,3.0,1.58 G
2019-06-08 02:22:44,5.0,1.58 G
2019-06-08 02:22:46,4.0,1.58 G
2019-06-08 02:22:48,5.0,1.58 G
2019-06-08 02:22:51,5.0,1.58 G
2019-06-08 02:22:53,6.0,1.58 G
2019-06-08 02:22:55,7.0,1.58 G
2019-06-08 02:22:57,5.0,1.58 G
2019-06-08 02:22:59,5.0,1.58 G
2019-06-08 02:23:01,7.0,1.58 G
2019-06-08 02:23:03,3.0,1.58 G
2019-06-08 02:23:05,4.0,1.58 G
2019-06-08 02:23:07,5.0,1.58 G
2019-06-08 02:23:09,5.0,1.58 G
2019-06-08 02:23:11,4.0,1.58 G
2019-06-08 02:23:13,6.0,1.58 G
2019-06-08 02:23:15,6.0,1.58 G
2019-06-08 02:23:17,5.0,1.58 G
2019-06-08 02:23:19,6.0,1.58 G
2019-06-08 02:23:21,6.0,1.58 G
2019-06-08 02:23:23,6.0,1.58 G
2019-06-08 02:23:25,6.0,1.58 G
2019-06-08 02:23:27,5.0,1.58 G
2019-06-08 02:23:29,5.0,1.58 G
2019-06-08 02:23:31,6.0,1.58 G
2019-06-08 02:23:33,5.0,1.58 G
2019-06-08 02:23:35,6.0,1.58 G
2019-06-08 02:23:37,5.0,1.58 G
2019-06-08 02:23:39,4.0,1.58 G
2019-06-08 02:23:41,7.0,1.58 G
2019-06-08 02:23:43,6.0,1.58 G
2019-06-08 02:23:45,8.0,1.58 G
2019-06-08 02:23:47,5.0,1.58 G
2019-06-08 02:23:49,3.0,1.58 G
2019-06-08 02:23:51,4.0,1.58 G
2019-06-08 02:23:53,6.0,1.58 G
2019-06-08 02:23:55,6.0,1.58 G
2019-06-08 02:23:57,5.0,1.58 G
2019-06-08 02:23:59,5.0,1.58 G
2019-06-08 02:24:01,5.0,1.58 G
2019-06-08 02:24:03,3.0,1.58 G
2019-06-08 02:24:05,6.0,1.58 G
2019-06-08 02:24:07,5.0,1.58 G
2019-06-08 02:24:09,4.0,1.58 G
2019-06-08 02:24:11,5.0,1.58 G
2019-06-08 02:24:13,4.0,1.58 G
2019-06-08 02:24:15,6.0,1.58 G
2019-06-08 02:24:17,4.0,1.58 G
2019-06-08 02:24:19,6.0,1.58 G
2019-06-08 02:24:21,4.0,1.58 G
2019-06-08 02:24:23,5.0,1.58 G
2019-06-08 02:24:25,8.0,1.58 G
2019-06-08 02:24:27,7.0,1.58 G
2019-06-08 02:24:29,9.0,1.58 G
2019-06-08 02:24:31,5.0,1.58 G
2019-06-08 02:24:33,5.0,1.58 G
2019-06-08 02:24:35,4.0,1.58 G
2019-06-08 02:24:37,6.0,1.58 G
2019-06-08 02:24:39,5.0,1.58 G
2019-06-08 02:24:41,5.0,1.58 G
2019-06-08 02:24:43,0.0,1.58 G
2019-06-08 02:24:45,3.0,1.58 G
2019-06-08 02:24:47,3.0,1.58 G
2019-06-08 02:24:49,4.0,1.58 G
2019-06-08 02:24:51,2.0,1.58 G
2019-06-08 02:24:53,2.0,1.58 G
2019-06-08 02:24:55,2.0,1.58 G
2019-06-08 02:24:57,2.0,1.58 G
2019-06-08 02:24:59,3.0,1.58 G
2019-06-08 02:25:01,2.0,1.58 G
2019-06-08 02:25:03,4.0,1.58 G
2019-06-08 02:25:05,6.0,1.58 G
2019-06-08 02:25:07,7.0,1.58 G
2019-06-08 02:25:09,5.0,1.58 G
2019-06-08 02:25:11,4.0,1.58 G
2019-06-08 02:25:13,7.0,1.58 G
2019-06-08 02:25:15,3.0,1.58 G
2019-06-08 02:25:17,7.0,1.58 G
2019-06-08 02:25:19,2.0,1.58 G
2019-06-08 02:25:21,2.0,1.58 G
2019-06-08 02:25:23,2.0,1.58 G
2019-06-08 02:25:25,3.0,1.58 G
2019-06-08 02:25:28,4.0,1.58 G
2019-06-08 02:25:30,2.0,1.58 G
2019-06-08 02:25:32,6.0,1.58 G
2019-06-08 02:25:34,5.0,1.58 G
2019-06-08 02:25:36,3.0,1.58 G
2019-06-08 02:25:38,4.0,1.58 G
2019-06-08 02:25:40,5.0,1.58 G
2019-06-08 02:25:42,4.0,1.58 G
2019-06-08 02:25:44,7.0,1.58 G
2019-06-08 02:25:46,4.0,1.58 G
2019-06-08 02:25:48,7.0,1.58 G
2019-06-08 02:25:50,6.0,1.58 G
2019-06-08 02:25:52,7.0,1.58 G
2019-06-08 02:25:54,6.0,1.58 G
2019-06-08 02:25:56,5.0,1.58 G
2019-06-08 02:25:58,6.0,1.58 G
2019-06-08 02:26:00,3.0,1.58 G
2019-06-08 02:26:02,6.0,1.58 G
2019-06-08 02:26:04,8.0,1.58 G
2019-06-08 02:26:06,9.0,1.58 G
2019-06-08 02:26:08,8.0,1.58 G
2019-06-08 02:26:10,5.0,1.58 G
2019-06-08 02:26:12,6.0,1.58 G
2019-06-08 02:26:14,19.9,1.58 G
2019-06-08 02:26:16,745.5,1.57 G
2019-06-08 02:26:18,766.5,1.57 G
2019-06-08 02:26:20,765.6,1.57 G
2019-06-08 02:26:22,758.4,1.56 G
2019-06-08 02:26:24,765.4,1.56 G
2019-06-08 02:26:26,15.0,1.55 G
2019-06-08 02:26:28,7.0,1.55 G
2019-06-08 02:26:30,2.0,1.55 G
2019-06-08 02:26:32,6.0,1.55 G
2019-06-08 02:26:34,4.0,1.55 G
2019-06-08 02:26:36,5.0,1.55 G
2019-06-08 02:26:38,5.0,1.55 G
2019-06-08 02:26:40,7.0,1.55 G
2019-06-08 02:26:42,7.0,1.55 G
2019-06-08 02:26:44,5.0,1.55 G
2019-06-08 02:26:46,5.0,1.55 G
2019-06-08 02:26:48,7.0,1.55 G
2019-06-08 02:26:50,8.0,1.55 G
2019-06-08 02:26:52,27.0,1.59 G
2019-06-08 02:26:54,759.4,1.59 G
2019-06-08 02:26:56,762.4,1.59 G
2019-06-08 02:26:58,216.8,1.59 G
2019-06-08 02:27:00,7.0,1.59 G
2019-06-08 02:27:02,7.0,1.59 G
2019-06-08 02:27:04,8.0,1.59 G
2019-06-08 02:27:06,8.0,1.59 G
2019-06-08 02:27:08,8.0,1.59 G
2019-06-08 02:27:10,7.0,1.59 G
2019-06-08 02:27:12,8.0,1.59 G
2019-06-08 02:27:14,7.0,1.59 G
2019-06-08 02:27:16,5.0,1.59 G
2019-06-08 02:27:18,6.0,1.59 G
2019-06-08 02:27:20,4.0,1.59 G
2019-06-08 02:27:22,7.0,1.59 G
2019-06-08 02:27:24,743.4,1.59 G
2019-06-08 02:27:26,758.4,1.59 G
2019-06-08 02:27:28,737.2,1.56 G
2019-06-08 02:27:30,6.0,1.56 G
2019-06-08 02:27:32,753.9,1.56 G
2019-06-08 02:27:34,762.4,1.56 G
2019-06-08 02:27:36,747.4,1.56 G
2019-06-08 02:27:38,1.0,1.56 G
2019-06-08 02:27:40,2.0,1.56 G
2019-06-08 02:27:42,2.0,1.56 G
2019-06-08 02:27:44,4.0,1.56 G
2019-06-08 02:27:46,7.0,1.56 G
2019-06-08 02:27:48,1.0,1.56 G
2019-06-08 02:27:50,3.0,1.56 G
2019-06-08 02:27:52,4.0,1.56 G
2019-06-08 02:27:54,3.0,1.56 G
2019-06-08 02:27:56,4.0,1.56 G
2019-06-08 02:27:58,4.0,1.56 G
2019-06-08 02:28:00,4.0,1.56 G
2019-06-08 02:28:02,2.0,1.56 G
2019-06-08 02:28:05,3.0,1.56 G
2019-06-08 02:28:07,4.0,1.56 G
2019-06-08 02:28:09,3.0,1.56 G
2019-06-08 02:28:11,3.0,1.56 G
2019-06-08 02:28:13,4.0,1.56 G
2019-06-08 02:28:15,3.0,1.56 G
2019-06-08 02:28:17,3.0,1.56 G
2019-06-08 02:28:19,2.0,1.56 G
2019-06-08 02:28:21,3.0,1.56 G
2019-06-08 02:28:23,2.0,1.56 G
2019-06-08 02:28:25,4.0,1.56 G
2019-06-08 02:28:27,4.0,1.56 G
2019-06-08 02:28:29,3.0,1.56 G
2019-06-08 02:28:31,2.0,1.56 G
2019-06-08 02:28:33,5.0,1.56 G
2019-06-08 02:28:35,5.0,1.56 G
2019-06-08 02:28:37,7.0,1.56 G
2019-06-08 02:28:39,5.0,1.56 G
2019-06-08 02:28:41,4.0,1.56 G
2019-06-08 02:28:43,4.0,1.56 G
2019-06-08 02:28:45,3.0,1.56 G
2019-06-08 02:28:47,3.0,1.56 G
2019-06-08 02:28:49,3.0,1.56 G
2019-06-08 02:28:51,3.0,1.56 G
2019-06-08 02:28:53,3.0,1.56 G
2019-06-08 02:28:55,7.0,1.57 G
2019-06-08 02:28:57,7.0,1.57 G
2019-06-08 02:28:59,7.0,1.57 G
2019-06-08 02:29:01,6.0,1.57 G
2019-06-08 02:29:03,7.0,1.57 G
2019-06-08 02:29:05,8.0,1.57 G
2019-06-08 02:29:07,6.0,1.57 G
2019-06-08 02:29:09,7.0,1.57 G
2019-06-08 02:29:11,9.0,1.57 G
2019-06-08 02:29:13,16.0,1.57 G
2019-06-08 02:29:15,15.0,1.57 G
2019-06-08 02:29:17,11.0,1.57 G
2019-06-08 02:29:19,7.0,1.57 G
2019-06-08 02:29:21,5.0,1.57 G
2019-06-08 02:29:23,5.0,1.57 G
2019-06-08 02:29:25,4.0,1.57 G
2019-06-08 02:29:27,7.0,1.57 G
2019-06-08 02:29:29,5.0,1.57 G
2019-06-08 02:29:31,5.0,1.57 G
2019-06-08 02:29:33,4.0,1.57 G
2019-06-08 02:29:35,6.0,1.57 G
2019-06-08 02:29:37,8.0,1.57 G
2019-06-08 02:29:39,6.0,1.57 G
2019-06-08 02:29:41,8.0,1.57 G
2019-06-08 02:29:43,6.0,1.57 G
2019-06-08 02:29:45,7.0,1.58 G
2019-06-08 02:29:47,7.0,1.58 G
2019-06-08 02:29:49,8.0,1.58 G
2019-06-08 02:29:51,5.0,1.58 G
2019-06-08 02:29:53,9.0,1.58 G
2019-06-08 02:29:55,7.0,1.58 G
2019-06-08 02:29:57,3.0,1.58 G
2019-06-08 02:29:59,8.0,1.58 G
2019-06-08 02:30:01,6.0,1.58 G
2019-06-08 02:30:03,5.0,1.58 G
2019-06-08 02:30:05,4.0,1.58 G
2019-06-08 02:30:07,5.0,1.58 G
2019-06-08 02:30:09,7.0,1.58 G
2019-06-08 02:30:11,5.0,1.58 G
2019-06-08 02:30:13,7.0,1.58 G
2019-06-08 02:30:15,5.0,1.58 G
2019-06-08 02:30:17,3.0,1.58 G
2019-06-08 02:30:19,5.0,1.58 G
2019-06-08 02:30:21,4.0,1.58 G
2019-06-08 02:30:23,5.0,1.58 G
2019-06-08 02:30:25,3.0,1.58 G
2019-06-08 02:30:27,3.0,1.58 G
2019-06-08 02:30:29,5.0,1.58 G
2019-06-08 02:30:31,4.0,1.58 G
2019-06-08 02:30:33,4.0,1.58 G
2019-06-08 02:30:35,6.0,1.58 G
2019-06-08 02:30:37,6.0,1.58 G
2019-06-08 02:30:39,5.0,1.58 G
2019-06-08 02:30:41,4.0,1.58 G
2019-06-08 02:30:44,5.0,1.58 G
2019-06-08 02:30:46,7.0,1.58 G
2019-06-08 02:30:48,5.0,1.58 G
2019-06-08 02:30:50,6.0,1.58 G
2019-06-08 02:30:52,6.0,1.58 G
2019-06-08 02:30:54,5.0,1.58 G
2019-06-08 02:30:56,2.0,1.58 G
2019-06-08 02:30:58,3.0,1.58 G
2019-06-08 02:31:00,4.0,1.58 G
2019-06-08 02:31:02,5.0,1.58 G
2019-06-08 02:31:04,3.0,1.58 G
2019-06-08 02:31:06,3.0,1.58 G
2019-06-08 02:31:08,3.0,1.58 G
2019-06-08 02:31:10,4.0,1.58 G
2019-06-08 02:31:12,4.0,1.58 G
2019-06-08 02:31:14,5.0,1.59 G
2019-06-08 02:31:16,7.0,1.59 G
2019-06-08 02:31:18,5.0,1.59 G
2019-06-08 02:31:20,5.0,1.59 G
2019-06-08 02:31:22,6.0,1.59 G
2019-06-08 02:31:24,4.0,1.59 G
2019-06-08 02:31:26,8.0,1.59 G
2019-06-08 02:31:28,758.4,1.61 G
2019-06-08 02:31:30,759.4,1.60 G
2019-06-08 02:31:32,765.4,1.59 G
2019-06-08 02:31:34,763.5,1.58 G
2019-06-08 02:31:36,763.4,1.58 G
2019-06-08 02:31:38,395.6,1.56 G
2019-06-08 02:31:40,7.0,1.56 G
2019-06-08 02:31:42,7.0,1.56 G
2019-06-08 02:31:44,8.0,1.56 G
2019-06-08 02:31:46,4.0,1.56 G
2019-06-08 02:31:48,8.0,1.56 G
2019-06-08 02:31:50,4.0,1.56 G
2019-06-08 02:31:52,754.4,1.57 G
2019-06-08 02:31:54,763.5,1.57 G
2019-06-08 02:31:56,756.4,1.57 G
2019-06-08 02:31:58,8.0,1.56 G
2019-06-08 02:32:00,9.0,1.56 G
2019-06-08 02:32:02,8.0,1.56 G
2019-06-08 02:32:04,7.0,1.56 G
2019-06-08 02:32:06,7.0,1.56 G
2019-06-08 02:32:08,9.0,1.56 G
2019-06-08 02:32:10,8.0,1.56 G
2019-06-08 02:32:12,4.0,1.56 G
2019-06-08 02:32:14,9.0,1.56 G
2019-06-08 02:32:16,10.0,1.56 G
2019-06-08 02:32:18,38.0,1.60 G
2019-06-08 02:32:20,764.4,1.60 G
2019-06-08 02:32:22,763.4,1.60 G
2019-06-08 02:32:24,523.5,1.59 G
2019-06-08 02:32:26,3.0,1.59 G
2019-06-08 02:32:28,485.7,1.56 G
2019-06-08 02:32:30,763.3,1.56 G
2019-06-08 02:32:32,758.4,1.56 G
2019-06-08 02:32:34,7.0,1.56 G
2019-06-08 02:32:36,5.0,1.56 G
2019-06-08 02:32:38,8.0,1.56 G
2019-06-08 02:32:40,9.0,1.56 G
2019-06-08 02:32:42,5.0,1.56 G
2019-06-08 02:32:44,8.0,1.56 G
2019-06-08 02:32:46,6.0,1.56 G
2019-06-08 02:32:48,8.0,1.56 G
2019-06-08 02:32:50,8.0,1.56 G
2019-06-08 02:32:52,9.0,1.56 G
2019-06-08 02:32:54,9.0,1.56 G
2019-06-08 02:32:56,8.0,1.56 G
2019-06-08 02:32:58,8.0,1.56 G
2019-06-08 02:33:00,8.0,1.56 G
2019-06-08 02:33:02,6.0,1.56 G
2019-06-08 02:33:04,4.0,1.56 G
2019-06-08 02:33:06,8.0,1.56 G
2019-06-08 02:33:08,8.0,1.56 G
2019-06-08 02:33:10,46.9,1.57 G
2019-06-08 02:33:12,43.0,1.58 G
2019-06-08 02:33:14,60.9,1.58 G
2019-06-08 02:33:16,46.9,1.58 G
2019-06-08 02:33:18,53.9,1.58 G
2019-06-08 02:33:20,48.9,1.60 G
2019-06-08 02:33:23,731.9,1.60 G
2019-06-08 02:33:25,758.4,1.60 G
2019-06-08 02:33:27,759.4,1.60 G
2019-06-08 02:33:29,755.4,1.59 G
2019-06-08 02:33:31,755.4,1.58 G
2019-06-08 02:33:33,529.8,1.56 G
2019-06-08 02:33:35,7.0,1.56 G
2019-06-08 02:33:37,4.0,1.56 G
2019-06-08 02:33:39,4.0,1.56 G
2019-06-08 02:33:41,8.0,1.56 G
2019-06-08 02:33:43,4.0,1.56 G
2019-06-08 02:33:45,4.0,1.56 G
2019-06-08 02:33:47,8.0,1.56 G
2019-06-08 02:33:49,8.0,1.56 G
2019-06-08 02:33:51,5.0,1.56 G
2019-06-08 02:33:53,10.0,1.56 G
2019-06-08 02:33:55,8.0,1.56 G
2019-06-08 02:33:57,9.0,1.56 G
2019-06-08 02:33:59,8.0,1.56 G
2019-06-08 02:34:01,4.0,1.56 G
2019-06-08 02:34:03,4.0,1.56 G
2019-06-08 02:34:05,10.0,1.56 G
2019-06-08 02:34:07,10.0,1.56 G
2019-06-08 02:34:09,9.0,1.56 G
2019-06-08 02:34:11,10.0,1.56 G
2019-06-08 02:34:13,10.0,1.56 G
2019-06-08 02:34:15,10.0,1.56 G
2019-06-08 02:34:17,9.0,1.56 G
2019-06-08 02:34:19,8.0,1.56 G
2019-06-08 02:34:21,14.0,1.56 G
2019-06-08 02:34:23,8.0,1.56 G
2019-06-08 02:34:25,8.0,1.56 G
2019-06-08 02:34:27,9.0,1.56 G
2019-06-08 02:34:29,5.0,1.56 G
2019-06-08 02:34:31,6.0,1.56 G
2019-06-08 02:34:33,10.0,1.56 G
2019-06-08 02:34:35,7.0,1.56 G
2019-06-08 02:34:37,5.0,1.56 G
2019-06-08 02:34:39,8.0,1.56 G
2019-06-08 02:34:41,8.0,1.56 G
2019-06-08 02:34:43,4.0,1.56 G
2019-06-08 02:34:45,5.0,1.56 G
2019-06-08 02:34:47,8.0,1.56 G
2019-06-08 02:34:49,8.0,1.56 G
2019-06-08 02:34:51,8.0,1.56 G
2019-06-08 02:34:53,8.0,1.56 G
2019-06-08 02:34:55,5.0,1.56 G
2019-06-08 02:34:57,5.0,1.56 G
2019-06-08 02:34:59,6.0,1.56 G
2019-06-08 02:35:01,7.0,1.56 G
2019-06-08 02:35:03,4.0,1.56 G
2019-06-08 02:35:05,10.0,1.56 G
2019-06-08 02:35:07,7.0,1.56 G
2019-06-08 02:35:09,5.0,1.56 G
2019-06-08 02:35:11,7.0,1.56 G
2019-06-08 02:35:13,7.0,1.56 G
2019-06-08 02:35:15,4.0,1.56 G
2019-06-08 02:35:17,4.0,1.56 G
2019-06-08 02:35:19,5.0,1.56 G
2019-06-08 02:35:21,5.0,1.56 G
2019-06-08 02:35:23,7.0,1.56 G
2019-06-08 02:35:25,8.0,1.56 G
2019-06-08 02:35:27,6.0,1.56 G
2019-06-08 02:35:29,8.0,1.56 G
2019-06-08 02:35:31,7.0,1.56 G
2019-06-08 02:35:33,5.0,1.56 G
2019-06-08 02:35:35,6.0,1.56 G
2019-06-08 02:35:37,6.0,1.56 G
2019-06-08 02:35:39,10.0,1.56 G
2019-06-08 02:35:41,9.0,1.56 G
2019-06-08 02:35:43,9.0,1.56 G
2019-06-08 02:35:45,4.0,1.56 G
2019-06-08 02:35:47,5.0,1.56 G
2019-06-08 02:35:49,46.0,1.58 G
2019-06-08 02:35:51,23.0,1.58 G
2019-06-08 02:35:53,4.0,1.58 G
2019-06-08 02:35:55,6.0,1.58 G
2019-06-08 02:35:57,4.0,1.58 G
2019-06-08 02:36:00,3.0,1.58 G
2019-06-08 02:36:02,3.0,1.58 G
2019-06-08 02:36:04,4.0,1.58 G
2019-06-08 02:36:06,2.0,1.58 G
2019-06-08 02:36:08,2.0,1.58 G
2019-06-08 02:36:10,6.0,1.58 G
2019-06-08 02:36:12,16.0,1.58 G
2019-06-08 02:36:14,24.0,1.58 G
2019-06-08 02:36:16,5.0,1.58 G
2019-06-08 02:36:18,9.0,1.58 G
2019-06-08 02:36:20,6.0,1.58 G
2019-06-08 02:36:22,5.0,1.58 G
2019-06-08 02:36:24,14.0,1.58 G
2019-06-08 02:36:26,26.0,1.58 G
2019-06-08 02:36:28,35.0,1.58 G
2019-06-08 02:36:30,29.0,1.58 G
2019-06-08 02:36:32,21.0,1.58 G
2019-06-08 02:36:34,61.9,1.61 G
2019-06-08 02:36:36,39.0,1.61 G
2019-06-08 02:36:38,35.0,1.61 G
2019-06-08 02:36:40,60.9,1.64 G
2019-06-08 02:36:42,48.0,1.64 G
2019-06-08 02:36:44,46.0,1.64 G
2019-06-08 02:36:46,69.0,1.68 G
2019-06-08 02:36:48,765.5,1.68 G
2019-06-08 02:36:50,756.4,1.67 G
2019-06-08 02:36:52,757.4,1.65 G
2019-06-08 02:36:54,757.2,1.63 G
2019-06-08 02:36:56,758.4,1.62 G
2019-06-08 02:36:58,16.0,1.59 G
2019-06-08 02:37:00,8.0,1.59 G
2019-06-08 02:37:02,8.0,1.59 G
2019-06-08 02:37:04,11.0,1.59 G
2019-06-08 02:37:06,9.0,1.59 G
2019-06-08 02:37:08,7.0,1.59 G
2019-06-08 02:37:10,9.0,1.59 G
2019-06-08 02:37:12,7.0,1.59 G
2019-06-08 02:37:14,10.0,1.59 G
2019-06-08 02:37:16,8.0,1.59 G
2019-06-08 02:37:18,10.0,1.59 G
2019-06-08 02:37:20,9.0,1.59 G
2019-06-08 02:37:22,4.0,1.59 G
2019-06-08 02:37:24,7.0,1.59 G
2019-06-08 02:37:26,4.0,1.59 G
2019-06-08 02:37:28,7.0,1.59 G
2019-06-08 02:37:30,7.0,1.59 G
2019-06-08 02:37:32,7.0,1.59 G
2019-06-08 02:37:34,7.0,1.59 G
2019-06-08 02:37:36,754.9,1.65 G
2019-06-08 02:37:38,758.5,1.65 G
2019-06-08 02:37:40,753.4,1.64 G
2019-06-08 02:37:42,756.4,1.63 G
2019-06-08 02:37:44,758.4,1.63 G
2019-06-08 02:37:46,169.8,1.59 G
2019-06-08 02:37:48,7.0,1.59 G
2019-06-08 02:37:50,8.0,1.59 G
2019-06-08 02:37:52,6.0,1.59 G
2019-06-08 02:37:54,8.0,1.59 G
2019-06-08 02:37:56,6.0,1.59 G
2019-06-08 02:37:58,6.0,1.59 G
2019-06-08 02:38:00,3.0,1.59 G
2019-06-08 02:38:02,8.0,1.59 G
2019-06-08 02:38:04,8.0,1.59 G
2019-06-08 02:38:06,8.0,1.59 G
2019-06-08 02:38:08,5.0,1.59 G
2019-06-08 02:38:10,9.0,1.59 G
2019-06-08 02:38:12,6.0,1.59 G
2019-06-08 02:38:14,360.6,1.58 G
2019-06-08 02:38:16,754.4,1.58 G
2019-06-08 02:38:18,743.4,1.58 G
2019-06-08 02:38:20,9.0,1.57 G
2019-06-08 02:38:22,752.6,1.57 G
2019-06-08 02:38:24,765.5,1.57 G
2019-06-08 02:38:26,578.6,1.57 G
2019-06-08 02:38:28,3.0,1.57 G
2019-06-08 02:38:30,9.0,1.57 G
2019-06-08 02:38:32,8.0,1.58 G
2019-06-08 02:38:34,9.0,1.58 G
2019-06-08 02:38:36,8.0,1.58 G
2019-06-08 02:38:38,6.0,1.58 G
2019-06-08 02:38:40,5.0,1.58 G
2019-06-08 02:38:43,5.0,1.58 G
2019-06-08 02:38:45,9.0,1.58 G
2019-06-08 02:38:47,8.0,1.58 G
2019-06-08 02:38:49,6.0,1.58 G
2019-06-08 02:38:51,10.0,1.58 G
2019-06-08 02:38:53,9.0,1.58 G
2019-06-08 02:38:55,9.0,1.58 G
2019-06-08 02:38:57,6.0,1.58 G
2019-06-08 02:38:59,8.0,1.58 G
2019-06-08 02:39:01,8.0,1.58 G
2019-06-08 02:39:03,9.0,1.58 G
2019-06-08 02:39:05,5.0,1.58 G
2019-06-08 02:39:07,11.0,1.58 G
2019-06-08 02:39:09,8.0,1.58 G
2019-06-08 02:39:11,8.0,1.58 G
2019-06-08 02:39:13,9.0,1.58 G
2019-06-08 02:39:15,9.0,1.58 G
2019-06-08 02:39:17,7.0,1.58 G
2019-06-08 02:39:19,8.0,1.58 G
2019-06-08 02:39:21,8.0,1.58 G
2019-06-08 02:39:23,9.0,1.58 G
2019-06-08 02:39:25,9.0,1.58 G
2019-06-08 02:39:27,8.0,1.58 G
2019-06-08 02:39:29,9.0,1.58 G
2019-06-08 02:39:31,5.0,1.58 G
2019-06-08 02:39:33,8.0,1.58 G
2019-06-08 02:39:35,7.0,1.58 G
2019-06-08 02:39:37,8.0,1.58 G
2019-06-08 02:39:39,9.0,1.58 G
2019-06-08 02:39:41,9.0,1.58 G
2019-06-08 02:39:43,6.0,1.58 G
2019-06-08 02:39:45,765.4,1.58 G
2019-06-08 02:39:47,765.4,1.58 G
2019-06-08 02:39:49,763.4,1.58 G
2019-06-08 02:39:51,758.4,1.58 G
2019-06-08 02:39:53,756.4,1.58 G
2019-06-08 02:39:55,8.0,1.57 G
2019-06-08 02:39:57,5.0,1.57 G
2019-06-08 02:39:59,8.0,1.57 G
2019-06-08 02:40:01,8.0,1.57 G
2019-06-08 02:40:03,8.0,1.57 G
2019-06-08 02:40:05,9.0,1.57 G
2019-06-08 02:40:07,8.0,1.57 G
2019-06-08 02:40:09,5.0,1.57 G
2019-06-08 02:40:11,261.8,1.59 G
2019-06-08 02:40:13,756.4,1.58 G
2019-06-08 02:40:15,754.4,1.57 G
2019-06-08 02:40:17,8.0,1.57 G
2019-06-08 02:40:19,5.0,1.57 G
2019-06-08 02:40:21,9.0,1.57 G
2019-06-08 02:40:23,4.0,1.57 G
2019-06-08 02:40:25,7.0,1.57 G
2019-06-08 02:40:27,7.0,1.57 G
2019-06-08 02:40:29,5.0,1.57 G
2019-06-08 02:40:31,8.0,1.57 G
2019-06-08 02:40:33,6.0,1.57 G
2019-06-08 02:40:35,9.0,1.57 G
2019-06-08 02:40:37,5.0,1.57 G
2019-06-08 02:40:39,5.0,1.57 G
2019-06-08 02:40:41,8.0,1.57 G
2019-06-08 02:40:43,5.0,1.57 G
2019-06-08 02:40:45,4.0,1.57 G
2019-06-08 02:40:47,4.0,1.57 G
2019-06-08 02:40:49,8.0,1.57 G
2019-06-08 02:40:51,9.0,1.57 G
2019-06-08 02:40:53,4.0,1.57 G
2019-06-08 02:40:55,6.0,1.58 G
2019-06-08 02:40:57,5.0,1.58 G
2019-06-08 02:40:59,6.0,1.58 G
2019-06-08 02:41:01,7.0,1.58 G
2019-06-08 02:41:03,7.0,1.58 G
2019-06-08 02:41:05,6.0,1.58 G
2019-06-08 02:41:07,6.0,1.58 G
2019-06-08 02:41:09,8.0,1.58 G
2019-06-08 02:41:11,7.0,1.58 G
2019-06-08 02:41:13,6.0,1.58 G
2019-06-08 02:41:15,39.0,1.59 G
2019-06-08 02:41:17,40.0,1.59 G
2019-06-08 02:41:19,61.0,1.59 G
2019-06-08 02:41:22,43.0,1.59 G
2019-06-08 02:41:24,26.0,1.59 G
2019-06-08 02:41:26,40.0,1.59 G
2019-06-08 02:41:28,57.9,1.61 G
2019-06-08 02:41:30,35.0,1.62 G
2019-06-08 02:41:32,735.6,1.62 G
2019-06-08 02:41:34,765.3,1.62 G
2019-06-08 02:41:36,757.7,1.62 G
2019-06-08 02:41:38,757.4,1.61 G
2019-06-08 02:41:40,754.4,1.60 G
2019-06-08 02:41:42,479.6,1.58 G
2019-06-08 02:41:44,5.0,1.58 G
2019-06-08 02:41:46,6.0,1.58 G
2019-06-08 02:41:48,8.0,1.58 G
2019-06-08 02:41:50,5.0,1.58 G
2019-06-08 02:41:52,9.0,1.58 G
2019-06-08 02:41:54,8.0,1.58 G
2019-06-08 02:41:56,7.0,1.58 G
2019-06-08 02:41:58,8.0,1.58 G
2019-06-08 02:42:00,4.0,1.58 G
2019-06-08 02:42:02,12.0,1.58 G
2019-06-08 02:42:04,34.0,1.58 G
2019-06-08 02:42:06,46.9,1.58 G
2019-06-08 02:42:08,43.0,1.58 G
2019-06-08 02:42:10,43.0,1.58 G
2019-06-08 02:42:12,36.0,1.58 G
2019-06-08 02:42:14,35.0,1.58 G
2019-06-08 02:42:16,54.0,1.60 G
2019-06-08 02:42:18,33.0,1.60 G
2019-06-08 02:42:20,33.0,1.60 G
2019-06-08 02:42:22,29.0,1.60 G
2019-06-08 02:42:24,37.0,1.60 G
2019-06-08 02:42:26,43.9,1.62 G
2019-06-08 02:42:28,44.0,1.62 G
2019-06-08 02:42:30,28.0,1.62 G
2019-06-08 02:42:32,38.0,1.62 G
2019-06-08 02:42:34,59.0,1.65 G
2019-06-08 02:42:36,27.0,1.66 G
2019-06-08 02:42:38,29.0,1.66 G
2019-06-08 02:42:40,34.0,1.66 G
2019-06-08 02:42:42,48.9,1.66 G
2019-06-08 02:42:44,35.0,1.66 G
2019-06-08 02:42:46,31.0,1.66 G
2019-06-08 02:42:48,37.0,1.66 G
2019-06-08 02:42:50,38.0,1.66 G
2019-06-08 02:42:52,30.0,1.67 G
2019-06-08 02:42:54,34.0,1.67 G
2019-06-08 02:42:56,40.0,1.67 G
2019-06-08 02:42:58,39.0,1.67 G
2019-06-08 02:43:00,42.9,1.67 G
2019-06-08 02:43:02,38.0,1.67 G
2019-06-08 02:43:04,39.0,1.67 G
2019-06-08 02:43:06,39.0,1.67 G
2019-06-08 02:43:08,34.0,1.68 G
2019-06-08 02:43:10,32.0,1.68 G
2019-06-08 02:43:12,28.0,1.68 G
2019-06-08 02:43:14,36.0,1.68 G
2019-06-08 02:43:16,32.0,1.68 G
2019-06-08 02:43:18,31.0,1.68 G
2019-06-08 02:43:20,38.0,1.68 G
2019-06-08 02:43:22,38.0,1.68 G
2019-06-08 02:43:24,52.9,1.69 G
2019-06-08 02:43:26,37.0,1.69 G
2019-06-08 02:43:28,38.0,1.69 G
2019-06-08 02:43:30,32.0,1.69 G
2019-06-08 02:43:32,28.0,1.69 G
2019-06-08 02:43:34,26.0,1.69 G
2019-06-08 02:43:36,28.0,1.69 G
2019-06-08 02:43:38,33.0,1.69 G
2019-06-08 02:43:40,34.0,1.69 G
2019-06-08 02:43:42,39.0,1.70 G
2019-06-08 02:43:44,34.0,1.70 G
2019-06-08 02:43:46,33.0,1.70 G
2019-06-08 02:43:48,34.0,1.70 G
2019-06-08 02:43:50,45.9,1.70 G
2019-06-08 02:43:52,36.0,1.70 G
2019-06-08 02:43:54,32.0,1.70 G
2019-06-08 02:43:56,36.0,1.70 G
2019-06-08 02:43:58,29.0,1.70 G
2019-06-08 02:44:00,47.9,1.70 G
2019-06-08 02:44:02,35.0,1.70 G
2019-06-08 02:44:04,37.0,1.70 G
2019-06-08 02:44:06,38.0,1.70 G
2019-06-08 02:44:08,30.0,1.70 G
2019-06-08 02:44:10,36.0,1.70 G
2019-06-08 02:44:13,23.0,1.70 G
2019-06-08 02:44:15,41.9,1.70 G
2019-06-08 02:44:17,30.0,1.71 G
2019-06-08 02:44:19,41.9,1.71 G
2019-06-08 02:44:21,29.0,1.71 G
2019-06-08 02:44:23,30.0,1.71 G
2019-06-08 02:44:25,33.0,1.71 G
2019-06-08 02:44:27,36.0,1.71 G
2019-06-08 02:44:29,53.9,1.71 G
2019-06-08 02:44:31,37.0,1.71 G
2019-06-08 02:44:33,37.0,1.71 G
2019-06-08 02:44:35,41.9,1.71 G
2019-06-08 02:44:37,58.9,1.71 G
2019-06-08 02:44:39,36.0,1.71 G
2019-06-08 02:44:41,33.0,1.71 G
2019-06-08 02:44:43,40.0,1.71 G
2019-06-08 02:44:45,36.0,1.71 G
2019-06-08 02:44:47,39.0,1.71 G
2019-06-08 02:44:49,36.0,1.71 G
2019-06-08 02:44:51,37.0,1.71 G
2019-06-08 02:44:53,37.0,1.71 G
2019-06-08 02:44:55,64.0,1.71 G
2019-06-08 02:44:57,46.0,1.71 G
2019-06-08 02:44:59,37.0,1.71 G
2019-06-08 02:45:01,33.0,1.71 G
2019-06-08 02:45:03,37.0,1.71 G
2019-06-08 02:45:05,34.0,1.71 G
2019-06-08 02:45:07,36.0,1.71 G
2019-06-08 02:45:09,38.0,1.71 G
2019-06-08 02:45:11,42.9,1.71 G
2019-06-08 02:45:13,40.0,1.71 G
2019-06-08 02:45:15,41.0,1.71 G
2019-06-08 02:45:17,41.9,1.71 G
2019-06-08 02:45:19,44.9,1.71 G
2019-06-08 02:45:21,45.9,1.71 G
2019-06-08 02:45:23,40.0,1.71 G
2019-06-08 02:45:25,42.0,1.71 G
2019-06-08 02:45:27,54.9,1.71 G
2019-06-08 02:45:29,44.9,1.71 G
2019-06-08 02:45:31,46.9,1.71 G
2019-06-08 02:45:33,47.9,1.71 G
2019-06-08 02:45:35,40.0,1.71 G
2019-06-08 02:45:37,39.0,1.71 G
2019-06-08 02:45:39,46.0,1.71 G
2019-06-08 02:45:41,41.0,1.71 G
2019-06-08 02:45:43,31.0,1.71 G
2019-06-08 02:45:45,45.0,1.71 G
2019-06-08 02:45:47,40.0,1.72 G
2019-06-08 02:45:49,47.9,1.72 G
2019-06-08 02:45:51,37.0,1.72 G
2019-06-08 02:45:53,37.0,1.72 G
2019-06-08 02:45:55,36.0,1.72 G
2019-06-08 02:45:57,51.9,1.72 G
2019-06-08 02:45:59,40.0,1.72 G
2019-06-08 02:46:01,33.0,1.72 G
2019-06-08 02:46:03,39.0,1.72 G
2019-06-08 02:46:05,63.9,1.72 G
2019-06-08 02:46:07,38.0,1.72 G
2019-06-08 02:46:09,41.0,1.72 G
2019-06-08 02:46:11,35.0,1.72 G
2019-06-08 02:46:13,24.0,1.72 G
2019-06-08 02:46:15,15.0,1.72 G
2019-06-08 02:46:17,33.0,1.73 G
2019-06-08 02:46:19,18.0,1.73 G
2019-06-08 02:46:21,38.0,1.73 G
2019-06-08 02:46:23,31.0,1.73 G
2019-06-08 02:46:25,35.0,1.73 G
2019-06-08 02:46:27,65.9,1.73 G
2019-06-08 02:46:29,41.0,1.73 G
2019-06-08 02:46:31,40.9,1.73 G
2019-06-08 02:46:33,9.0,1.73 G
2019-06-08 02:46:35,5.0,1.73 G
2019-06-08 02:46:37,3.0,1.73 G
2019-06-08 02:46:39,15.0,1.73 G
2019-06-08 02:46:41,22.0,1.73 G
2019-06-08 02:46:43,24.0,1.73 G
2019-06-08 02:46:45,45.0,1.73 G
2019-06-08 02:46:47,26.0,1.73 G
2019-06-08 02:46:49,24.0,1.73 G
2019-06-08 02:46:51,17.0,1.73 G
2019-06-08 02:46:53,19.0,1.73 G
2019-06-08 02:46:55,15.0,1.73 G
2019-06-08 02:46:57,9.0,1.73 G
2019-06-08 02:46:59,6.0,1.73 G
2019-06-08 02:47:02,8.0,1.73 G
2019-06-08 02:47:04,33.0,1.73 G
2019-06-08 02:47:06,42.9,1.73 G
2019-06-08 02:47:08,343.9,1.73 G
2019-06-08 02:47:10,764.5,1.73 G
2019-06-08 02:47:12,765.7,1.73 G
2019-06-08 02:47:14,39.0,1.72 G
2019-06-08 02:47:16,6.0,1.72 G
2019-06-08 02:47:18,7.0,1.72 G
2019-06-08 02:47:20,7.0,1.72 G
2019-06-08 02:47:22,762.2,1.73 G
2019-06-08 02:47:24,765.5,1.72 G
2019-06-08 02:47:26,206.8,1.70 G
2019-06-08 02:47:28,5.0,1.70 G
2019-06-08 02:47:30,6.0,1.70 G
2019-06-08 02:47:32,8.0,1.70 G
2019-06-08 02:47:34,5.0,1.70 G
2019-06-08 02:47:36,9.0,1.70 G
2019-06-08 02:47:38,8.0,1.70 G
2019-06-08 02:47:40,6.0,1.70 G
2019-06-08 02:47:42,5.0,1.70 G
2019-06-08 02:47:44,6.0,1.70 G
2019-06-08 02:47:46,10.0,1.70 G
2019-06-08 02:47:48,8.0,1.70 G
2019-06-08 02:47:50,9.0,1.70 G
2019-06-08 02:47:52,756.5,1.69 G
2019-06-08 02:47:54,763.3,1.68 G
2019-06-08 02:47:56,597.3,1.67 G
2019-06-08 02:47:58,8.0,1.67 G
2019-06-08 02:48:00,8.0,1.67 G
2019-06-08 02:48:02,10.0,1.67 G
2019-06-08 02:48:04,10.0,1.67 G
2019-06-08 02:48:06,5.0,1.67 G
2019-06-08 02:48:08,10.0,1.67 G
2019-06-08 02:48:10,9.0,1.67 G
2019-06-08 02:48:12,11.0,1.67 G
2019-06-08 02:48:14,8.0,1.67 G
2019-06-08 02:48:16,9.0,1.67 G
2019-06-08 02:48:18,8.0,1.67 G
2019-06-08 02:48:20,9.0,1.67 G
2019-06-08 02:48:22,102.0,1.68 G
2019-06-08 02:48:24,756.5,1.68 G
2019-06-08 02:48:26,754.4,1.67 G
2019-06-08 02:48:28,169.8,1.66 G
2019-06-08 02:48:30,4.0,1.66 G
2019-06-08 02:48:32,9.0,1.66 G
2019-06-08 02:48:34,9.0,1.66 G
2019-06-08 02:48:36,4.0,1.66 G
2019-06-08 02:48:38,8.0,1.66 G
2019-06-08 02:48:40,8.0,1.66 G
2019-06-08 02:48:42,10.0,1.66 G
2019-06-08 02:48:44,7.0,1.66 G
2019-06-08 02:48:46,7.0,1.66 G
2019-06-08 02:48:48,5.0,1.66 G
2019-06-08 02:48:50,10.0,1.66 G
2019-06-08 02:48:52,5.0,1.66 G
2019-06-08 02:48:54,5.0,1.66 G
2019-06-08 02:48:56,766.5,1.67 G
2019-06-08 02:48:58,759.4,1.67 G
