2019-06-23 01:59:21,171.9,151.95 M
2019-06-23 01:59:23,0.0,151.95 M
2019-06-23 01:59:26,0.0,151.95 M
2019-06-23 01:59:28,221.8,404.02 M
2019-06-23 01:59:30,155.8,727.57 M
2019-06-23 01:59:32,15.0,721.77 M
2019-06-23 01:59:34,24.0,724.86 M
2019-06-23 01:59:36,22.0,727.63 M
2019-06-23 01:59:38,56.9,729.47 M
2019-06-23 01:59:40,6.0,729.55 M
2019-06-23 01:59:42,4.0,729.55 M
2019-06-23 01:59:44,7.0,729.55 M
2019-06-23 01:59:46,4.0,730.59 M
2019-06-23 01:59:48,6.0,730.59 M
2019-06-23 01:59:50,4.0,730.62 M
2019-06-23 01:59:52,5.0,730.62 M
2019-06-23 01:59:54,3.0,730.62 M
2019-06-23 01:59:56,3.0,730.62 M
2019-06-23 01:59:58,3.0,730.62 M
2019-06-23 02:00:00,5.0,730.62 M
2019-06-23 02:00:02,3.0,730.62 M
2019-06-23 02:00:04,6.0,730.62 M
2019-06-23 02:00:06,6.0,730.62 M
2019-06-23 02:00:08,5.0,730.62 M
2019-06-23 02:00:10,3.0,730.62 M
2019-06-23 02:00:12,5.0,730.62 M
2019-06-23 02:00:14,10.0,730.62 M
2019-06-23 02:00:16,5.0,730.62 M
2019-06-23 02:00:18,5.0,730.62 M
2019-06-23 02:00:20,5.0,730.62 M
2019-06-23 02:00:22,5.0,730.62 M
2019-06-23 02:00:24,4.0,730.62 M
2019-06-23 02:00:26,4.0,730.62 M
2019-06-23 02:00:28,4.0,730.62 M
2019-06-23 02:00:30,5.0,730.62 M
2019-06-23 02:00:32,4.0,730.62 M
2019-06-23 02:00:34,4.0,730.62 M
2019-06-23 02:00:36,5.0,730.62 M
2019-06-23 02:00:38,6.0,730.62 M
2019-06-23 02:00:40,4.0,730.62 M
2019-06-23 02:00:42,6.0,730.62 M
2019-06-23 02:00:44,5.0,730.62 M
2019-06-23 02:00:46,2.0,730.62 M
2019-06-23 02:00:48,4.0,730.62 M
2019-06-23 02:00:50,5.0,730.62 M
2019-06-23 02:00:52,5.0,730.62 M
2019-06-23 02:00:54,5.0,730.62 M
2019-06-23 02:00:56,5.0,730.62 M
2019-06-23 02:00:58,5.0,730.62 M
2019-06-23 02:01:00,5.0,730.62 M
2019-06-23 02:01:02,4.0,730.62 M
2019-06-23 02:01:04,5.0,730.62 M
2019-06-23 02:01:06,4.0,730.62 M
2019-06-23 02:01:08,5.0,730.62 M
2019-06-23 02:01:10,2.0,730.62 M
2019-06-23 02:01:12,2.0,730.62 M
2019-06-23 02:01:14,4.0,730.62 M
2019-06-23 02:01:16,3.0,730.62 M
2019-06-23 02:01:18,2.0,730.62 M
2019-06-23 02:01:20,2.0,730.62 M
2019-06-23 02:01:22,3.0,730.62 M
2019-06-23 02:01:24,5.0,730.62 M
2019-06-23 02:01:26,5.0,730.62 M
2019-06-23 02:01:28,5.0,730.62 M
2019-06-23 02:01:30,5.0,730.62 M
2019-06-23 02:01:32,5.0,730.62 M
2019-06-23 02:01:34,5.0,730.62 M
2019-06-23 02:01:36,5.0,730.62 M
2019-06-23 02:01:38,4.0,730.62 M
2019-06-23 02:01:40,5.0,730.62 M
2019-06-23 02:01:42,5.0,730.62 M
2019-06-23 02:01:44,5.0,730.62 M
2019-06-23 02:01:46,5.0,730.62 M
2019-06-23 02:01:48,3.0,730.62 M
2019-06-23 02:01:50,2.0,730.62 M
2019-06-23 02:01:52,4.0,730.62 M
2019-06-23 02:01:54,4.0,730.62 M
2019-06-23 02:01:56,5.0,730.62 M
2019-06-23 02:01:58,4.0,730.62 M
2019-06-23 02:02:00,4.0,730.62 M
2019-06-23 02:02:02,5.0,730.62 M
2019-06-23 02:02:04,4.0,730.62 M
2019-06-23 02:02:06,5.0,730.62 M
2019-06-23 02:02:08,4.0,730.62 M
2019-06-23 02:02:11,3.0,730.62 M
2019-06-23 02:02:13,5.0,730.62 M
2019-06-23 02:02:15,5.0,730.62 M
2019-06-23 02:02:17,4.0,730.62 M
2019-06-23 02:02:19,5.0,730.62 M
2019-06-23 02:02:21,5.0,730.62 M
2019-06-23 02:02:23,2.0,730.62 M
2019-06-23 02:02:25,4.0,730.62 M
2019-06-23 02:02:27,3.0,730.62 M
2019-06-23 02:02:29,3.0,730.62 M
2019-06-23 02:02:31,3.0,730.62 M
2019-06-23 02:02:33,4.0,730.62 M
2019-06-23 02:02:35,6.0,730.62 M
2019-06-23 02:02:37,4.0,730.62 M
2019-06-23 02:02:39,4.0,730.62 M
2019-06-23 02:02:41,6.0,730.62 M
2019-06-23 02:02:43,4.0,730.62 M
2019-06-23 02:02:45,4.0,730.62 M
2019-06-23 02:02:47,4.0,730.62 M
2019-06-23 02:02:49,5.0,730.62 M
2019-06-23 02:02:51,4.0,730.62 M
2019-06-23 02:02:53,4.0,730.62 M
2019-06-23 02:02:55,3.0,730.62 M
2019-06-23 02:02:57,5.0,730.62 M
2019-06-23 02:02:59,5.0,730.62 M
2019-06-23 02:03:01,3.0,730.62 M
2019-06-23 02:03:03,4.0,730.62 M
2019-06-23 02:03:05,4.0,730.62 M
2019-06-23 02:03:07,4.0,730.62 M
2019-06-23 02:03:09,5.0,730.62 M
2019-06-23 02:03:11,4.0,730.62 M
2019-06-23 02:03:13,5.0,730.62 M
2019-06-23 02:03:15,5.0,730.62 M
2019-06-23 02:03:17,2.0,730.62 M
2019-06-23 02:03:19,4.0,730.62 M
2019-06-23 02:03:21,3.0,730.62 M
2019-06-23 02:03:23,5.0,730.62 M
2019-06-23 02:03:25,4.0,730.62 M
2019-06-23 02:03:27,5.0,730.62 M
2019-06-23 02:03:29,2.0,730.62 M
2019-06-23 02:03:31,5.0,730.62 M
2019-06-23 02:03:33,4.0,730.62 M
2019-06-23 02:03:35,4.0,730.62 M
2019-06-23 02:03:37,5.0,730.62 M
2019-06-23 02:03:39,5.0,730.62 M
2019-06-23 02:03:41,4.0,730.62 M
2019-06-23 02:03:43,3.0,730.62 M
2019-06-23 02:03:45,5.0,730.62 M
2019-06-23 02:03:47,5.0,730.62 M
2019-06-23 02:03:49,5.0,730.62 M
2019-06-23 02:03:51,5.0,730.62 M
2019-06-23 02:03:53,3.0,730.62 M
2019-06-23 02:03:55,3.0,730.62 M
2019-06-23 02:03:57,2.0,730.62 M
2019-06-23 02:03:59,2.0,730.62 M
2019-06-23 02:04:01,3.0,730.62 M
2019-06-23 02:04:03,5.0,730.62 M
2019-06-23 02:04:05,5.0,730.62 M
2019-06-23 02:04:07,4.0,730.62 M
2019-06-23 02:04:09,3.0,730.62 M
2019-06-23 02:04:11,4.0,730.62 M
2019-06-23 02:04:13,3.0,730.62 M
2019-06-23 02:04:15,2.0,730.62 M
2019-06-23 02:04:17,6.0,730.62 M
2019-06-23 02:04:19,5.0,730.62 M
2019-06-23 02:04:21,4.0,730.62 M
2019-06-23 02:04:23,5.0,730.62 M
2019-06-23 02:04:25,5.0,730.62 M
2019-06-23 02:04:27,3.0,730.62 M
2019-06-23 02:04:29,4.0,730.62 M
2019-06-23 02:04:31,3.0,730.62 M
2019-06-23 02:04:33,4.0,730.62 M
2019-06-23 02:04:35,6.0,730.62 M
2019-06-23 02:04:37,4.0,730.62 M
2019-06-23 02:04:39,4.0,730.62 M
2019-06-23 02:04:41,4.0,730.62 M
2019-06-23 02:04:43,4.0,730.62 M
2019-06-23 02:04:46,3.0,730.62 M
2019-06-23 02:04:48,2.0,730.62 M
2019-06-23 02:04:50,4.0,730.62 M
2019-06-23 02:04:52,5.0,730.62 M
2019-06-23 02:04:54,5.0,730.62 M
2019-06-23 02:04:56,5.0,730.62 M
2019-06-23 02:04:58,5.0,730.62 M
2019-06-23 02:05:00,4.0,730.62 M
2019-06-23 02:05:02,4.0,730.62 M
2019-06-23 02:05:04,3.0,730.62 M
2019-06-23 02:05:06,4.0,730.62 M
2019-06-23 02:05:08,4.0,730.62 M
2019-06-23 02:05:10,5.0,730.62 M
2019-06-23 02:05:12,5.0,730.62 M
2019-06-23 02:05:14,2.0,730.62 M
2019-06-23 02:05:16,2.0,730.62 M
2019-06-23 02:05:18,5.0,730.62 M
2019-06-23 02:05:20,5.0,730.62 M
2019-06-23 02:05:22,5.0,730.62 M
2019-06-23 02:05:24,5.0,730.62 M
2019-06-23 02:05:26,4.0,730.62 M
2019-06-23 02:05:28,5.0,730.62 M
2019-06-23 02:05:30,3.0,730.62 M
2019-06-23 02:05:32,4.0,730.62 M
2019-06-23 02:05:34,2.0,730.62 M
2019-06-23 02:05:36,5.0,730.62 M
2019-06-23 02:05:38,5.0,730.62 M
2019-06-23 02:05:40,4.0,730.62 M
2019-06-23 02:05:42,5.0,730.62 M
2019-06-23 02:05:44,5.0,730.62 M
2019-06-23 02:05:46,5.0,730.62 M
2019-06-23 02:05:48,4.0,730.62 M
2019-06-23 02:05:50,2.0,730.62 M
2019-06-23 02:05:52,4.0,730.62 M
2019-06-23 02:05:54,4.0,730.62 M
2019-06-23 02:05:56,5.0,730.62 M
2019-06-23 02:05:58,4.0,730.62 M
2019-06-23 02:06:00,3.0,730.62 M
2019-06-23 02:06:02,3.0,730.62 M
2019-06-23 02:06:04,4.0,730.62 M
2019-06-23 02:06:06,2.0,730.62 M
2019-06-23 02:06:08,5.0,730.62 M
2019-06-23 02:06:10,4.0,730.62 M
2019-06-23 02:06:12,5.0,730.62 M
2019-06-23 02:06:14,5.0,730.62 M
2019-06-23 02:06:16,4.0,730.62 M
2019-06-23 02:06:18,5.0,730.62 M
2019-06-23 02:06:20,4.0,730.62 M
2019-06-23 02:06:22,5.0,730.62 M
2019-06-23 02:06:24,4.0,730.62 M
2019-06-23 02:06:26,4.0,730.62 M
2019-06-23 02:06:28,5.0,730.62 M
2019-06-23 02:06:30,4.0,730.62 M
2019-06-23 02:06:32,5.0,730.62 M
2019-06-23 02:06:34,4.0,730.62 M
2019-06-23 02:06:36,2.0,730.62 M
2019-06-23 02:06:38,2.0,730.62 M
2019-06-23 02:06:40,4.0,730.62 M
2019-06-23 02:06:42,3.0,730.62 M
2019-06-23 02:06:44,3.0,730.62 M
2019-06-23 02:06:46,4.0,730.62 M
2019-06-23 02:06:48,5.0,730.62 M
2019-06-23 02:06:50,4.0,730.62 M
2019-06-23 02:06:52,3.0,730.62 M
2019-06-23 02:06:54,5.0,730.62 M
2019-06-23 02:06:56,4.0,730.62 M
2019-06-23 02:06:58,4.0,730.62 M
2019-06-23 02:07:00,5.0,730.62 M
2019-06-23 02:07:02,3.0,730.62 M
2019-06-23 02:07:04,4.0,730.62 M
2019-06-23 02:07:06,5.0,730.62 M
2019-06-23 02:07:08,4.0,730.62 M
2019-06-23 02:07:10,4.0,730.62 M
2019-06-23 02:07:12,5.0,730.62 M
2019-06-23 02:07:14,4.0,730.62 M
2019-06-23 02:07:16,4.0,730.62 M
2019-06-23 02:07:18,2.0,730.62 M
2019-06-23 02:07:20,5.0,730.62 M
2019-06-23 02:07:23,6.0,730.62 M
2019-06-23 02:07:25,2.0,730.62 M
2019-06-23 02:07:27,5.0,730.62 M
2019-06-23 02:07:29,2.0,733.68 M
2019-06-23 02:07:31,399.6,2.33 G
2019-06-23 02:07:33,115.9,3.44 G
2019-06-23 02:07:35,111.9,3.61 G
2019-06-23 02:07:37,107.9,3.68 G
2019-06-23 02:07:39,249.7,3.71 G
2019-06-23 02:07:41,107.9,3.72 G
2019-06-23 02:07:43,107.9,3.72 G
2019-06-23 02:07:45,535.4,3.73 G
2019-06-23 02:07:47,750.5,3.73 G
2019-06-23 02:07:49,738.2,3.73 G
2019-06-23 02:07:51,747.8,3.73 G
2019-06-23 02:07:53,734.5,3.73 G
2019-06-23 02:07:55,736.6,3.73 G
2019-06-23 02:07:57,734.4,3.72 G
2019-06-23 02:07:59,751.5,3.72 G
2019-06-23 02:08:01,744.6,3.72 G
2019-06-23 02:08:03,76.9,3.14 G
2019-06-23 02:08:05,4.0,3.14 G
2019-06-23 02:08:07,5.0,3.14 G
2019-06-23 02:08:09,4.0,3.14 G
2019-06-23 02:08:11,5.0,3.14 G
2019-06-23 02:08:13,5.0,3.14 G
2019-06-23 02:08:15,3.0,3.14 G
2019-06-23 02:08:17,2.0,3.14 G
2019-06-23 02:08:19,2.0,3.14 G
2019-06-23 02:08:21,3.0,3.14 G
2019-06-23 02:08:23,3.0,3.14 G
2019-06-23 02:08:25,2.0,3.14 G
2019-06-23 02:08:27,3.0,3.14 G
2019-06-23 02:08:29,2.0,3.14 G
2019-06-23 02:08:31,2.0,3.14 G
2019-06-23 02:08:33,3.0,3.14 G
2019-06-23 02:08:35,3.0,3.14 G
2019-06-23 02:08:37,5.0,3.14 G
2019-06-23 02:08:39,5.0,3.14 G
2019-06-23 02:08:41,4.0,3.14 G
2019-06-23 02:08:43,4.0,3.14 G
2019-06-23 02:08:45,2.0,3.14 G
2019-06-23 02:08:47,3.0,3.14 G
2019-06-23 02:08:49,3.0,3.14 G
2019-06-23 02:08:51,2.0,3.14 G
2019-06-23 02:08:53,2.0,3.14 G
2019-06-23 02:08:55,5.0,3.14 G
2019-06-23 02:08:57,4.0,3.14 G
2019-06-23 02:08:59,6.0,3.14 G
2019-06-23 02:09:01,5.0,3.14 G
2019-06-23 02:09:03,3.0,3.14 G
2019-06-23 02:09:05,4.0,3.14 G
2019-06-23 02:09:07,5.0,3.14 G
2019-06-23 02:09:09,5.0,3.14 G
2019-06-23 02:09:11,3.0,3.14 G
2019-06-23 02:09:13,4.0,3.14 G
2019-06-23 02:09:15,4.0,3.14 G
2019-06-23 02:09:17,6.0,3.14 G
2019-06-23 02:09:19,5.0,3.14 G
2019-06-23 02:09:21,6.0,3.14 G
2019-06-23 02:09:23,4.0,3.14 G
2019-06-23 02:09:25,3.0,3.14 G
2019-06-23 02:09:27,5.0,3.14 G
2019-06-23 02:09:29,4.0,3.14 G
2019-06-23 02:09:31,3.0,3.14 G
2019-06-23 02:09:33,4.0,3.14 G
2019-06-23 02:09:35,5.0,3.14 G
2019-06-23 02:09:37,6.0,3.14 G
2019-06-23 02:09:39,3.0,3.14 G
2019-06-23 02:09:41,2.0,3.14 G
2019-06-23 02:09:43,4.0,3.14 G
2019-06-23 02:09:45,2.0,3.14 G
2019-06-23 02:09:47,6.0,3.14 G
2019-06-23 02:09:49,5.0,3.14 G
2019-06-23 02:09:51,6.0,3.14 G
2019-06-23 02:09:53,3.0,3.14 G
2019-06-23 02:09:55,4.0,3.14 G
2019-06-23 02:09:57,5.0,3.14 G
2019-06-23 02:09:59,4.0,3.14 G
2019-06-23 02:10:01,4.0,3.14 G
2019-06-23 02:10:03,5.0,3.14 G
2019-06-23 02:10:05,4.0,3.14 G
2019-06-23 02:10:07,5.0,3.14 G
2019-06-23 02:10:09,3.0,3.14 G
2019-06-23 02:10:12,10.0,3.14 G
2019-06-23 02:10:14,4.0,3.14 G
2019-06-23 02:10:16,4.0,3.14 G
2019-06-23 02:10:18,5.0,3.14 G
2019-06-23 02:10:20,3.0,3.14 G
2019-06-23 02:10:22,4.0,3.14 G
2019-06-23 02:10:24,5.0,3.14 G
2019-06-23 02:10:26,5.0,3.14 G
2019-06-23 02:10:28,5.0,3.14 G
2019-06-23 02:10:30,4.0,3.14 G
2019-06-23 02:10:32,2.0,3.14 G
2019-06-23 02:10:34,4.0,3.14 G
2019-06-23 02:10:36,4.0,3.14 G
2019-06-23 02:10:38,2.0,3.14 G
2019-06-23 02:10:40,2.0,3.14 G
2019-06-23 02:10:42,3.0,3.14 G
2019-06-23 02:10:44,5.0,3.14 G
2019-06-23 02:10:46,4.0,3.14 G
2019-06-23 02:10:48,4.0,3.14 G
2019-06-23 02:10:50,5.0,3.14 G
2019-06-23 02:10:52,5.0,3.14 G
2019-06-23 02:10:54,5.0,3.14 G
2019-06-23 02:10:56,5.0,3.14 G
2019-06-23 02:10:58,2.0,3.14 G
2019-06-23 02:11:00,4.0,3.14 G
2019-06-23 02:11:02,3.0,3.14 G
2019-06-23 02:11:04,5.0,3.14 G
2019-06-23 02:11:06,5.0,3.14 G
2019-06-23 02:11:08,4.0,3.14 G
2019-06-23 02:11:10,3.0,3.14 G
2019-06-23 02:11:12,6.0,3.14 G
2019-06-23 02:11:14,5.0,3.14 G
2019-06-23 02:11:16,4.0,3.14 G
2019-06-23 02:11:18,5.0,3.14 G
2019-06-23 02:11:20,2.0,3.14 G
2019-06-23 02:11:22,3.0,3.14 G
2019-06-23 02:11:24,2.0,3.14 G
2019-06-23 02:11:26,2.0,3.14 G
2019-06-23 02:11:28,4.0,3.14 G
2019-06-23 02:11:30,4.0,3.14 G
2019-06-23 02:11:32,3.0,3.14 G
2019-06-23 02:11:34,4.0,3.14 G
2019-06-23 02:11:36,5.0,3.14 G
2019-06-23 02:11:38,3.0,3.14 G
2019-06-23 02:11:40,4.0,3.14 G
2019-06-23 02:11:42,4.0,3.14 G
2019-06-23 02:11:44,3.0,3.14 G
2019-06-23 02:11:46,5.0,3.14 G
2019-06-23 02:11:48,4.0,3.14 G
2019-06-23 02:11:50,6.0,3.14 G
2019-06-23 02:11:52,4.0,3.14 G
2019-06-23 02:11:54,5.0,3.14 G
2019-06-23 02:11:56,4.0,3.14 G
2019-06-23 02:11:58,5.0,3.14 G
2019-06-23 02:12:00,4.0,3.14 G
2019-06-23 02:12:02,5.0,3.14 G
2019-06-23 02:12:04,4.0,3.14 G
2019-06-23 02:12:06,4.0,3.14 G
2019-06-23 02:12:08,2.0,3.14 G
2019-06-23 02:12:10,4.0,3.14 G
2019-06-23 02:12:12,4.0,3.14 G
2019-06-23 02:12:14,5.0,3.14 G
2019-06-23 02:12:16,6.0,3.14 G
2019-06-23 02:12:18,3.0,3.14 G
2019-06-23 02:12:20,4.0,3.14 G
2019-06-23 02:12:22,2.0,3.14 G
2019-06-23 02:12:24,4.0,3.14 G
2019-06-23 02:12:26,3.0,3.14 G
2019-06-23 02:12:28,5.0,3.14 G
2019-06-23 02:12:30,5.0,3.14 G
2019-06-23 02:12:32,4.0,3.14 G
2019-06-23 02:12:34,6.0,3.14 G
2019-06-23 02:12:36,5.0,3.14 G
2019-06-23 02:12:38,4.0,3.14 G
2019-06-23 02:12:40,3.0,3.14 G
2019-06-23 02:12:42,4.0,3.14 G
2019-06-23 02:12:44,6.0,3.14 G
2019-06-23 02:12:46,4.0,3.14 G
2019-06-23 02:12:48,3.0,3.14 G
2019-06-23 02:12:50,5.0,3.14 G
2019-06-23 02:12:52,5.0,3.14 G
2019-06-23 02:12:54,4.0,3.14 G
2019-06-23 02:12:57,5.0,3.14 G
2019-06-23 02:12:59,3.0,3.14 G
2019-06-23 02:13:01,4.0,3.14 G
2019-06-23 02:13:03,4.0,3.14 G
2019-06-23 02:13:05,3.0,3.14 G
2019-06-23 02:13:07,4.0,3.14 G
2019-06-23 02:13:09,3.0,3.14 G
2019-06-23 02:13:11,3.0,3.14 G
2019-06-23 02:13:13,5.0,3.14 G
2019-06-23 02:13:15,4.0,3.14 G
2019-06-23 02:13:17,3.0,3.14 G
2019-06-23 02:13:19,2.0,3.14 G
2019-06-23 02:13:21,4.0,3.14 G
2019-06-23 02:13:23,4.0,3.14 G
2019-06-23 02:13:25,3.0,3.14 G
2019-06-23 02:13:27,5.0,3.14 G
2019-06-23 02:13:29,3.0,3.14 G
2019-06-23 02:13:31,4.0,3.14 G
2019-06-23 02:13:33,5.0,3.14 G
2019-06-23 02:13:35,5.0,3.14 G
2019-06-23 02:13:37,5.0,3.14 G
2019-06-23 02:13:39,5.0,3.14 G
2019-06-23 02:13:41,4.0,3.14 G
2019-06-23 02:13:43,3.0,3.14 G
2019-06-23 02:13:45,2.0,3.14 G
2019-06-23 02:13:47,5.0,3.14 G
2019-06-23 02:13:49,5.0,3.14 G
2019-06-23 02:13:51,2.0,3.14 G
2019-06-23 02:13:53,5.0,3.14 G
2019-06-23 02:13:55,5.0,3.14 G
2019-06-23 02:13:57,5.0,3.14 G
2019-06-23 02:13:59,4.0,3.14 G
2019-06-23 02:14:01,5.0,3.14 G
2019-06-23 02:14:03,5.0,3.14 G
2019-06-23 02:14:05,5.0,3.14 G
2019-06-23 02:14:07,3.0,3.14 G
2019-06-23 02:14:09,3.0,3.14 G
2019-06-23 02:14:11,5.0,3.14 G
2019-06-23 02:14:13,5.0,3.14 G
2019-06-23 02:14:15,4.0,3.14 G
2019-06-23 02:14:17,3.0,3.14 G
2019-06-23 02:14:19,3.0,3.14 G
2019-06-23 02:14:21,5.0,3.14 G
2019-06-23 02:14:23,4.0,3.14 G
2019-06-23 02:14:25,4.0,3.14 G
2019-06-23 02:14:27,4.0,3.14 G
2019-06-23 02:14:29,3.0,3.14 G
2019-06-23 02:14:31,5.0,3.14 G
2019-06-23 02:14:33,4.0,3.14 G
2019-06-23 02:14:35,3.0,3.14 G
2019-06-23 02:14:37,4.0,3.14 G
2019-06-23 02:14:39,6.0,3.14 G
2019-06-23 02:14:41,4.0,3.14 G
2019-06-23 02:14:43,4.0,3.14 G
2019-06-23 02:14:45,2.0,3.14 G
2019-06-23 02:14:47,5.0,3.14 G
2019-06-23 02:14:49,4.0,3.14 G
2019-06-23 02:14:51,2.0,3.14 G
2019-06-23 02:14:53,4.0,3.14 G
2019-06-23 02:14:55,4.0,3.14 G
2019-06-23 02:14:57,4.0,3.14 G
2019-06-23 02:14:59,3.0,3.14 G
2019-06-23 02:15:01,3.0,3.14 G
2019-06-23 02:15:03,5.0,3.14 G
2019-06-23 02:15:05,4.0,3.14 G
2019-06-23 02:15:07,4.0,3.14 G
2019-06-23 02:15:09,4.0,3.14 G
2019-06-23 02:15:11,5.0,3.14 G
2019-06-23 02:15:13,2.0,3.14 G
2019-06-23 02:15:15,4.0,3.14 G
2019-06-23 02:15:17,2.0,3.14 G
2019-06-23 02:15:19,4.0,3.14 G
2019-06-23 02:15:21,4.0,3.14 G
2019-06-23 02:15:23,4.0,3.14 G
2019-06-23 02:15:25,4.0,3.14 G
2019-06-23 02:15:27,4.0,3.14 G
2019-06-23 02:15:29,4.0,3.14 G
2019-06-23 02:15:31,5.0,3.14 G
2019-06-23 02:15:33,5.0,3.14 G
2019-06-23 02:15:35,5.0,3.14 G
2019-06-23 02:15:37,133.9,3.54 G
2019-06-23 02:15:40,106.9,3.68 G
2019-06-23 02:15:42,102.0,3.72 G
2019-06-23 02:15:44,106.0,3.73 G
2019-06-23 02:15:46,104.0,3.73 G
2019-06-23 02:15:48,104.9,3.73 G
2019-06-23 02:15:50,104.9,3.73 G
2019-06-23 02:15:52,766.5,3.73 G
2019-06-23 02:15:54,761.9,3.73 G
2019-06-23 02:15:56,762.6,3.73 G
2019-06-23 02:15:58,764.8,3.71 G
2019-06-23 02:16:00,760.8,3.71 G
2019-06-23 02:16:02,766.5,3.71 G
2019-06-23 02:16:04,768.5,3.71 G
2019-06-23 02:16:06,766.5,3.71 G
2019-06-23 02:16:08,202.9,3.14 G
2019-06-23 02:16:10,2.0,3.14 G
2019-06-23 02:16:12,5.0,3.14 G
2019-06-23 02:16:14,4.0,3.14 G
2019-06-23 02:16:16,9.0,3.14 G
2019-06-23 02:16:18,4.0,3.14 G
2019-06-23 02:16:20,3.0,3.14 G
2019-06-23 02:16:22,5.0,3.14 G
2019-06-23 02:16:24,4.0,3.14 G
2019-06-23 02:16:26,4.0,3.14 G
2019-06-23 02:16:28,4.0,3.14 G
2019-06-23 02:16:30,5.0,3.14 G
2019-06-23 02:16:32,5.0,3.14 G
2019-06-23 02:16:34,3.0,3.14 G
2019-06-23 02:16:36,4.0,3.14 G
2019-06-23 02:16:38,4.0,3.14 G
2019-06-23 02:16:40,3.0,3.14 G
2019-06-23 02:16:42,4.0,3.14 G
2019-06-23 02:16:44,4.0,3.14 G
2019-06-23 02:16:46,5.0,3.14 G
2019-06-23 02:16:48,5.0,3.14 G
2019-06-23 02:16:50,4.0,3.14 G
2019-06-23 02:16:52,3.0,3.14 G
2019-06-23 02:16:54,5.0,3.14 G
2019-06-23 02:16:56,3.0,3.14 G
2019-06-23 02:16:58,3.0,3.14 G
2019-06-23 02:17:00,4.0,3.14 G
2019-06-23 02:17:02,3.0,3.14 G
2019-06-23 02:17:04,5.0,3.14 G
2019-06-23 02:17:06,5.0,3.14 G
2019-06-23 02:17:08,5.0,3.14 G
2019-06-23 02:17:10,5.0,3.14 G
2019-06-23 02:17:12,5.0,3.14 G
2019-06-23 02:17:14,3.0,3.14 G
2019-06-23 02:17:16,5.0,3.14 G
2019-06-23 02:17:18,5.0,3.14 G
2019-06-23 02:17:20,5.0,3.14 G
2019-06-23 02:17:22,5.0,3.14 G
2019-06-23 02:17:24,5.0,3.14 G
2019-06-23 02:17:26,4.0,3.14 G
2019-06-23 02:17:28,5.0,3.14 G
2019-06-23 02:17:30,4.0,3.14 G
2019-06-23 02:17:32,6.0,3.14 G
2019-06-23 02:17:34,4.0,3.14 G
2019-06-23 02:17:36,5.0,3.14 G
2019-06-23 02:17:38,3.0,3.14 G
2019-06-23 02:17:40,4.0,3.14 G
2019-06-23 02:17:42,5.0,3.14 G
2019-06-23 02:17:44,5.0,3.14 G
2019-06-23 02:17:46,4.0,3.14 G
2019-06-23 02:17:48,5.0,3.14 G
2019-06-23 02:17:50,4.0,3.14 G
2019-06-23 02:17:52,3.0,3.14 G
2019-06-23 02:17:54,3.0,3.14 G
2019-06-23 02:17:56,6.0,3.14 G
2019-06-23 02:17:58,4.0,3.14 G
2019-06-23 02:18:00,3.0,3.14 G
2019-06-23 02:18:02,2.0,3.14 G
2019-06-23 02:18:04,4.0,3.14 G
2019-06-23 02:18:06,2.0,3.14 G
2019-06-23 02:18:08,5.0,3.14 G
2019-06-23 02:18:10,4.0,3.14 G
2019-06-23 02:18:12,4.0,3.14 G
2019-06-23 02:18:14,5.0,3.14 G
2019-06-23 02:18:16,3.0,3.14 G
2019-06-23 02:18:18,3.0,3.14 G
2019-06-23 02:18:20,5.0,3.14 G
2019-06-23 02:18:22,6.0,3.14 G
2019-06-23 02:18:25,5.0,3.14 G
2019-06-23 02:18:27,2.0,3.14 G
2019-06-23 02:18:29,5.0,3.14 G
2019-06-23 02:18:31,3.0,3.14 G
2019-06-23 02:18:33,3.0,3.14 G
2019-06-23 02:18:35,2.0,3.14 G
2019-06-23 02:18:37,5.0,3.14 G
2019-06-23 02:18:39,3.0,3.14 G
2019-06-23 02:18:41,5.0,3.14 G
2019-06-23 02:18:43,6.0,3.14 G
2019-06-23 02:18:45,3.0,3.14 G
2019-06-23 02:18:47,4.0,3.14 G
2019-06-23 02:18:49,5.0,3.14 G
2019-06-23 02:18:51,5.0,3.14 G
2019-06-23 02:18:53,3.0,3.14 G
2019-06-23 02:18:55,2.0,3.14 G
2019-06-23 02:18:57,2.0,3.14 G
2019-06-23 02:18:59,2.0,3.14 G
2019-06-23 02:19:01,4.0,3.14 G
2019-06-23 02:19:03,4.0,3.14 G
2019-06-23 02:19:05,4.0,3.14 G
2019-06-23 02:19:07,4.0,3.14 G
2019-06-23 02:19:09,5.0,3.14 G
2019-06-23 02:19:11,4.0,3.14 G
2019-06-23 02:19:13,5.0,3.14 G
2019-06-23 02:19:15,4.0,3.14 G
2019-06-23 02:19:17,4.0,3.14 G
2019-06-23 02:19:19,5.0,3.14 G
2019-06-23 02:19:21,1.0,3.14 G
2019-06-23 02:19:23,5.0,3.14 G
2019-06-23 02:19:25,5.0,3.14 G
2019-06-23 02:19:27,5.0,3.14 G
2019-06-23 02:19:29,4.0,3.14 G
2019-06-23 02:19:31,4.0,3.14 G
2019-06-23 02:19:33,4.0,3.14 G
2019-06-23 02:19:35,5.0,3.14 G
2019-06-23 02:19:37,6.0,3.14 G
2019-06-23 02:19:39,4.0,3.14 G
2019-06-23 02:19:41,5.0,3.14 G
2019-06-23 02:19:43,4.0,3.14 G
2019-06-23 02:19:45,4.0,3.14 G
2019-06-23 02:19:47,3.0,3.14 G
2019-06-23 02:19:49,5.0,3.14 G
2019-06-23 02:19:51,4.0,3.14 G
2019-06-23 02:19:53,3.0,3.14 G
2019-06-23 02:19:55,5.0,3.14 G
2019-06-23 02:19:57,4.0,3.14 G
2019-06-23 02:19:59,5.0,3.14 G
2019-06-23 02:20:01,5.0,3.14 G
2019-06-23 02:20:03,4.0,3.14 G
2019-06-23 02:20:05,4.0,3.14 G
2019-06-23 02:20:07,4.0,3.14 G
2019-06-23 02:20:09,5.0,3.14 G
2019-06-23 02:20:11,3.0,3.14 G
2019-06-23 02:20:13,5.0,3.14 G
2019-06-23 02:20:15,2.0,3.14 G
2019-06-23 02:20:17,4.0,3.14 G
2019-06-23 02:20:19,4.0,3.14 G
2019-06-23 02:20:21,4.0,3.14 G
2019-06-23 02:20:23,5.0,3.14 G
2019-06-23 02:20:25,6.0,3.14 G
2019-06-23 02:20:27,4.0,3.14 G
2019-06-23 02:20:29,6.0,3.14 G
2019-06-23 02:20:31,5.0,3.14 G
2019-06-23 02:20:33,3.0,3.14 G
2019-06-23 02:20:35,4.0,3.14 G
2019-06-23 02:20:37,5.0,3.14 G
2019-06-23 02:20:39,2.0,3.14 G
2019-06-23 02:20:41,4.0,3.14 G
2019-06-23 02:20:43,4.0,3.14 G
2019-06-23 02:20:45,4.0,3.14 G
2019-06-23 02:20:47,4.0,3.14 G
2019-06-23 02:20:49,5.0,3.14 G
2019-06-23 02:20:51,4.0,3.14 G
2019-06-23 02:20:53,5.0,3.14 G
2019-06-23 02:20:55,4.0,3.14 G
2019-06-23 02:20:57,4.0,3.14 G
2019-06-23 02:20:59,4.0,3.14 G
2019-06-23 02:21:01,3.0,3.14 G
2019-06-23 02:21:03,3.0,3.14 G
2019-06-23 02:21:06,3.0,3.14 G
2019-06-23 02:21:08,2.0,3.14 G
2019-06-23 02:21:10,5.0,3.14 G
2019-06-23 02:21:12,5.0,3.14 G
2019-06-23 02:21:14,4.0,3.14 G
2019-06-23 02:21:16,4.0,3.14 G
2019-06-23 02:21:18,4.0,3.14 G
2019-06-23 02:21:20,5.0,3.14 G
2019-06-23 02:21:22,5.0,3.14 G
2019-06-23 02:21:24,3.0,3.14 G
2019-06-23 02:21:26,2.0,3.14 G
2019-06-23 02:21:28,3.0,3.14 G
2019-06-23 02:21:30,5.0,3.14 G
2019-06-23 02:21:32,4.0,3.14 G
2019-06-23 02:21:34,4.0,3.14 G
2019-06-23 02:21:36,4.0,3.14 G
2019-06-23 02:21:38,4.0,3.14 G
2019-06-23 02:21:40,4.0,3.14 G
2019-06-23 02:21:42,6.0,3.14 G
2019-06-23 02:21:44,4.0,3.14 G
2019-06-23 02:21:46,5.0,3.14 G
2019-06-23 02:21:48,4.0,3.14 G
2019-06-23 02:21:50,3.0,3.14 G
2019-06-23 02:21:52,3.0,3.14 G
2019-06-23 02:21:54,4.0,3.14 G
2019-06-23 02:21:56,5.0,3.14 G
2019-06-23 02:21:58,5.0,3.14 G
2019-06-23 02:22:00,5.0,3.14 G
2019-06-23 02:22:02,4.0,3.14 G
2019-06-23 02:22:04,6.0,3.14 G
2019-06-23 02:22:06,5.0,3.14 G
2019-06-23 02:22:08,5.0,3.14 G
2019-06-23 02:22:10,3.0,3.14 G
2019-06-23 02:22:12,5.0,3.14 G
2019-06-23 02:22:14,5.0,3.14 G
2019-06-23 02:22:16,5.0,3.14 G
2019-06-23 02:22:18,6.0,3.14 G
2019-06-23 02:22:20,3.0,3.14 G
2019-06-23 02:22:22,4.0,3.14 G
2019-06-23 02:22:24,6.0,3.14 G
2019-06-23 02:22:26,4.0,3.14 G
2019-06-23 02:22:28,3.0,3.14 G
2019-06-23 02:22:30,5.0,3.14 G
2019-06-23 02:22:32,6.0,3.14 G
2019-06-23 02:22:34,5.0,3.14 G
2019-06-23 02:22:36,5.0,3.14 G
2019-06-23 02:22:38,5.0,3.14 G
2019-06-23 02:22:40,5.0,3.14 G
2019-06-23 02:22:42,4.0,3.14 G
2019-06-23 02:22:44,5.0,3.14 G
2019-06-23 02:22:46,3.0,3.14 G
2019-06-23 02:22:48,4.0,3.14 G
2019-06-23 02:22:50,5.0,3.14 G
2019-06-23 02:22:52,3.0,3.14 G
2019-06-23 02:22:54,2.0,3.14 G
2019-06-23 02:22:56,5.0,3.14 G
2019-06-23 02:22:58,4.0,3.14 G
2019-06-23 02:23:00,4.0,3.14 G
2019-06-23 02:23:02,2.0,3.14 G
2019-06-23 02:23:04,2.0,3.14 G
2019-06-23 02:23:06,4.0,3.14 G
2019-06-23 02:23:08,3.0,3.14 G
2019-06-23 02:23:10,4.0,3.14 G
2019-06-23 02:23:12,2.0,3.14 G
2019-06-23 02:23:14,4.0,3.14 G
2019-06-23 02:23:16,3.0,3.14 G
2019-06-23 02:23:18,5.0,3.14 G
2019-06-23 02:23:20,3.0,3.14 G
2019-06-23 02:23:22,3.0,3.14 G
2019-06-23 02:23:24,4.0,3.14 G
2019-06-23 02:23:26,2.0,3.14 G
2019-06-23 02:23:28,4.0,3.14 G
2019-06-23 02:23:30,4.0,3.14 G
2019-06-23 02:23:32,5.0,3.14 G
2019-06-23 02:23:34,2.0,3.14 G
2019-06-23 02:23:36,3.0,3.14 G
2019-06-23 02:23:38,9.0,3.14 G
2019-06-23 02:23:40,83.9,3.43 G
2019-06-23 02:23:42,103.9,3.65 G
2019-06-23 02:23:44,102.9,3.71 G
2019-06-23 02:23:46,102.9,3.72 G
2019-06-23 02:23:48,102.9,3.73 G
2019-06-23 02:23:50,103.9,3.73 G
2019-06-23 02:23:52,104.9,3.73 G
2019-06-23 02:23:55,736.5,3.73 G
2019-06-23 02:23:57,762.2,3.73 G
2019-06-23 02:23:59,766.5,3.63 G
2019-06-23 02:24:01,760.3,3.59 G
2019-06-23 02:24:03,766.5,3.59 G
2019-06-23 02:24:05,767.6,3.59 G
2019-06-23 02:24:07,765.8,3.59 G
2019-06-23 02:24:09,761.6,3.59 G
2019-06-23 02:24:11,530.4,3.14 G
